1.00000E-05,54.7809
1.03125E-05,53.9480
1.06250E-05,53.1521
1.09375E-05,52.3906
1.12500E-05,51.6611
1.15625E-05,50.9614
1.18750E-05,50.2896
1.21875E-05,49.6438
1.25000E-05,49.0225
1.28125E-05,48.4240
1.31250E-05,47.8471
1.34375E-05,47.2905
1.37500E-05,46.7530
1.43750E-05,45.7312
1.50000E-05,44.7740
1.54625E-05,44.1035
1.59249E-05,43.4625
1.63874E-05,42.8488
1.68498E-05,42.2607
1.68750E-05,42.2294
1.69531E-05,42.1327
1.70313E-05,42.0366
1.71875E-05,41.8464
1.75000E-05,41.4737
1.81250E-05,40.7576
1.87500E-05,40.0776
1.93750E-05,39.4309
2.00000E-05,38.8148
2.08306E-05,38.0396
2.16611E-05,37.3095
2.24917E-05,36.6203
2.33222E-05,35.9684
2.41528E-05,35.3505
2.49833E-05,34.7638
2.58139E-05,34.2057
2.66444E-05,33.6740
2.75000E-05,33.1518
2.84375E-05,32.6070
2.93750E-05,32.0885
3.03125E-05,31.5944
3.12500E-05,31.1228
3.21875E-05,30.6720
3.31250E-05,30.2406
3.40625E-05,29.8272
3.50000E-05,29.4306
3.62500E-05,28.9260
3.75000E-05,28.4470
3.87500E-05,27.9915
4.00000E-05,27.5576
4.12500E-05,27.1437
4.25000E-05,26.7483
4.43750E-05,26.1870
4.62500E-05,25.6603
4.81250E-05,25.1650
5.00000E-05,24.6980
5.15625E-05,24.3285
5.31250E-05,23.9756
5.46875E-05,23.6380
5.62500E-05,23.3147
5.78125E-05,23.0047
5.93750E-05,22.7071
6.09375E-05,22.4211
6.25000E-05,22.1460
6.40625E-05,21.8811
6.56250E-05,21.6258
6.87500E-05,21.1418
7.18750E-05,20.6900
7.50000E-05,20.2670
7.75000E-05,19.9474
8.00000E-05,19.6431
8.37500E-05,19.2126
8.75000E-05,18.8104
9.06250E-05,18.4947
9.37500E-05,18.1951
9.68750E-05,17.9104
0.000100000,17.6392
0.000103125,17.3806
0.000106250,17.1337
0.000109375,16.8976
0.000112500,16.6715
0.000115625,16.4548
0.000118750,16.2468
0.000121875,16.0471
0.000125000,15.8549
0.000128125,15.6700
0.000131250,15.4918
0.000137500,15.1542
0.000143750,14.8392
0.000150000,14.5444
0.000154625,14.3382
0.000159249,14.1412
0.000163874,13.9527
0.000168498,13.7723
0.000168750,13.7627
0.000169531,13.7330
0.000170313,13.7035
0.000171875,13.6452
0.000175000,13.5310
0.000181250,13.3117
0.000187500,13.1038
0.000193750,12.9062
0.000200000,12.7182
0.000208306,12.4819
0.000216611,12.2597
0.000224917,12.0503
0.000233222,11.8525
0.000241528,11.6652
0.000249833,11.4877
0.000258139,11.3191
0.000266444,11.1587
0.000275000,11.0014
0.000284375,10.8376
0.000293750,10.6819
0.000303125,10.5338
0.000312500,10.3926
0.000321875,10.2579
0.000331250,10.1292
0.000340625,10.0061
0.000350000,9.88819
0.000362500,9.73844
0.000375000,9.59658
0.000387500,9.46197
0.000400000,9.33403
0.000412500,9.21224
0.000425000,9.09614
0.000443750,8.93177
0.000462500,8.77804
0.000481250,8.63390
0.000500000,8.49843
0.000515625,8.39158
0.000531250,8.28977
0.000546875,8.19264
0.000562500,8.09986
0.000578125,8.01113
0.000593750,7.92616
0.000609375,7.84473
0.000625000,7.76659
0.000656250,7.61941
0.000687500,7.48316
0.000718750,7.35662
0.000750000,7.23874
0.000775000,7.15007
0.000800000,7.06597
0.000837500,6.94762
0.000875000,6.83769
0.000906250,6.75187
0.000937500,6.67082
0.000968750,6.59415
0.00100000,6.52149
0.00103125,6.45254
0.00106250,6.38701
0.00109375,6.32464
0.00112500,6.26520
0.00115625,6.20849
0.00118750,6.15433
0.00125000,6.05294
0.00131250,5.95986
0.00137500,5.87408
0.00143750,5.79477
0.00150000,5.72121
0.00154624,5.67013
0.00159248,5.62165
0.00168495,5.53172
0.00168750,5.52936
0.00169531,5.52218
0.00170313,5.51506
0.00171875,5.50098
0.00175000,5.47349
0.00181250,5.42104
0.00187500,5.37169
0.00193750,5.32520
0.00200000,5.28130
0.00208305,5.22664
0.00216611,5.17577
0.00224916,5.12830
0.00233221,5.08392
0.00241526,5.04232
0.00249831,5.00326
0.00258137,4.96652
0.00266442,4.93188
0.00275000,4.89823
0.00284375,4.86352
0.00293750,4.83087
0.00312500,4.77110
0.00331250,4.71770
0.00350000,4.66972
0.00362500,4.64036
0.00375000,4.61287
0.00400000,4.56282
0.00425000,4.51845
0.00443750,4.48834
0.00462500,4.46060
0.00481250,4.43496
0.00500000,4.41120
0.00531250,4.37524
0.00562500,4.34320
0.00593750,4.31448
0.00625000,4.28859
0.00656250,4.26514
0.00687500,4.24380
0.00750000,4.20641
0.00800000,4.18068
0.00875000,4.14758
0.00937500,4.12403
0.0100000,4.10341
0.0106250,4.08522
0.0112500,4.06905
0.0125000,4.04155
0.0137500,4.01905
0.0150000,4.00030
0.0168495,3.97765
0.0168750,3.97738
0.0169531,3.97653
0.0170313,3.97569
0.0171875,3.97404
0.0175000,3.97083
0.0187500,3.95904
0.0200000,3.94872
0.0226500,3.93062
0.0253000,3.91631
0.0280016,3.90451
0.0307031,3.89478
0.0334047,3.88663
0.0361063,3.87970
0.0395797,3.87218
0.0430531,3.86587
0.0465266,3.86050
0.0500000,3.85588
0.0506000,3.85514
0.0527899,3.85260
0.0549798,3.85027
0.0593595,3.84611
0.0593750,3.84610
0.0594238,3.84606
0.0594727,3.84602
0.0595703,3.84593
0.0597656,3.84576
0.0601563,3.84542
0.0609375,3.84476
0.0625000,3.84349
0.0687500,3.83899
0.0750000,3.83524
0.0843750,3.83065
0.0844963,3.83060
0.0848718,3.83044
0.0852472,3.83027
0.0859982,3.82996
0.0875000,3.82934
0.0906250,3.82812
0.0937500,3.82698
0.100000,3.82492
0.112500,3.82147
0.125000,3.81872
0.137500,3.81647
0.150000,3.81459
0.168495,3.81232
0.168750,3.81230
0.169531,3.81221
0.170313,3.81213
0.171875,3.81196
0.175000,3.81164
0.187500,3.81046
0.200000,3.80943
0.216610,3.80824
0.233221,3.80722
0.266441,3.80557
0.275000,3.80520
0.293750,3.80448
0.312500,3.80385
0.350000,3.80279
0.400000,3.80168
0.425000,3.80122
0.500000,3.80013
0.625000,3.79889
0.750000,3.79806
0.800000,3.79780
0.875000,3.79747
1.00000,3.79702
1.25000,3.79640
1.50000,3.79599
1.68495,3.79576
1.68750,3.79575
1.75000,3.79569
2.00000,3.79547
2.66441,3.79508
2.75000,3.79504
2.93750,3.79497
3.12500,3.79490
3.50000,3.79480
4.00000,3.79468
4.25000,3.79464
5.00000,3.79452
6.25000,3.79440
7.50000,3.79431
8.00000,3.79428
8.75000,3.79425
10.0000,3.79420
12.5000,3.79413
15.0000,3.79408
16.8495,3.79406
16.8750,3.79406
17.5000,3.79405
20.0000,3.79402
27.5000,3.79396
35.0000,3.79392
40.0000,3.79390
42.5000,3.79389
50.0000,3.79386
62.5000,3.79382
75.0000,3.79378
87.5000,3.79375
100.000,3.79372
125.000,3.79365
150.000,3.79359
175.000,3.79353
200.000,3.79348
275.000,3.79330
300.000,3.79325
350.000,3.79313
425.000,3.79296
500.000,3.79280
625.000,3.79252
700.000,3.79235
750.000,3.79224
875.000,3.79196
900.000,3.79190
1000.00,3.79168
1100.00,3.79145
1250.00,3.79112
1500.00,3.79056
1750.00,3.79000
2000.00,3.78945
2750.00,3.78778
3500.00,3.78611
4000.00,3.78499
4250.00,3.78443
5000.00,3.78276
6250.00,3.77999
7500.00,3.77722
8750.00,3.77445
10000.0,3.77168
12500.0,3.76620
15000.0,3.76071
17500.0,3.75522
20000.0,3.74973
22500.0,3.74431
25000.0,3.73889
27500.0,3.73347
30000.0,3.72805
32500.0,3.72270
35000.0,3.71735
37500.0,3.71200
40000.0,3.70666
42500.0,3.70138
45000.0,3.69611
47500.0,3.69083
50000.0,3.68556
52500.0,3.68036
55000.0,3.67516
57500.0,3.66996
60000.0,3.66476
62500.0,3.65964
65000.0,3.65452
67500.0,3.64940
70000.0,3.64428
75000.0,3.63421
80000.0,3.62414
85000.0,3.61424
90000.0,3.60434
95000.0,3.59463
100000,3.58492
105000,3.57551
110000,3.56610
115000,3.55669
120000,3.54728
125000,3.53833
130000,3.52938
135000,3.52043
140000,3.51148
150000,3.49468
160000,3.47788
170000,3.46246
180000,3.44703
190000,3.43337
200000,3.41970
210000,3.40840
220000,3.39709
230000,3.38908
240000,3.38107
250000,3.37785
260000,3.37465
270000,3.37879
280000,3.38296
300000,3.41526
320000,3.48934
340000,3.64287
360000,3.96539
370000,4.33490
380000,4.70521
390000,5.43820
395000,5.97659
400000,6.68602
405000,7.62607
410000,8.86701
415000,10.4671
420000,12.4048
425000,14.4460
430000,16.0355
434000,16.5211
435000,16.5035
440000,15.6392
445000,13.9145
450000,11.9801
455000,10.2380
460000,8.81662
465000,7.70373
470000,6.84291
475000,6.17560
480000,5.65390
490000,5.03527
500000,4.41783
520000,3.83132
540000,3.50363
550000,3.40019
560000,3.29691
580000,3.15416
600000,3.04864
620000,2.96654
640000,2.90024
650000,2.87278
660000,2.84534
680000,2.79927
700000,2.76060
720000,2.72869
740000,2.70359
750000,2.69479
760000,2.68601
780000,2.67750
800000,2.68077
810000,2.68815
820000,2.70038
830000,2.71851
840000,2.74392
850000,2.77842
860000,2.82441
870000,2.88510
880000,2.96484
890000,3.06956
900000,3.20741
910000,3.38958
920000,3.63138
930000,3.95314
940000,4.38022
950000,4.93941
960000,5.64608
970000,6.47389
980000,7.30894
990000,7.93379
1.00000E+06,8.12586
1.01000E+06,7.83457
1.02000E+06,7.21467
1.03000E+06,6.48392
1.04000E+06,5.78962
1.05000E+06,5.19310
1.06000E+06,4.70361
1.07000E+06,4.30897
1.08000E+06,3.99170
1.09000E+06,3.73543
1.10000E+06,3.52668
1.11000E+06,3.35500
1.12000E+06,3.21243
1.13000E+06,3.09296
1.14000E+06,2.99211
1.15000E+06,2.90654
1.16000E+06,2.83378
1.17000E+06,2.77209
1.18000E+06,2.72035
1.19000E+06,2.67799
1.20000E+06,2.64509
1.21000E+06,2.62248
1.22000E+06,2.61210
1.23000E+06,2.61759
1.24000E+06,2.64555
1.25000E+06,2.70797
1.25500E+06,2.75852
1.26000E+06,2.82747
1.26500E+06,2.92112
1.27000E+06,3.04843
1.27500E+06,3.22219
1.28000E+06,3.46039
1.28500E+06,3.78718
1.29000E+06,4.23106
1.29500E+06,4.81339
1.30000E+06,5.51451
1.30500E+06,6.21307
1.30700E+06,6.43886
1.30900E+06,6.60666
1.31000E+06,6.65416
1.31100E+06,6.70165
1.31300E+06,6.71572
1.31500E+06,6.64933
1.31700E+06,6.51114
1.31900E+06,6.31579
1.32000E+06,6.19819
1.32100E+06,6.08058
1.32500E+06,5.55595
1.33000E+06,4.91759
1.33500E+06,4.37794
1.34000E+06,3.95044
1.34500E+06,3.61901
1.35000E+06,3.36223
1.36000E+06,3.00229
1.37000E+06,2.76966
1.38000E+06,2.61015
1.39000E+06,2.49477
1.40000E+06,2.40740
1.41000E+06,2.33864
1.42000E+06,2.28271
1.43000E+06,2.23596
1.44000E+06,2.19595
1.45000E+06,2.16103
1.46000E+06,2.13004
1.47000E+06,2.10215
1.48000E+06,2.07674
1.49000E+06,2.05335
1.50000E+06,2.03164
1.51000E+06,2.01133
1.52000E+06,1.99223
1.53000E+06,1.97416
1.54000E+06,1.95702
1.55000E+06,1.94071
1.56000E+06,1.92520
1.57000E+06,1.91048
1.58000E+06,1.89664
1.59000E+06,1.88391
1.60000E+06,1.87283
1.60200E+06,1.87091
1.60400E+06,1.86912
1.60600E+06,1.86749
1.60800E+06,1.86603
1.61000E+06,1.86479
1.61200E+06,1.86381
1.61400E+06,1.86314
1.61600E+06,1.86286
1.61800E+06,1.86306
1.62000E+06,1.86386
1.62200E+06,1.86545
1.62400E+06,1.86805
1.62600E+06,1.87201
1.62800E+06,1.87783
1.63000E+06,1.88626
1.63200E+06,1.89845
1.63400E+06,1.91631
1.63600E+06,1.94307
1.63800E+06,1.98464
1.64000E+06,2.05273
1.64100E+06,2.10373
1.64200E+06,2.17300
1.64300E+06,2.26986
1.64400E+06,2.41017
1.64500E+06,2.62237
1.64600E+06,2.96024
1.64650E+06,3.20636
1.64700E+06,3.53050
1.64750E+06,3.96276
1.64800E+06,4.54285
1.64850E+06,5.31507
1.64900E+06,6.30302
1.64950E+06,7.44046
1.65000E+06,8.46269
1.65050E+06,8.92145
1.65100E+06,8.54628
1.65150E+06,7.56449
1.65200E+06,6.42678
1.65250E+06,5.42059
1.65300E+06,4.62731
1.65350E+06,4.02879
1.65400E+06,3.58177
1.65500E+06,2.99095
1.65600E+06,2.63979
1.65700E+06,2.41833
1.65800E+06,2.27096
1.65900E+06,2.16838
1.66000E+06,2.09421
1.66100E+06,2.03886
1.66200E+06,1.99641
1.66300E+06,1.96309
1.66400E+06,1.93640
1.66500E+06,1.91464
1.66600E+06,1.89662
1.66700E+06,1.88148
1.66800E+06,1.86861
1.66900E+06,1.85752
1.67000E+06,1.84789
1.67100E+06,1.83943
1.67200E+06,1.83194
1.67300E+06,1.82525
1.67400E+06,1.81924
1.67500E+06,1.81379
1.67600E+06,1.80883
1.67700E+06,1.80429
1.67800E+06,1.80010
1.67900E+06,1.79624
1.68000E+06,1.79266
1.68100E+06,1.78935
1.68200E+06,1.78630
1.68300E+06,1.78352
1.68400E+06,1.78105
1.68500E+06,1.77906
1.68600E+06,1.77794
1.68700E+06,1.77924
1.68800E+06,1.79197
1.68880E+06,2.02741
1.68890E+06,2.06834
1.68900E+06,2.14722
1.68902E+06,2.24908
1.68904E+06,2.35757
1.68906E+06,2.47436
1.68908E+06,2.60167
1.68910E+06,2.74248
1.68912E+06,2.77875
1.68914E+06,2.83808
1.68916E+06,2.92812
1.68918E+06,3.05955
1.68920E+06,3.24715
1.68922E+06,3.54896
1.68924E+06,3.95238
1.68926E+06,4.48394
1.68928E+06,5.15495
1.68930E+06,5.92042
1.68932E+06,6.63277
1.68934E+06,7.00241
1.68936E+06,6.83183
1.68938E+06,6.21245
1.68940E+06,5.42138
1.68942E+06,4.68013
1.68944E+06,4.07129
1.68946E+06,3.59950
1.68948E+06,3.24105
1.68950E+06,2.96889
1.68952E+06,2.76053
1.68954E+06,2.59906
1.68956E+06,2.47224
1.68958E+06,2.37127
1.68960E+06,2.28983
1.69000E+06,1.84996
1.69100E+06,1.80694
1.69200E+06,1.76494
1.69400E+06,1.75740
1.69600E+06,1.75269
1.69800E+06,1.74865
1.70000E+06,1.74491
1.70200E+06,1.74136
1.70400E+06,1.73793
1.70600E+06,1.73461
1.70800E+06,1.73136
1.71000E+06,1.72818
1.71200E+06,1.72506
1.71400E+06,1.72198
1.71600E+06,1.71894
1.71800E+06,1.71594
1.72000E+06,1.71296
1.72200E+06,1.71001
1.72400E+06,1.70708
1.72600E+06,1.70416
1.72800E+06,1.70125
1.73000E+06,1.69836
1.73200E+06,1.69546
1.73400E+06,1.69257
1.73600E+06,1.68969
1.73800E+06,1.68679
1.74000E+06,1.68390
1.74200E+06,1.68100
1.74400E+06,1.67808
1.74600E+06,1.67516
1.74800E+06,1.67222
1.75000E+06,1.66927
1.75200E+06,1.66629
1.75400E+06,1.66330
1.75600E+06,1.66027
1.75800E+06,1.65723
1.76000E+06,1.65415
1.76200E+06,1.65103
1.76400E+06,1.64788
1.76600E+06,1.64469
1.76800E+06,1.64146
1.77000E+06,1.63817
1.77200E+06,1.63484
1.77400E+06,1.63144
1.77600E+06,1.62798
1.77800E+06,1.62445
1.78000E+06,1.62084
1.78200E+06,1.61716
1.78400E+06,1.61338
1.78600E+06,1.60951
1.78800E+06,1.60554
1.79000E+06,1.60145
1.79200E+06,1.59725
1.79400E+06,1.59293
1.79600E+06,1.58849
1.79800E+06,1.58393
1.80000E+06,1.57925
1.80200E+06,1.57448
1.80400E+06,1.56966
1.80600E+06,1.56486
1.80800E+06,1.56022
1.81000E+06,1.55594
1.81200E+06,1.55242
1.81400E+06,1.55033
1.81600E+06,1.55089
1.81800E+06,1.55635
1.82000E+06,1.57114
1.82200E+06,1.60437
1.82300E+06,1.63341
1.82400E+06,1.67613
1.82500E+06,1.73943
1.82600E+06,1.83430
1.82700E+06,1.97828
1.82800E+06,2.19883
1.82900E+06,2.53563
1.83000E+06,3.03185
1.83100E+06,3.68747
1.83200E+06,4.35728
1.83300E+06,4.73834
1.83330E+06,4.76162
1.83400E+06,4.66244
1.83500E+06,4.28604
1.83600E+06,3.84259
1.83700E+06,3.45150
1.83800E+06,3.13982
1.83900E+06,2.89913
1.84000E+06,2.71377
1.84100E+06,2.56974
1.84200E+06,2.45634
1.84300E+06,2.36578
1.84400E+06,2.29248
1.84500E+06,2.23240
1.84600E+06,2.18261
1.84700E+06,2.14095
1.84800E+06,2.10581
1.84900E+06,2.07597
1.85000E+06,2.05049
1.85100E+06,2.02865
1.85200E+06,2.00989
1.85300E+06,1.99375
1.85400E+06,1.97988
1.85500E+06,1.96800
1.85600E+06,1.95787
1.85700E+06,1.94932
1.85800E+06,1.94220
1.85900E+06,1.93638
1.86000E+06,1.93178
1.86100E+06,1.92832
1.86200E+06,1.92594
1.86300E+06,1.92461
1.86400E+06,1.92429
1.86600E+06,1.92664
1.86800E+06,1.93300
1.87000E+06,1.94354
1.87200E+06,1.95857
1.87400E+06,1.97856
1.87600E+06,2.00415
1.87800E+06,2.03616
1.88000E+06,2.07559
1.88200E+06,2.12366
1.88400E+06,2.18174
1.88500E+06,2.21652
1.88600E+06,2.25130
1.88800E+06,2.33373
1.89000E+06,2.43003
1.89200E+06,2.54022
1.89400E+06,2.66250
1.89600E+06,2.79223
1.89800E+06,2.92089
1.90000E+06,3.03611
1.90200E+06,3.12330
1.90400E+06,3.16945
1.90600E+06,3.16759
1.90800E+06,3.11945
1.91000E+06,3.03438
1.91200E+06,2.92559
1.91400E+06,2.80600
1.91600E+06,2.68570
1.91800E+06,2.57127
1.92000E+06,2.46622
1.92200E+06,2.37193
1.92400E+06,2.28843
1.92600E+06,2.21503
1.92800E+06,2.15071
1.93000E+06,2.09438
1.93200E+06,2.04497
1.93400E+06,2.00153
1.93600E+06,1.96319
1.93800E+06,1.92922
1.94000E+06,1.89899
1.94200E+06,1.87198
1.94400E+06,1.84773
1.94600E+06,1.82586
1.95000E+06,1.78805
1.95500E+06,1.74945
1.96000E+06,1.71794
1.96500E+06,1.69165
1.97000E+06,1.66928
1.97500E+06,1.64990
1.98000E+06,1.63285
1.98500E+06,1.61762
1.99000E+06,1.60386
1.99500E+06,1.59127
2.00000E+06,1.57964
2.02000E+06,1.53980
2.04000E+06,1.50629
2.06000E+06,1.47584
2.08000E+06,1.44657
2.10000E+06,1.41719
2.12000E+06,1.38653
2.14000E+06,1.35334
2.16000E+06,1.31609
2.18000E+06,1.27262
2.20000E+06,1.21983
2.21000E+06,1.18856
2.22000E+06,1.15305
2.23000E+06,1.11231
2.24000E+06,1.06516
2.25000E+06,1.01019
2.26000E+06,0.945758
2.27000E+06,0.870095
2.28000E+06,0.781578
2.29000E+06,0.679280
2.30000E+06,0.563998
2.31000E+06,0.439812
2.32000E+06,0.315828
2.33000E+06,0.206851
2.33500E+06,0.163668
2.34000E+06,0.130964
2.34500E+06,0.110442
2.35000E+06,0.103110
2.35500E+06,0.109128
2.36000E+06,0.127786
2.36500E+06,0.157627
2.37000E+06,0.196665
2.38000E+06,0.293315
2.39000E+06,0.400687
2.40000E+06,0.506066
2.41000E+06,0.602185
2.42000E+06,0.686063
2.43000E+06,0.757351
2.44000E+06,0.817023
2.45000E+06,0.866565
2.46000E+06,0.907533
2.47000E+06,0.941364
2.48000E+06,0.969301
2.49000E+06,0.992385
2.50000E+06,1.01147
2.51000E+06,1.02726
2.52000E+06,1.04032
2.53000E+06,1.05112
2.54000E+06,1.06002
2.55000E+06,1.06735
2.56000E+06,1.07335
2.57000E+06,1.07824
2.58000E+06,1.08218
2.59000E+06,1.08533
2.60000E+06,1.08781
2.62000E+06,1.09115
2.64000E+06,1.09287
2.66000E+06,1.09346
2.68000E+06,1.09332
2.70000E+06,1.09276
2.72000E+06,1.09204
2.74000E+06,1.09140
2.76000E+06,1.09106
2.78000E+06,1.09128
2.80000E+06,1.09230
2.82000E+06,1.09448
2.84000E+06,1.09838
2.86000E+06,1.10541
2.88000E+06,1.12697
2.88100E+06,1.13016
2.88200E+06,1.13417
2.88300E+06,1.13942
2.88400E+06,1.14665
2.88500E+06,1.15737
2.88600E+06,1.17508
2.88700E+06,1.21030
2.88800E+06,1.31364
2.88880E+06,1.85084
2.88885E+06,1.96387
2.88890E+06,2.10530
2.88895E+06,2.28130
2.88900E+06,2.49372
2.88905E+06,2.72832
2.88910E+06,2.93171
2.88915E+06,2.99512
2.88920E+06,2.81435
2.88925E+06,2.42504
2.88930E+06,1.99132
2.88935E+06,1.63762
2.88940E+06,1.39080
2.88945E+06,1.22998
2.88950E+06,1.12779
2.88955E+06,1.06330
2.88960E+06,1.02272
2.89000E+06,0.967855
2.89200E+06,1.04695
2.89400E+06,1.07172
2.89600E+06,1.08334
2.89800E+06,1.09034
2.90000E+06,1.09519
2.90500E+06,1.10324
2.91000E+06,1.10887
2.91500E+06,1.11359
2.92000E+06,1.11795
2.92500E+06,1.12219
2.93000E+06,1.12647
2.93500E+06,1.13085
2.94000E+06,1.13540
2.94500E+06,1.14018
2.95000E+06,1.14520
2.95500E+06,1.15053
2.96000E+06,1.15618
2.96500E+06,1.16221
2.97000E+06,1.16867
2.97500E+06,1.17563
2.98000E+06,1.18319
2.98500E+06,1.19153
2.99000E+06,1.20102
2.99500E+06,1.21259
3.00000E+06,1.22983
3.00100E+06,1.23512
3.00200E+06,1.24188
3.00300E+06,1.25123
3.00400E+06,1.26581
3.00500E+06,1.29364
3.00600E+06,1.37480
3.00650E+06,1.52542
3.00660E+06,1.59205
3.00670E+06,1.68946
3.00680E+06,1.84030
3.00690E+06,2.08815
3.00700E+06,2.50079
3.00710E+06,3.01152
3.00720E+06,2.85739
3.00730E+06,2.01179
3.00740E+06,1.49262
3.00750E+06,1.27856
3.00800E+06,1.13510
3.01000E+06,1.18475
3.02000E+06,1.23806
3.03000E+06,1.26617
3.04000E+06,1.29443
3.05000E+06,1.32511
3.06000E+06,1.35907
3.07000E+06,1.39689
3.08000E+06,1.43908
3.09000E+06,1.48618
3.10000E+06,1.53867
3.11000E+06,1.59705
3.12000E+06,1.66180
3.13000E+06,1.73332
3.14000E+06,1.81192
3.15000E+06,1.89779
3.16000E+06,1.99089
3.17000E+06,2.09102
3.18000E+06,2.19782
3.19000E+06,2.31155
3.20000E+06,2.43915
3.20100E+06,2.45425
3.20200E+06,2.47045
3.20300E+06,2.48825
3.20400E+06,2.50846
3.20500E+06,2.53253
3.20600E+06,2.56314
3.20700E+06,2.60588
3.20800E+06,2.67378
3.20900E+06,2.80298
3.20950E+06,2.92146
3.21000E+06,3.11983
3.21050E+06,3.47935
3.21100E+06,4.14860
3.21150E+06,5.07795
3.21200E+06,5.10659
3.21250E+06,4.15709
3.21300E+06,3.46344
3.21350E+06,3.10546
3.21400E+06,2.91944
3.21500E+06,2.75575
3.21600E+06,2.69510
3.21800E+06,2.66229
3.22000E+06,2.66484
3.23000E+06,2.75469
3.24000E+06,2.85529
3.25000E+06,2.94849
3.26000E+06,3.03088
3.27000E+06,3.10071
3.28000E+06,3.15712
3.29000E+06,3.20003
3.30000E+06,3.23004
3.31000E+06,3.24828
3.32000E+06,3.25627
3.33000E+06,3.25573
3.34000E+06,3.24844
3.35000E+06,3.23611
3.36000E+06,3.22030
3.37000E+06,3.20237
3.38000E+06,3.18347
3.39000E+06,3.16451
3.40000E+06,3.14621
3.41000E+06,3.12904
3.42000E+06,3.11332
3.43000E+06,3.10001
3.43200E+06,3.09848
3.43400E+06,3.09884
3.43600E+06,3.10694
3.43800E+06,3.25237
3.43820E+06,3.35605
3.43840E+06,3.57964
3.43860E+06,4.11609
3.43880E+06,5.22861
3.43900E+06,5.68984
3.43920E+06,4.86994
3.43940E+06,4.27871
3.43960E+06,3.99822
3.43980E+06,3.87750
3.44000E+06,3.84540
3.44050E+06,4.03040
3.44100E+06,4.68925
3.44150E+06,5.69718
3.44200E+06,5.08873
3.44250E+06,4.08439
3.44300E+06,3.62366
3.44350E+06,3.41643
3.44400E+06,3.31055
3.44450E+06,3.24992
3.44500E+06,3.21201
3.44600E+06,3.16874
3.44700E+06,3.14553
3.44800E+06,3.13134
3.44900E+06,3.12184
3.45000E+06,3.11503
3.46000E+06,3.08955
3.48000E+06,3.07755
3.50000E+06,3.07716
3.52000E+06,3.08301
3.54000E+06,3.09229
3.56000E+06,3.10228
3.58000E+06,3.11030
3.60000E+06,3.11380
3.62000E+06,3.11066
3.63000E+06,3.10612
3.63200E+06,3.10497
3.63400E+06,3.10373
3.63600E+06,3.10243
3.63800E+06,3.10111
3.64000E+06,3.10005
3.64050E+06,3.10008
3.64100E+06,3.10077
3.64150E+06,3.10466
3.64200E+06,3.16580
3.64250E+06,3.11806
3.64300E+06,3.10094
3.64400E+06,3.09703
3.64600E+06,3.09463
3.64800E+06,3.09268
3.65000E+06,3.09073
3.66000E+06,3.07996
3.68000E+06,3.05412
3.70000E+06,3.02870
3.71000E+06,3.02177
3.72000E+06,3.02654
3.73000E+06,3.05877
3.74000E+06,3.16243
3.74900E+06,3.43861
3.75100E+06,3.55467
3.75300E+06,3.70582
3.75500E+06,3.90337
3.75700E+06,4.16049
3.75900E+06,4.48861
3.76100E+06,4.88670
3.76300E+06,5.31931
3.76500E+06,5.69184
3.76700E+06,5.86614
3.76900E+06,5.75565
3.77100E+06,5.41068
3.77300E+06,4.96702
3.77500E+06,4.53722
3.77700E+06,4.17216
3.77900E+06,3.88008
3.78100E+06,3.65159
3.78300E+06,3.47337
3.78500E+06,3.33338
3.78700E+06,3.22209
3.78900E+06,3.13239
3.79100E+06,3.05900
3.79300E+06,2.99809
3.79500E+06,2.94681
3.79700E+06,2.90305
3.79900E+06,2.86525
3.81000E+06,2.72204
3.82000E+06,2.64018
3.83000E+06,2.57863
3.84000E+06,2.52814
3.85000E+06,2.48469
3.86000E+06,2.44632
3.87000E+06,2.41208
3.88000E+06,2.38145
3.89000E+06,2.35414
3.90000E+06,2.32996
3.91000E+06,2.30876
3.92000E+06,2.29034
3.93000E+06,2.27440
3.94000E+06,2.26052
3.95000E+06,2.24802
3.96000E+06,2.23588
3.97000E+06,2.22249
3.98000E+06,2.20537
3.99000E+06,2.18054
4.00000E+06,2.14171
4.01000E+06,2.07924
4.02000E+06,1.98054
4.03000E+06,1.83579
4.04000E+06,1.65374
4.05000E+06,1.47413
4.06000E+06,1.34305
4.07000E+06,1.27152
4.08000E+06,1.23906
4.09000E+06,1.22320
4.10000E+06,1.21333
4.11000E+06,1.21093
4.12000E+06,1.22830
4.13000E+06,1.28880
4.14000E+06,1.42346
4.15000E+06,1.64972
4.16000E+06,1.92816
4.17000E+06,2.15753
4.18000E+06,2.26137
4.19000E+06,2.24669
4.20000E+06,2.16146
4.21000E+06,2.04595
4.22000E+06,1.92231
4.23000E+06,1.80055
4.24000E+06,1.68526
4.25000E+06,1.58030
4.26000E+06,1.49320
4.27000E+06,1.44262
4.27500E+06,1.44351
4.28000E+06,1.47408
4.28500E+06,1.54833
4.29000E+06,1.68268
4.29500E+06,1.88882
4.30000E+06,2.15966
4.30500E+06,2.45889
4.31000E+06,2.73258
4.31500E+06,2.93709
4.32000E+06,3.05550
4.32500E+06,3.09434
4.33000E+06,3.07238
4.33500E+06,3.01071
4.34000E+06,2.92704
4.34500E+06,2.83398
4.35000E+06,2.73947
4.36000E+06,2.56192
4.37000E+06,2.40863
4.38000E+06,2.27993
4.39000E+06,2.17248
4.40000E+06,2.08278
4.40500E+06,2.04373
4.41000E+06,2.00823
4.41500E+06,1.97617
4.42000E+06,1.94754
4.42500E+06,1.92248
4.43000E+06,1.90134
4.43500E+06,1.88473
4.44000E+06,1.87366
4.44500E+06,1.86941
4.45000E+06,1.87185
4.45100E+06,1.87256
4.45200E+06,1.87293
4.45300E+06,1.87256
4.45400E+06,1.87091
4.45500E+06,1.86713
4.45600E+06,1.86007
4.45700E+06,1.84811
4.45800E+06,1.82923
4.45900E+06,1.80108
4.46000E+06,1.76150
4.46100E+06,1.70946
4.46200E+06,1.64627
4.46300E+06,1.57642
4.46400E+06,1.50701
4.46500E+06,1.44541
4.46600E+06,1.39674
4.46700E+06,1.36256
4.46800E+06,1.34156
4.46900E+06,1.33095
4.47000E+06,1.32772
4.47100E+06,1.32928
4.47200E+06,1.33370
4.47300E+06,1.33963
4.47400E+06,1.34618
4.47500E+06,1.35280
4.47600E+06,1.35915
4.47700E+06,1.36503
4.47800E+06,1.37037
4.47900E+06,1.37511
4.48000E+06,1.37926
4.48100E+06,1.38284
4.48200E+06,1.38586
4.48300E+06,1.38838
4.48400E+06,1.39042
4.48500E+06,1.39202
4.48600E+06,1.39321
4.48700E+06,1.39403
4.48800E+06,1.39451
4.48900E+06,1.39466
4.49000E+06,1.39453
4.49500E+06,1.39015
4.50000E+06,1.38094
4.50500E+06,1.36825
4.51000E+06,1.35391
4.51500E+06,1.34514
4.51600E+06,1.34636
4.51700E+06,1.34998
4.51800E+06,1.35735
4.51900E+06,1.37068
4.52000E+06,1.39371
4.52100E+06,1.43298
4.52200E+06,1.50016
4.52300E+06,1.61621
4.52400E+06,1.81682
4.52500E+06,2.14810
4.52600E+06,2.60584
4.52700E+06,2.99175
4.52800E+06,3.02837
4.52900E+06,2.78270
4.53000E+06,2.48789
4.53100E+06,2.24717
4.53200E+06,2.06948
4.53300E+06,1.94016
4.53400E+06,1.84465
4.53500E+06,1.77246
4.53600E+06,1.71653
4.53700E+06,1.67220
4.53800E+06,1.63631
4.53900E+06,1.60671
4.54000E+06,1.58187
4.54100E+06,1.56073
4.54200E+06,1.54250
4.54300E+06,1.52658
4.54400E+06,1.51253
4.54500E+06,1.50003
4.54600E+06,1.48879
4.54700E+06,1.47862
4.54800E+06,1.46935
4.54900E+06,1.46085
4.55000E+06,1.45300
4.55500E+06,1.42101
4.56000E+06,1.39692
4.56500E+06,1.37771
4.57000E+06,1.36210
4.57500E+06,1.34998
4.58000E+06,1.34284
4.58500E+06,1.34761
4.58600E+06,1.35194
4.58700E+06,1.35851
4.58800E+06,1.36839
4.58900E+06,1.38336
4.59000E+06,1.40679
4.59100E+06,1.44568
4.59200E+06,1.51820
4.59300E+06,1.68966
4.59310E+06,1.71975
4.59320E+06,1.75404
4.59330E+06,1.79336
4.59340E+06,1.83873
4.59350E+06,1.89141
4.59360E+06,1.95298
4.59370E+06,2.02540
4.59380E+06,2.11104
4.59390E+06,2.21281
4.59400E+06,2.33406
4.59410E+06,2.47848
4.59420E+06,2.64956
4.59430E+06,2.84954
4.59440E+06,3.07723
4.59450E+06,3.32466
4.59460E+06,3.57299
4.59470E+06,3.79023
4.59480E+06,3.93571
4.59490E+06,3.97446
4.59500E+06,3.89520
4.59510E+06,3.71725
4.59520E+06,3.47957
4.59530E+06,3.22215
4.59540E+06,2.97391
4.59550E+06,2.75039
4.59560E+06,2.55705
4.59570E+06,2.39350
4.59580E+06,2.25665
4.59590E+06,2.14256
4.59600E+06,2.04736
4.59610E+06,1.96764
4.59620E+06,1.90052
4.59630E+06,1.84366
4.59640E+06,1.79516
4.59650E+06,1.75349
4.59660E+06,1.71745
4.59670E+06,1.68605
4.59680E+06,1.65852
4.59690E+06,1.63421
4.59700E+06,1.61261
4.59800E+06,1.48195
4.60000E+06,1.38109
4.60200E+06,1.33823
4.60400E+06,1.31581
4.60600E+06,1.30291
4.60800E+06,1.29525
4.61000E+06,1.29108
4.61200E+06,1.28975
4.61400E+06,1.29129
4.61600E+06,1.29630
4.61800E+06,1.30612
4.62000E+06,1.32330
4.62200E+06,1.35276
4.62400E+06,1.40436
4.62600E+06,1.49858
4.62650E+06,1.53292
4.62700E+06,1.57310
4.62750E+06,1.61990
4.62800E+06,1.67391
4.62850E+06,1.73523
4.62900E+06,1.80295
4.62950E+06,1.87443
4.63000E+06,1.94459
4.63050E+06,2.00554
4.63100E+06,2.04757
4.63150E+06,2.06179
4.63200E+06,2.04378
4.63250E+06,1.99586
4.63300E+06,1.92619
4.63350E+06,1.84523
4.63400E+06,1.76231
4.63450E+06,1.68380
4.63500E+06,1.61310
4.63550E+06,1.55138
4.63600E+06,1.49847
4.63650E+06,1.45356
4.63700E+06,1.41558
4.63750E+06,1.38347
4.63800E+06,1.35626
4.64000E+06,1.28163
4.64500E+06,1.20273
4.65000E+06,1.17093
4.65500E+06,1.15201
4.66000E+06,1.13781
4.67000E+06,1.11460
4.68000E+06,1.09400
4.69000E+06,1.07439
4.70000E+06,1.05532
4.71000E+06,1.03666
4.72000E+06,1.01851
4.73000E+06,1.00113
4.74000E+06,0.985068
4.75000E+06,0.971361
4.76000E+06,0.961956
4.77000E+06,0.960538
4.77500E+06,0.964839
4.78000E+06,0.974226
4.78500E+06,0.990667
4.79000E+06,1.01689
4.79500E+06,1.05661
4.80000E+06,1.11460
4.80500E+06,1.19654
4.81000E+06,1.30771
4.81500E+06,1.45003
4.82000E+06,1.61680
4.82500E+06,1.78772
4.83000E+06,1.93108
4.83500E+06,2.01762
4.84000E+06,2.03690
4.84500E+06,2.00000
4.85000E+06,1.92813
4.85500E+06,1.84090
4.86000E+06,1.75142
4.86500E+06,1.66664
4.87000E+06,1.58951
4.87500E+06,1.52068
4.88000E+06,1.45975
4.88500E+06,1.40589
4.89000E+06,1.35817
4.89500E+06,1.31569
4.90000E+06,1.27768
4.90500E+06,1.24345
4.91000E+06,1.21246
4.91500E+06,1.18423
4.92000E+06,1.15840
4.92500E+06,1.13465
4.93000E+06,1.11275
4.93500E+06,1.09252
4.94000E+06,1.07380
4.94500E+06,1.05652
4.95000E+06,1.04063
4.96000E+06,1.01301
4.97000E+06,0.991471
4.98000E+06,0.977394
4.99000E+06,0.973265
5.00000E+06,0.982947
5.01000E+06,1.01178
5.02000E+06,1.06600
5.03000E+06,1.15057
5.04000E+06,1.26491
5.05000E+06,1.39854
5.06000E+06,1.53229
5.07000E+06,1.64905
5.08000E+06,1.74755
5.09000E+06,1.85211
5.10000E+06,2.03004
5.10300E+06,2.11907
5.10500E+06,2.19398
5.10700E+06,2.28481
5.10900E+06,2.39497
5.11100E+06,2.52794
5.11300E+06,2.68633
5.11500E+06,2.87019
5.11700E+06,3.07388
5.11900E+06,3.28216
5.12100E+06,3.46733
5.12300E+06,3.59244
5.12500E+06,3.62438
5.12700E+06,3.55151
5.12900E+06,3.39107
5.13100E+06,3.17876
5.13300E+06,2.95077
5.13500E+06,2.73257
5.13700E+06,2.53718
5.13900E+06,2.36869
5.14100E+06,2.22623
5.14300E+06,2.10675
5.14500E+06,2.00667
5.14700E+06,1.92257
5.15000E+06,1.82008
5.16000E+06,1.60510
5.17000E+06,1.48714
5.18000E+06,1.41100
5.19000E+06,1.35587
5.20000E+06,1.31273
5.21000E+06,1.27715
5.22000E+06,1.24667
5.23000E+06,1.21964
5.24000E+06,1.18896
5.25000E+06,1.17653
5.26000E+06,1.15616
5.27000E+06,1.13744
5.28000E+06,1.11964
5.29000E+06,1.10205
5.30000E+06,1.08428
5.30100E+06,1.08300
5.30200E+06,1.08237
5.30300E+06,1.08321
5.30400E+06,1.08774
5.30500E+06,1.10323
5.30600E+06,1.16220
5.30700E+06,1.51692
5.30800E+06,2.61780
5.30900E+06,1.45539
5.31000E+06,1.23046
5.31100E+06,1.16289
5.31200E+06,1.13274
5.31300E+06,1.11592
5.31400E+06,1.10511
5.31500E+06,1.09743
5.31600E+06,1.09156
5.32000E+06,1.07628
5.33000E+06,1.05318
5.34000E+06,1.03239
5.35000E+06,1.00656
5.35500E+06,0.989137
5.36000E+06,0.970510
5.36100E+06,0.969054
5.36200E+06,0.970893
5.36300E+06,0.979704
5.36400E+06,1.00371
5.36450E+06,1.02671
5.36500E+06,1.06239
5.36550E+06,1.11769
5.36600E+06,1.20312
5.36650E+06,1.33316
5.36700E+06,1.52252
5.36750E+06,1.77039
5.36800E+06,2.03062
5.36850E+06,2.20816
5.36900E+06,2.23648
5.36950E+06,2.14339
5.37000E+06,2.00024
5.37050E+06,1.85694
5.37100E+06,1.73306
5.37150E+06,1.63180
5.37200E+06,1.55044
5.37250E+06,1.48509
5.37300E+06,1.43222
5.37350E+06,1.38899
5.37400E+06,1.35324
5.37450E+06,1.32333
5.37500E+06,1.29804
5.38000E+06,1.16922
5.38500E+06,1.12090
5.39000E+06,1.09529
5.39500E+06,1.07905
5.40000E+06,1.06761
5.41000E+06,1.05222
5.42000E+06,1.04232
5.43000E+06,1.03574
5.44000E+06,1.03166
5.45000E+06,1.02977
5.46000E+06,1.03004
5.47000E+06,1.03259
5.48000E+06,1.03767
5.49000E+06,1.04567
5.50000E+06,1.05710
5.51000E+06,1.07261
5.52000E+06,1.09305
5.53000E+06,1.11946
5.54000E+06,1.15313
5.55000E+06,1.19562
5.56000E+06,1.24870
5.57000E+06,1.31433
5.58000E+06,1.39436
5.59000E+06,1.48994
5.60000E+06,1.60026
5.60200E+06,1.62375
5.60400E+06,1.64757
5.60600E+06,1.67162
5.60800E+06,1.69579
5.61000E+06,1.71995
5.61200E+06,1.74393
5.61400E+06,1.76755
5.61600E+06,1.79060
5.61800E+06,1.81281
5.62000E+06,1.83391
5.62200E+06,1.85358
5.62400E+06,1.87148
5.62600E+06,1.88726
5.62800E+06,1.90054
5.63000E+06,1.91097
5.63200E+06,1.91823
5.63400E+06,1.92208
5.63600E+06,1.92237
5.63800E+06,1.91909
5.63954E+06,1.91391
5.63954E+06,1.91391
5.64000E+06,1.91237
5.64200E+06,1.90255
5.64400E+06,1.89010
5.64500E+06,1.88289
5.64600E+06,1.87568
5.64800E+06,1.86001
5.65000E+06,1.84391
5.65200E+06,1.82819
5.65400E+06,1.81364
5.65500E+06,1.80732
5.65600E+06,1.80100
5.65800E+06,1.79098
5.66000E+06,1.78434
5.66200E+06,1.78205
5.66400E+06,1.78556
5.66500E+06,1.79153
5.66600E+06,1.79750
5.66800E+06,1.82313
5.67000E+06,1.87450
5.67200E+06,1.98353
5.67400E+06,2.24982
5.67500E+06,2.57550
5.67600E+06,2.90118
5.67800E+06,2.73925
5.68000E+06,1.95366
5.68200E+06,1.72053
5.68400E+06,1.64733
5.68500E+06,1.63251
5.68600E+06,1.61770
5.68800E+06,1.60267
5.69000E+06,1.59325
5.69200E+06,1.58615
5.69400E+06,1.57997
5.69500E+06,1.57702
5.69600E+06,1.57408
5.69800E+06,1.56818
5.70000E+06,1.56211
5.70500E+06,1.54504
5.71000E+06,1.52798
5.71500E+06,1.50820
5.72000E+06,1.48843
5.72500E+06,1.46730
5.73000E+06,1.44616
5.73500E+06,1.42484
5.74000E+06,1.40352
5.74500E+06,1.38280
5.75000E+06,1.36208
5.75500E+06,1.34242
5.76000E+06,1.32277
5.76500E+06,1.30443
5.77000E+06,1.28609
5.77500E+06,1.26918
5.78000E+06,1.25226
5.78500E+06,1.23680
5.79000E+06,1.22135
5.79500E+06,1.20734
5.80000E+06,1.19334
5.80500E+06,1.18080
5.81000E+06,1.16826
5.81500E+06,1.15723
5.82000E+06,1.14620
5.82500E+06,1.13683
5.83000E+06,1.12746
5.83500E+06,1.12006
5.84000E+06,1.11266
5.84500E+06,1.10787
5.85000E+06,1.10307
5.85500E+06,1.10095
5.86000E+06,1.10126
5.86500E+06,1.10477
5.87000E+06,1.11266
5.87500E+06,1.12669
5.88000E+06,1.14972
5.88500E+06,1.18635
5.89000E+06,1.24437
5.89500E+06,1.33727
5.90000E+06,1.48815
5.90500E+06,1.73264
5.91000E+06,2.09899
5.91500E+06,2.49633
5.91600E+06,2.54429
5.91700E+06,2.59226
5.91800E+06,2.60374
5.91900E+06,2.61522
5.92000E+06,2.58711
5.92100E+06,2.55900
5.92200E+06,2.48885
5.92300E+06,2.41870
5.92400E+06,2.34855
5.92500E+06,2.27840
5.92600E+06,2.19542
5.92700E+06,2.11244
5.92800E+06,2.02946
5.92900E+06,1.94648
5.93000E+06,1.86350
5.93500E+06,1.54832
5.94000E+06,1.33770
5.94500E+06,1.19623
5.95000E+06,1.09633
5.95200E+06,1.06619
5.95400E+06,1.03605
5.95500E+06,1.02098
5.95600E+06,1.00877
5.95800E+06,0.984341
5.96000E+06,0.959914
5.96200E+06,0.937961
5.96400E+06,0.916945
5.96500E+06,0.906782
5.96600E+06,0.896618
5.96800E+06,0.876783
5.97000E+06,0.857298
5.97200E+06,0.838096
5.97400E+06,0.819233
5.97500E+06,0.810101
5.97600E+06,0.800969
5.97800E+06,0.783922
5.98000E+06,0.769376
5.98200E+06,0.759841
5.98400E+06,0.760119
5.98600E+06,0.779135
5.98800E+06,0.832491
5.99000E+06,0.943183
5.99200E+06,1.13038
5.99400E+06,1.37294
5.99500E+06,1.47877
5.99600E+06,1.58461
5.99700E+06,1.63499
5.99800E+06,1.68537
5.99900E+06,1.68284
6.00000E+06,1.68030
6.00100E+06,1.65026
6.00200E+06,1.62021
6.00300E+06,1.58232
6.00400E+06,1.54443
6.00600E+06,1.47124
6.00800E+06,1.40658
6.01000E+06,1.35122
6.01200E+06,1.30422
6.01400E+06,1.26422
6.01600E+06,1.22995
6.01800E+06,1.20034
6.02000E+06,1.17451
6.02200E+06,1.15179
6.02400E+06,1.13164
6.02500E+06,1.12263
6.02600E+06,1.11362
6.02800E+06,1.09739
6.03000E+06,1.08268
6.03200E+06,1.06928
6.03400E+06,1.05702
6.03500E+06,1.05138
6.03600E+06,1.04575
6.03800E+06,1.03538
6.04000E+06,1.02581
6.04200E+06,1.01700
6.04400E+06,1.00892
6.04500E+06,1.00524
6.04600E+06,1.00157
6.04800E+06,0.994963
6.05000E+06,0.989189
6.05200E+06,0.984377
6.05400E+06,0.980749
6.05500E+06,0.979709
6.05600E+06,0.978670
6.05800E+06,0.978739
6.06000E+06,0.981968
6.06200E+06,0.990154
6.06400E+06,1.00668
6.06600E+06,1.03847
6.06800E+06,1.10136
6.07000E+06,1.23672
6.07050E+06,1.29287
6.07100E+06,1.36357
6.07150E+06,1.45331
6.07200E+06,1.56782
6.07250E+06,1.71387
6.07300E+06,1.89807
6.07350E+06,2.12309
6.07400E+06,2.37954
6.07450E+06,2.63377
6.07500E+06,2.82278
6.07550E+06,2.87853
6.07600E+06,2.77875
6.07650E+06,2.56711
6.07700E+06,2.31429
6.07750E+06,2.07310
6.07800E+06,1.86722
6.07850E+06,1.70093
6.07900E+06,1.56999
6.07950E+06,1.46790
6.08000E+06,1.38850
6.08050E+06,1.32675
6.08100E+06,1.27873
6.08150E+06,1.24150
6.08200E+06,1.21285
6.08400E+06,1.15681
6.08600E+06,1.15920
6.08800E+06,1.19512
6.09000E+06,1.24540
6.09200E+06,1.28940
6.09400E+06,1.31129
6.09600E+06,1.30783
6.09800E+06,1.28603
6.10000E+06,1.25529
6.10200E+06,1.22247
6.10400E+06,1.19125
6.10600E+06,1.16315
6.10800E+06,1.13851
6.11000E+06,1.11714
6.11200E+06,1.09869
6.11400E+06,1.08275
6.11500E+06,1.07584
6.11600E+06,1.06894
6.11800E+06,1.05693
6.12000E+06,1.04646
6.12200E+06,1.03729
6.12400E+06,1.02923
6.12500E+06,1.02568
6.12600E+06,1.02213
6.12800E+06,1.01586
6.13000E+06,1.01031
6.13500E+06,0.999041
6.14000E+06,0.990668
6.14500E+06,0.984442
6.15000E+06,0.979792
6.15500E+06,0.976253
6.16000E+06,0.973424
6.16500E+06,0.970968
6.17000E+06,0.968621
6.17500E+06,0.966202
6.18000E+06,0.963616
6.18500E+06,0.960841
6.19000E+06,0.957908
6.19500E+06,0.954875
6.20000E+06,0.951815
6.20500E+06,0.948800
6.21000E+06,0.945894
6.21500E+06,0.943154
6.22000E+06,0.940623
6.22500E+06,0.938338
6.23000E+06,0.936325
6.23500E+06,0.934605
6.24000E+06,0.933191
6.24500E+06,0.932091
6.25000E+06,0.931304
6.25500E+06,0.930826
6.26000E+06,0.930643
6.26500E+06,0.930738
6.27000E+06,0.931086
6.27217E+06,0.931338
6.27217E+06,0.931339
6.27220E+06,0.931342
6.27500E+06,0.931669
6.28000E+06,0.932474
6.28500E+06,0.933518
6.29000E+06,0.934859
6.29500E+06,0.936619
6.30000E+06,0.938999
6.30200E+06,0.940312
6.30400E+06,0.941626
6.30500E+06,0.942283
6.30600E+06,0.943194
6.30800E+06,0.945015
6.31000E+06,0.946836
6.31200E+06,0.949335
6.31400E+06,0.951833
6.31500E+06,0.953082
6.31600E+06,0.954764
6.31800E+06,0.958126
6.32000E+06,0.961488
6.32200E+06,0.965915
6.32400E+06,0.970341
6.32500E+06,0.972554
6.32600E+06,0.975406
6.32800E+06,0.981110
6.33000E+06,0.986814
6.33200E+06,0.994032
6.33400E+06,1.00125
6.33500E+06,1.00486
6.33600E+06,1.00936
6.33800E+06,1.01836
6.34000E+06,1.02737
6.34200E+06,1.03847
6.34400E+06,1.04958
6.34500E+06,1.05514
6.34600E+06,1.06193
6.34800E+06,1.07552
6.35000E+06,1.08911
6.35200E+06,1.10563
6.35400E+06,1.12215
6.35500E+06,1.13041
6.35600E+06,1.14039
6.35800E+06,1.16033
6.36000E+06,1.18027
6.36200E+06,1.20289
6.36400E+06,1.22714
6.36500E+06,1.24012
6.36600E+06,1.25309
6.36800E+06,1.28076
6.37000E+06,1.31017
6.37200E+06,1.34126
6.37400E+06,1.37395
6.37500E+06,1.39100
6.37600E+06,1.40805
6.37800E+06,1.44332
6.38000E+06,1.47935
6.38200E+06,1.51563
6.38400E+06,1.55146
6.38500E+06,1.56873
6.38600E+06,1.58600
6.38700E+06,1.60248
6.38800E+06,1.61823
6.38900E+06,1.63312
6.39000E+06,1.64698
6.39100E+06,1.65966
6.39200E+06,1.67099
6.39300E+06,1.68082
6.39400E+06,1.68899
6.39500E+06,1.69535
6.39600E+06,1.69978
6.39700E+06,1.70215
6.39800E+06,1.70237
6.39900E+06,1.70037
6.40000E+06,1.69610
6.40100E+06,1.68955
6.40200E+06,1.68072
6.40300E+06,1.66967
6.40400E+06,1.65647
6.40500E+06,1.64121
6.40600E+06,1.62403
6.40700E+06,1.60506
6.40800E+06,1.58448
6.40900E+06,1.56248
6.41000E+06,1.53922
6.41100E+06,1.51492
6.41200E+06,1.48977
6.41300E+06,1.46395
6.41400E+06,1.43766
6.41500E+06,1.41099
6.41600E+06,1.38433
6.41800E+06,1.33105
6.42000E+06,1.27884
6.42200E+06,1.22850
6.42400E+06,1.18129
6.42500E+06,1.15769
6.42600E+06,1.13704
6.42800E+06,1.09573
6.43000E+06,1.05442
6.43089E+06,1.03950
6.43089E+06,1.03949
6.43200E+06,1.02070
6.43400E+06,0.986986
6.43500E+06,0.970127
6.43600E+06,0.956684
6.43800E+06,0.929798
6.44000E+06,0.902912
6.44200E+06,0.881744
6.44400E+06,0.860576
6.44500E+06,0.849992
6.44600E+06,0.841716
6.44800E+06,0.825165
6.45000E+06,0.808614
6.45200E+06,0.795735
6.45210E+06,0.795091
6.45215E+06,0.794794
6.45215E+06,0.794788
6.45400E+06,0.782856
6.45500E+06,0.776416
6.45600E+06,0.771433
6.45800E+06,0.761468
6.46000E+06,0.751503
6.46200E+06,0.743865
6.46400E+06,0.736226
6.46500E+06,0.732407
6.46600E+06,0.729528
6.46800E+06,0.723770
6.47000E+06,0.718012
6.47200E+06,0.713799
6.47400E+06,0.709586
6.47500E+06,0.707479
6.47600E+06,0.705520
6.47800E+06,0.701601
6.48000E+06,0.697683
6.48200E+06,0.695593
6.48400E+06,0.693504
6.48500E+06,0.692459
6.48600E+06,0.692158
6.48800E+06,0.691555
6.49000E+06,0.690952
6.49200E+06,0.691531
6.49400E+06,0.692110
6.49500E+06,0.692400
6.49600E+06,0.693143
6.49800E+06,0.694629
6.50000E+06,0.696115
6.50200E+06,0.698454
6.50400E+06,0.700793
6.50600E+06,0.703132
6.50800E+06,0.705471
6.51000E+06,0.707810
6.51200E+06,0.710545
6.51400E+06,0.713279
6.51600E+06,0.716013
6.51646E+06,0.716643
6.51800E+06,0.720070
6.52000E+06,0.724524
6.52200E+06,0.729036
6.52400E+06,0.733548
6.52500E+06,0.735804
6.52600E+06,0.737284
6.52800E+06,0.740260
6.53000E+06,0.743258
6.53200E+06,0.747531
6.53400E+06,0.751822
6.53600E+06,0.756129
6.53800E+06,0.760450
6.54000E+06,0.764782
6.54200E+06,0.770956
6.54400E+06,0.777137
6.54600E+06,0.783324
6.54800E+06,0.789515
6.55000E+06,0.795708
6.55200E+06,0.804260
6.55400E+06,0.812810
6.55600E+06,0.821356
6.55800E+06,0.829896
6.56000E+06,0.838427
6.56200E+06,0.849646
6.56400E+06,0.860853
6.56600E+06,0.872045
6.56800E+06,0.883221
6.57000E+06,0.894378
6.57200E+06,0.905305
6.57400E+06,0.916209
6.57500E+06,0.921652
6.57600E+06,0.927250
6.57800E+06,0.938442
6.58000E+06,0.949630
6.58200E+06,0.957713
6.58400E+06,0.965791
6.58600E+06,0.973866
6.58800E+06,0.981936
6.59000E+06,0.990003
6.59200E+06,0.996581
6.59400E+06,1.00315
6.59600E+06,1.00972
6.59800E+06,1.01629
6.60000E+06,1.02286
6.60200E+06,1.02754
6.60400E+06,1.03221
6.60600E+06,1.03689
6.60800E+06,1.04156
6.61000E+06,1.04623
6.61200E+06,1.04891
6.61400E+06,1.05158
6.61600E+06,1.05425
6.61800E+06,1.05692
6.62000E+06,1.05958
6.62200E+06,1.06052
6.62400E+06,1.06145
6.62500E+06,1.06191
6.62600E+06,1.06243
6.62800E+06,1.06347
6.63000E+06,1.06450
6.63200E+06,1.06444
6.63400E+06,1.06438
6.63600E+06,1.06431
6.63800E+06,1.06424
6.64000E+06,1.06417
6.64200E+06,1.06460
6.64400E+06,1.06502
6.64600E+06,1.06545
6.64800E+06,1.06587
6.65000E+06,1.06630
6.65100E+06,1.06737
6.65200E+06,1.06874
6.65300E+06,1.07048
6.65400E+06,1.07264
6.65500E+06,1.07530
6.65600E+06,1.07857
6.65700E+06,1.08254
6.65800E+06,1.08735
6.65900E+06,1.09313
6.66000E+06,1.10005
6.66100E+06,1.10829
6.66200E+06,1.11803
6.66300E+06,1.12945
6.66400E+06,1.14269
6.66500E+06,1.15780
6.66600E+06,1.17468
6.66700E+06,1.19300
6.66800E+06,1.21205
6.66900E+06,1.23073
6.67000E+06,1.24754
6.67100E+06,1.26076
6.67200E+06,1.26877
6.67300E+06,1.27052
6.67400E+06,1.26579
6.67500E+06,1.25527
6.67600E+06,1.24055
6.67700E+06,1.22296
6.67800E+06,1.20402
6.67900E+06,1.18491
6.68000E+06,1.16647
6.68100E+06,1.14920
6.68200E+06,1.13335
6.68300E+06,1.11901
6.68400E+06,1.10613
6.68500E+06,1.09464
6.68600E+06,1.08441
6.68700E+06,1.07532
6.68800E+06,1.06724
6.68900E+06,1.06008
6.69000E+06,1.05371
6.69100E+06,1.04805
6.69200E+06,1.04303
6.69300E+06,1.03856
6.69400E+06,1.03460
6.69500E+06,1.03109
6.69600E+06,1.02866
6.69800E+06,1.02380
6.70000E+06,1.01894
6.71000E+06,1.01245
6.72000E+06,1.02015
6.72500E+06,1.02774
6.73000E+06,1.03765
6.74000E+06,1.06197
6.75000E+06,1.09071
6.76000E+06,1.12454
6.77000E+06,1.16649
6.77500E+06,1.19511
6.78000E+06,1.22075
6.79000E+06,1.30022
6.80000E+06,1.42927
6.81000E+06,1.61358
6.82000E+06,1.67870
6.82500E+06,1.54844
6.83000E+06,1.41280
6.84000E+06,1.16040
6.85000E+06,1.04278
6.86000E+06,0.977021
6.87000E+06,0.929303
6.87500E+06,0.910916
6.88000E+06,0.892515
6.89000E+06,0.872053
6.90000E+06,0.859275
6.91000E+06,0.848578
6.92000E+06,0.840963
6.92500E+06,0.838501
6.93000E+06,0.838859
6.94000E+06,0.840142
6.95000E+06,0.841868
6.96000E+06,0.845989
6.97000E+06,0.853445
6.97500E+06,0.859988
6.98000E+06,0.867943
6.99000E+06,0.887626
7.00000E+06,0.909279
7.01000E+06,0.933741
7.02000E+06,0.955102
7.02500E+06,0.965438
7.03000E+06,0.975998
7.04000E+06,0.998290
7.05000E+06,1.01660
7.06000E+06,1.02812
7.07000E+06,1.02222
7.07500E+06,1.01716
7.08000E+06,1.01329
7.09000E+06,1.00942
7.10000E+06,1.00654
7.10500E+06,1.00678
7.11000E+06,1.00799
7.11500E+06,1.01005
7.12000E+06,1.01284
7.12500E+06,1.01627
7.13000E+06,1.01960
7.13500E+06,1.02352
7.14000E+06,1.02888
7.14500E+06,1.03698
7.15000E+06,1.04737
7.15500E+06,1.05865
7.16000E+06,1.07595
7.16500E+06,1.10326
7.17000E+06,1.14268
7.17500E+06,1.19677
7.18000E+06,1.27614
7.18500E+06,1.38180
7.19000E+06,1.50367
7.19500E+06,1.64832
7.20000E+06,1.75579
7.20500E+06,1.74405
7.21000E+06,1.68589
7.21500E+06,1.62683
7.22000E+06,1.56668
7.22500E+06,1.51669
7.23000E+06,1.46946
7.23500E+06,1.42376
7.24000E+06,1.38180
7.24500E+06,1.34587
7.25000E+06,1.31792
7.26000E+06,1.29402
7.27000E+06,1.28110
7.27500E+06,1.27573
7.28000E+06,1.27149
7.29000E+06,1.26857
7.30000E+06,1.27668
7.31000E+06,1.25742
7.32000E+06,1.33507
7.32500E+06,1.35663
7.33000E+06,1.37601
7.34000E+06,1.35143
7.35000E+06,1.32026
7.35330E+06,1.30767
7.36000E+06,1.28057
7.37000E+06,1.17460
7.37500E+06,1.23740
7.38000E+06,1.29977
7.39000E+06,1.28084
7.40000E+06,1.26187
7.41000E+06,1.24457
7.42000E+06,1.22962
7.42500E+06,1.22313
7.43000E+06,1.21516
7.44000E+06,1.19949
7.45000E+06,1.18488
7.46000E+06,1.17111
7.47000E+06,1.15858
7.47500E+06,1.15335
7.48000E+06,1.14555
7.49000E+06,1.13028
7.50000E+06,1.11898
7.51000E+06,1.12607
7.52000E+06,1.13103
7.52500E+06,1.12951
7.53000E+06,1.12916
7.54000E+06,1.12854
7.55000E+06,1.12553
7.56000E+06,1.12280
7.56560E+06,1.11761
7.56565E+06,1.11757
7.57000E+06,1.11883
7.57500E+06,1.11799
7.58000E+06,1.11330
7.59000E+06,1.10716
7.60000E+06,1.10613
7.61000E+06,1.11370
7.61360E+06,1.11805
7.62000E+06,1.12579
7.62500E+06,1.13175
7.63000E+06,1.14086
7.64000E+06,1.15726
7.65000E+06,1.17339
7.66000E+06,1.18922
7.67000E+06,1.20508
7.67500E+06,1.21350
7.68000E+06,1.22141
7.69000E+06,1.23847
7.70000E+06,1.25601
7.71000E+06,1.27378
7.72000E+06,1.29129
7.72500E+06,1.29928
7.73000E+06,1.30915
7.74000E+06,1.32742
7.75000E+06,1.34473
7.76000E+06,1.36058
7.77000E+06,1.37497
7.77500E+06,1.38135
7.78000E+06,1.38737
7.79000E+06,1.39854
7.80000E+06,1.41034
7.81000E+06,1.42399
7.82000E+06,1.43901
7.82500E+06,1.44784
7.83000E+06,1.44998
7.84000E+06,1.45669
7.85000E+06,1.46502
7.86000E+06,1.46876
7.87000E+06,1.46026
7.87500E+06,1.44596
7.88000E+06,1.42808
7.89000E+06,1.37934
7.90000E+06,1.32540
7.91000E+06,1.27563
7.92000E+06,1.22357
7.92500E+06,1.19545
7.93000E+06,1.16660
7.94000E+06,1.10654
7.95000E+06,1.04676
7.96000E+06,0.993186
7.97000E+06,0.948790
7.97500E+06,0.930010
7.98000E+06,0.912524
7.99000E+06,0.884853
8.00000E+06,0.865219
8.01000E+06,0.856663
8.02000E+06,0.854145
8.02500E+06,0.854870
8.03000E+06,0.858790
8.04000E+06,0.869593
8.05000E+06,0.883926
8.06000E+06,0.900816
8.07000E+06,0.919776
8.07500E+06,0.929122
8.08000E+06,0.943382
8.09000E+06,0.971495
8.10000E+06,0.999492
8.11000E+06,1.02989
8.12000E+06,1.06089
8.12500E+06,1.07632
8.13000E+06,1.09466
8.14000E+06,1.13034
8.15000E+06,1.16402
8.16000E+06,1.19281
8.17000E+06,1.21891
8.17500E+06,1.23096
8.18000E+06,1.24215
8.19000E+06,1.26300
8.20000E+06,1.28252
8.21000E+06,1.30110
8.22000E+06,1.31860
8.22500E+06,1.32679
8.23000E+06,1.33386
8.24000E+06,1.34591
8.25000E+06,1.35436
8.26000E+06,1.35919
8.27000E+06,1.36131
8.27500E+06,1.36162
8.28000E+06,1.36036
8.29000E+06,1.35667
8.30000E+06,1.35174
8.31000E+06,1.34687
8.32000E+06,1.33954
8.32500E+06,1.33492
8.33000E+06,1.32925
8.34000E+06,1.31703
8.35000E+06,1.30505
8.36000E+06,1.29383
8.37000E+06,1.28266
8.37500E+06,1.27797
8.38000E+06,1.26928
8.39000E+06,1.25518
8.40000E+06,1.24326
8.41000E+06,1.23419
8.42000E+06,1.22578
8.42500E+06,1.22107
8.43000E+06,1.21708
8.44000E+06,1.20815
8.45000E+06,1.19907
8.46000E+06,1.18889
8.47000E+06,1.17839
8.47500E+06,1.17313
8.48000E+06,1.16753
8.49000E+06,1.15653
8.50000E+06,1.14667
8.51000E+06,1.13824
8.52000E+06,1.13259
8.52500E+06,1.13085
8.53000E+06,1.12882
8.54000E+06,1.12654
8.55000E+06,1.12586
8.56000E+06,1.12725
8.57000E+06,1.13038
8.57500E+06,1.13271
8.58000E+06,1.13626
8.59000E+06,1.14536
8.60000E+06,1.15714
8.61000E+06,1.17246
8.62000E+06,1.18968
8.62500E+06,1.19899
8.63000E+06,1.20817
8.64000E+06,1.22743
8.65000E+06,1.24759
8.66000E+06,1.26887
8.67000E+06,1.29096
8.67500E+06,1.30231
8.68000E+06,1.31404
8.69000E+06,1.33781
8.70000E+06,1.36165
8.71000E+06,1.38320
8.72000E+06,1.40209
8.72500E+06,1.40960
8.73000E+06,1.41735
8.74000E+06,1.42841
8.74500E+06,1.43178
8.75000E+06,1.43420
8.76000E+06,1.43388
8.77000E+06,1.42847
8.77500E+06,1.42262
8.78000E+06,1.41608
8.79000E+06,1.39773
8.80000E+06,1.37639
8.81000E+06,1.35300
8.82000E+06,1.33034
8.82500E+06,1.31966
8.83000E+06,1.30802
8.84000E+06,1.28598
8.85000E+06,1.26441
8.86000E+06,1.24301
8.87000E+06,1.22056
8.87500E+06,1.20911
8.88000E+06,1.19989
8.89000E+06,1.18022
8.90000E+06,1.16139
8.91000E+06,1.14487
8.92000E+06,1.13627
8.92500E+06,1.13618
8.93000E+06,1.13889
8.94000E+06,1.14481
8.95000E+06,1.15139
8.96000E+06,1.18067
8.97000E+06,1.18658
8.97500E+06,1.18886
8.98000E+06,1.19069
8.99000E+06,1.20241
9.00000E+06,1.22299
9.02000E+06,1.25685
9.02500E+06,1.27447
9.04000E+06,1.33988
9.05000E+06,1.36843
9.06000E+06,1.33674
9.07500E+06,1.28913
9.08000E+06,1.27145
9.10000E+06,1.24420
9.12000E+06,1.21277
9.12500E+06,1.20479
9.13600E+06,1.18771
9.14000E+06,1.18181
9.15000E+06,1.16797
9.16000E+06,1.15434
9.17500E+06,1.13483
9.18000E+06,1.12873
9.20000E+06,1.10804
9.22500E+06,1.09590
9.24800E+06,1.09061
9.25000E+06,1.09039
9.27500E+06,1.09153
9.30000E+06,1.10210
9.32500E+06,1.13099
9.35000E+06,1.16521
9.37500E+06,1.19301
9.40000E+06,1.21115
9.42500E+06,1.19753
9.43100E+06,1.19607
9.43138E+06,1.19611
9.43138E+06,1.19611
9.43140E+06,1.19611
9.43150E+06,1.19612
9.45000E+06,1.19785
9.47000E+06,1.19940
9.47500E+06,1.19978
9.50000E+06,1.20159
9.50800E+06,1.20207
9.52500E+06,1.20299
9.55000E+06,1.20426
9.57500E+06,1.20578
9.60000E+06,1.20777
9.62500E+06,1.21931
9.65000E+06,1.23465
9.67500E+06,1.25233
9.67600E+06,1.25311
9.70000E+06,1.27316
9.72000E+06,1.28821
9.72500E+06,1.29137
9.74000E+06,1.30051
9.75000E+06,1.30598
9.76000E+06,1.31141
9.77500E+06,1.31831
9.78000E+06,1.32026
9.80000E+06,1.32252
9.82500E+06,1.31482
9.85000E+06,1.30481
9.87500E+06,1.29300
9.90000E+06,1.28142
9.92500E+06,1.27515
9.95000E+06,1.28129
9.97500E+06,1.29782
1.00000E+07,1.31472
1.00500E+07,1.35047
1.01000E+07,1.38642
1.01220E+07,1.40019
1.01500E+07,1.41383
1.01890E+07,1.42725
1.01895E+07,1.42730
1.01895E+07,1.42730
1.01900E+07,1.42735
1.02000E+07,1.42975
1.02020E+07,1.43009
1.02445E+07,1.42489
1.02445E+07,1.42489
1.02450E+07,1.42483
1.02470E+07,1.42422
1.02500E+07,1.42324
1.03000E+07,1.39864
1.03500E+07,1.36282
1.03720E+07,1.34201
1.03722E+07,1.34185
1.03722E+07,1.34184
1.04000E+07,1.31748
1.04500E+07,1.29223
1.04650E+07,1.28624
1.04680E+07,1.28519
1.05000E+07,1.27498
1.05260E+07,1.26768
1.05275E+07,1.26722
1.05280E+07,1.26708
1.05500E+07,1.25912
1.05600E+07,1.25387
1.05602E+07,1.25372
1.05603E+07,1.25372
1.05630E+07,1.25215
1.06000E+07,1.22726
1.06500E+07,1.21127
1.06670E+07,1.20964
1.06671E+07,1.20964
1.06671E+07,1.20964
1.06690E+07,1.20960
1.06800E+07,1.21045
1.06900E+07,1.21474
1.07000E+07,1.22525
1.07100E+07,1.22724
1.07200E+07,1.20092
1.07300E+07,1.14444
1.07400E+07,1.16924
1.07500E+07,1.19290
1.07600E+07,1.21221
1.07700E+07,1.22978
1.07800E+07,1.24520
1.07900E+07,1.25862
1.08000E+07,1.27161
1.08100E+07,1.28449
1.08200E+07,1.29708
1.08300E+07,1.30886
1.08400E+07,1.31622
1.08500E+07,1.31957
1.08600E+07,1.31977
1.08700E+07,1.31770
1.08800E+07,1.31726
1.08900E+07,1.31946
1.09000E+07,1.32326
1.09100E+07,1.32803
1.09200E+07,1.33368
1.09300E+07,1.34703
1.09400E+07,1.37760
1.09500E+07,1.41905
1.09600E+07,1.46569
1.09700E+07,1.49549
1.09800E+07,1.49941
1.09900E+07,1.50293
1.10000E+07,1.50896
1.10070E+07,1.51754
1.10090E+07,1.52025
1.10500E+07,1.57988
1.11000E+07,1.65626
1.11500E+07,1.70913
1.12000E+07,1.70466
1.12200E+07,1.69429
1.12500E+07,1.67738
1.13000E+07,1.64980
1.13500E+07,1.63149
1.14000E+07,1.62846
1.14500E+07,1.66637
1.15000E+07,1.70529
1.15200E+07,1.71869
1.15400E+07,1.72965
1.15500E+07,1.73421
1.16000E+07,1.74491
1.16430E+07,1.73533
1.16480E+07,1.73329
1.16480E+07,1.73328
1.16480E+07,1.73328
1.16500E+07,1.73241
1.17000E+07,1.71176
1.17500E+07,1.69920
1.17787E+07,1.73493
1.17787E+07,1.73494
1.17790E+07,1.73530
1.17960E+07,1.73977
1.17970E+07,1.73946
1.18000E+07,1.73874
1.18500E+07,1.70505
1.19000E+07,1.67330
1.19500E+07,1.66544
1.19700E+07,1.66835
1.20000E+07,1.64866
1.20500E+07,1.59504
1.21000E+07,1.54333
1.21100E+07,1.53331
1.21500E+07,1.49614
1.21610E+07,1.48669
1.22000E+07,1.47589
1.22467E+07,1.49279
1.22470E+07,1.49291
1.22480E+07,1.49326
1.22500E+07,1.49397
1.23000E+07,1.51156
1.23317E+07,1.51968
1.23320E+07,1.51973
1.23330E+07,1.51991
1.23500E+07,1.52244
1.23630E+07,1.52388
1.23700E+07,1.52451
1.24000E+07,1.52707
1.24500E+07,1.53196
1.25000E+07,1.53703
1.25500E+07,1.54128
1.25800E+07,1.54245
1.26000E+07,1.54211
1.26200E+07,1.54070
1.26500E+07,1.53785
1.27000E+07,1.53668
1.27500E+07,1.55672
1.28000E+07,1.59917
1.28090E+07,1.60717
1.28090E+07,1.60721
1.28130E+07,1.61073
1.28500E+07,1.64153
1.28924E+07,1.65969
1.28924E+07,1.65968
1.29000E+07,1.65889
1.29500E+07,1.62947
1.30000E+07,1.58355
1.30500E+07,1.55695
1.31000E+07,1.56185
1.31500E+07,1.57631
1.32000E+07,1.57924
1.32247E+07,1.57629
1.32250E+07,1.57626
1.32270E+07,1.57607
1.32500E+07,1.57397
1.33000E+07,1.57126
1.33180E+07,1.57295
1.33200E+07,1.57325
1.33204E+07,1.57331
1.33500E+07,1.57825
1.34000E+07,1.58700
1.34500E+07,1.59840
1.35000E+07,1.60970
1.35500E+07,1.61266
1.36000E+07,1.61533
1.36020E+07,1.61532
1.36030E+07,1.61533
1.36032E+07,1.61533
1.36100E+07,1.61550
1.36200E+07,1.61636
1.36300E+07,1.61813
1.36400E+07,1.62082
1.36500E+07,1.62370
1.36600E+07,1.62665
1.36700E+07,1.62960
1.36744E+07,1.63086
1.36744E+07,1.63087
1.36800E+07,1.63249
1.36900E+07,1.63532
1.37000E+07,1.63811
1.37100E+07,1.64084
1.37200E+07,1.64349
1.37300E+07,1.64606
1.37400E+07,1.64675
1.37500E+07,1.64201
1.37600E+07,1.63485
1.37700E+07,1.63062
1.37800E+07,1.63237
1.37850E+07,1.63460
1.37867E+07,1.63548
1.37870E+07,1.63567
1.37900E+07,1.63727
1.38000E+07,1.64253
1.38100E+07,1.64534
1.38200E+07,1.64339
1.38300E+07,1.63964
1.38400E+07,1.63566
1.38500E+07,1.63206
1.38600E+07,1.62914
1.38700E+07,1.62628
1.38800E+07,1.62342
1.38900E+07,1.62059
1.39000E+07,1.61778
1.39500E+07,1.60409
1.39790E+07,1.59646
1.40000E+07,1.59208
1.40500E+07,1.58860
1.41000E+07,1.59302
1.41500E+07,1.59934
1.42000E+07,1.60592
1.42500E+07,1.61273
1.42980E+07,1.61930
1.43000E+07,1.61958
1.43500E+07,1.62688
1.44000E+07,1.63496
1.44500E+07,1.64527
1.45000E+07,1.65838
1.45500E+07,1.67284
1.46000E+07,1.68786
1.46170E+07,1.69310
1.46500E+07,1.70338
1.47000E+07,1.71874
1.47500E+07,1.73281
1.48000E+07,1.74625
1.48500E+07,1.75988
1.49000E+07,1.76182
1.49360E+07,1.76332
1.49500E+07,1.76390
1.50000E+07,1.76587
1.50200E+07,1.76395
1.50400E+07,1.75696
1.50500E+07,1.75222
1.51000E+07,1.72109
1.51500E+07,1.68459
1.52000E+07,1.64830
1.52500E+07,1.62118
1.52550E+07,1.61907
1.53000E+07,1.60409
1.53472E+07,1.58820
1.53500E+07,1.58725
1.53921E+07,1.58057
1.53921E+07,1.58057
1.54000E+07,1.58119
1.54500E+07,1.59048
1.55000E+07,1.60110
1.55500E+07,1.61014
1.55740E+07,1.61445
1.56000E+07,1.61889
1.56500E+07,1.62454
1.57000E+07,1.62621
1.57500E+07,1.62433
1.58000E+07,1.61731
1.58500E+07,1.60659
1.58930E+07,1.59657
1.59000E+07,1.59476
1.59500E+07,1.57306
1.60000E+07,1.55239
1.61000E+07,1.54712
1.61300E+07,1.54980
1.61610E+07,1.55310
1.62000E+07,1.55904
1.62050E+07,1.56000
1.62120E+07,1.56144
1.63000E+07,1.58170
1.64000E+07,1.58810
1.64100E+07,1.58724
1.65000E+07,1.56889
1.65310E+07,1.55848
1.66000E+07,1.54319
1.66150E+07,1.54101
1.66516E+07,1.53808
1.67000E+07,1.53960
1.68000E+07,1.55478
1.68200E+07,1.55863
1.68500E+07,1.56521
1.69000E+07,1.57833
1.70000E+07,1.60673
1.70250E+07,1.61484
1.71000E+07,1.63983
1.71680E+07,1.65379
1.71690E+07,1.65396
1.72000E+07,1.65859
1.72300E+07,1.66127
1.72502E+07,1.66230
1.72502E+07,1.66230
1.73000E+07,1.66297
1.74000E+07,1.65937
1.74350E+07,1.65684
1.74870E+07,1.65286
1.74880E+07,1.65278
1.75000E+07,1.65182
1.76000E+07,1.64443
1.76400E+07,1.64220
1.77000E+07,1.63969
1.78000E+07,1.63604
1.78060E+07,1.63580
1.78070E+07,1.63576
1.78450E+07,1.63366
1.78500E+07,1.63334
1.78507E+07,1.63329
1.78507E+07,1.63329
1.79000E+07,1.62954
1.80000E+07,1.62040
1.80500E+07,1.61286
1.81000E+07,1.60557
1.81250E+07,1.60267
1.81338E+07,1.60174
1.81338E+07,1.60174
1.82000E+07,1.59541
1.82550E+07,1.59142
1.82890E+07,1.58935
1.82890E+07,1.58935
1.83000E+07,1.58881
1.84000E+07,1.58756
1.84440E+07,1.58961
1.84600E+07,1.59095
1.85000E+07,1.59508
1.85718E+07,1.60471
1.85718E+07,1.60471
1.86000E+07,1.60978
1.86650E+07,1.62767
1.87000E+07,1.63553
1.87630E+07,1.64943
1.88000E+07,1.65771
1.88700E+07,1.67316
1.89000E+07,1.67969
1.90000E+07,1.69072
1.90750E+07,1.68669
1.90820E+07,1.68607
1.91000E+07,1.68440
1.92000E+07,1.67467
1.92800E+07,1.66687
1.93000E+07,1.66490
1.93645E+07,1.65668
1.93645E+07,1.65667
1.94000E+07,1.65124
1.94010E+07,1.65107
1.94850E+07,1.63905
1.95000E+07,1.63761
1.95891E+07,1.63413
1.95892E+07,1.63413
1.96000E+07,1.63411
1.96394E+07,1.63410
1.96394E+07,1.63410
1.96900E+07,1.63429
1.97000E+07,1.63438
1.97200E+07,1.63460
1.98000E+07,1.63551
1.98950E+07,1.63718
1.99000E+07,1.63728
2.00000E+07,1.63990
2.01000E+07,1.64900
2.01482E+07,1.65648
2.01482E+07,1.65648
2.02562E+07,1.67759
2.02562E+07,1.67760
2.02597E+07,1.67832
2.02597E+07,1.67832
2.03342E+07,1.69181
2.03343E+07,1.69181
2.03500E+07,1.69403
2.04200E+07,1.69995
2.05000E+07,1.70225
2.06171E+07,1.70501
2.06171E+07,1.70501
2.06500E+07,1.70568
2.08200E+07,1.69974
2.08200E+07,1.69974
2.09030E+07,1.69675
2.09030E+07,1.69675
2.09500E+07,1.69509
2.09763E+07,1.69417
2.09763E+07,1.69417
2.09945E+07,1.69354
2.09945E+07,1.69354
2.10000E+07,1.69335
2.10816E+07,1.69066
2.10816E+07,1.69066
2.12325E+07,1.68634
2.12325E+07,1.68634
2.12500E+07,1.68591
2.14424E+07,1.68136
2.14424E+07,1.68136
2.15000E+07,1.68001
2.15500E+07,1.67886
2.15942E+07,1.67784
2.15942E+07,1.67784
2.16362E+07,1.67688
2.16362E+07,1.67688
2.17251E+07,1.67485
2.17251E+07,1.67485
2.18500E+07,1.67202
2.18950E+07,1.67100
2.18950E+07,1.67100
2.19868E+07,1.66894
2.19868E+07,1.66894
2.20000E+07,1.66864
2.20440E+07,1.66805
2.20440E+07,1.66805
2.21500E+07,1.66663
2.21614E+07,1.66648
2.22230E+07,1.66565
2.22448E+07,1.66536
2.22448E+07,1.66536
2.24500E+07,1.66256
2.25000E+07,1.66188
2.27500E+07,1.65836
2.28644E+07,1.65670
2.28645E+07,1.65670
2.30000E+07,1.65468
2.30430E+07,1.65403
2.30500E+07,1.65392
2.32174E+07,1.65139
2.33500E+07,1.64938
2.35000E+07,1.64713
2.36500E+07,1.64490
2.37435E+07,1.64351
2.37435E+07,1.64351
2.38731E+07,1.64160
2.39436E+07,1.64057
2.39500E+07,1.64047
2.40000E+07,1.63974
2.42500E+07,1.63609
2.43863E+07,1.63412
2.44088E+07,1.63380
2.44089E+07,1.63380
2.45000E+07,1.63249
2.45500E+07,1.63177
2.45771E+07,1.63138
2.45771E+07,1.63138
2.48500E+07,1.62834
2.50000E+07,1.62875
2.51500E+07,1.62917
2.54500E+07,1.63002
2.55000E+07,1.63016
2.57500E+07,1.63088
2.60000E+07,1.63161
2.60500E+07,1.63051
2.63500E+07,1.62398
2.65000E+07,1.62072
2.66500E+07,1.61749
2.69500E+07,1.61104
2.70000E+07,1.60997
2.72500E+07,1.60463
2.75000E+07,1.59933
2.75500E+07,1.59827
2.78500E+07,1.59194
2.80000E+07,1.58879
2.81500E+07,1.58565
2.84500E+07,1.57940
2.85000E+07,1.57836
2.87500E+07,1.57368
2.90000E+07,1.56988
2.90500E+07,1.56956
2.93500E+07,1.56818
2.95000E+07,1.56773
2.96500E+07,1.56740
2.99500E+07,1.56695
3.00000E+07,1.56688
3.00000E+07,1.56679
3.07079E+07,1.55970
3.10000E+07,1.55552
3.14223E+07,1.54850
3.20000E+07,1.53754
3.30000E+07,1.51680
3.32630E+07,1.51129
3.40000E+07,1.49645
3.41482E+07,1.49363
3.43888E+07,1.48920
3.50000E+07,1.47900
3.55351E+07,1.47091
3.60000E+07,1.46377
3.70000E+07,1.44823
3.80000E+07,1.43263
3.90000E+07,1.41717
3.91296E+07,1.41518
4.00000E+07,1.40200
4.10000E+07,1.38602
4.20000E+07,1.36837
4.30000E+07,1.34953
4.40000E+07,1.32988
4.50000E+07,1.30977
4.60000E+07,1.28950
4.70000E+07,1.26931
4.80000E+07,1.24939
4.90000E+07,1.22991
5.00000E+07,1.21100
5.10000E+07,1.19283
5.20000E+07,1.17539
5.30000E+07,1.15856
5.40000E+07,1.14222
5.50000E+07,1.12628
5.60000E+07,1.11066
5.70000E+07,1.09528
5.80000E+07,1.08008
5.90000E+07,1.06500
6.00000E+07,1.05000
6.10000E+07,1.03505
6.20000E+07,1.02018
6.30000E+07,1.00549
6.40000E+07,0.991029
6.50000E+07,0.976864
6.60000E+07,0.963044
6.70000E+07,0.949612
6.80000E+07,0.936606
6.90000E+07,0.924060
7.00000E+07,0.912000
7.10000E+07,0.900322
7.20000E+07,0.888907
7.30000E+07,0.877755
7.40000E+07,0.866868
7.50000E+07,0.856244
7.60000E+07,0.845882
7.70000E+07,0.835780
7.80000E+07,0.825934
7.90000E+07,0.816342
8.00000E+07,0.807000
8.10000E+07,0.798146
8.20000E+07,0.789851
8.30000E+07,0.781885
8.40000E+07,0.774042
8.50000E+07,0.766142
8.60000E+07,0.758027
8.70000E+07,0.749560
8.80000E+07,0.740626
8.90000E+07,0.731130
9.00000E+07,0.721000
9.10000E+07,0.710813
9.20000E+07,0.701147
9.30000E+07,0.691954
9.40000E+07,0.683184
9.50000E+07,0.674793
9.60000E+07,0.666735
9.70000E+07,0.658969
9.80000E+07,0.651450
9.90000E+07,0.644141
1.00000E+08,0.637000
1.02000E+08,0.623128
1.04000E+08,0.609920
1.06000E+08,0.597537
1.08000E+08,0.586091
1.10000E+08,0.575660
1.12000E+08,0.566076
1.14000E+08,0.557083
1.16000E+08,0.548609
1.18000E+08,0.540597
1.20000E+08,0.533000
1.22000E+08,0.525773
1.24000E+08,0.518882
1.26000E+08,0.512303
1.28000E+08,0.506015
1.30000E+08,0.500000
1.32000E+08,0.494094
1.34000E+08,0.488188
1.36000E+08,0.482341
1.38000E+08,0.476598
1.40000E+08,0.471000
1.42000E+08,0.465414
1.44000E+08,0.459747
1.46000E+08,0.454080
1.48000E+08,0.448479
1.50000E+08,0.443000
