1.00000E-05,2.52967
1.03125E-05,2.49104
1.06250E-05,2.45414
1.09375E-05,2.41882
1.12500E-05,2.38499
1.15625E-05,2.35254
1.18750E-05,2.32138
1.21875E-05,2.29143
1.25000E-05,2.26260
1.28125E-05,2.23484
1.31250E-05,2.20807
1.34375E-05,2.18225
1.37500E-05,2.15731
1.43750E-05,2.10989
1.50000E-05,2.06546
1.56250E-05,2.02373
1.62500E-05,1.98443
1.68750E-05,1.94734
1.75000E-05,1.91225
1.81250E-05,1.87899
1.87500E-05,1.84741
1.93750E-05,1.81737
2.00000E-05,1.78874
2.09375E-05,1.74824
2.18750E-05,1.71037
2.28125E-05,1.67485
2.37500E-05,1.64146
2.46875E-05,1.61000
2.56250E-05,1.58027
2.65625E-05,1.55213
2.75000E-05,1.52545
2.84375E-05,1.50009
2.93750E-05,1.47596
3.03125E-05,1.45296
3.12500E-05,1.43100
3.21875E-05,1.41000
3.31250E-05,1.38991
3.40625E-05,1.37065
3.50000E-05,1.35216
3.59375E-05,1.33441
3.68750E-05,1.31734
3.78125E-05,1.30091
3.87500E-05,1.28507
3.96875E-05,1.26980
4.06250E-05,1.25507
4.25000E-05,1.22707
4.43750E-05,1.20086
4.62500E-05,1.17627
4.81250E-05,1.15313
5.00000E-05,1.13130
5.15625E-05,1.11403
5.31250E-05,1.09752
5.46875E-05,1.08173
5.62500E-05,1.06660
5.78125E-05,1.05209
5.93750E-05,1.03815
6.09375E-05,1.02476
6.25000E-05,1.01187
6.40625E-05,0.999450
6.56250E-05,0.987481
6.71875E-05,0.975931
6.87500E-05,0.964777
7.18750E-05,0.943570
7.50000E-05,0.923703
7.81250E-05,0.905041
8.12500E-05,0.887466
8.43750E-05,0.870876
8.75000E-05,0.855183
9.06250E-05,0.840309
9.37500E-05,0.826186
9.68750E-05,0.812751
0.000100000,0.799951
0.000103125,0.787737
0.000106250,0.776066
0.000109375,0.764899
0.000112500,0.754201
0.000115625,0.743939
0.000118750,0.734085
0.000121875,0.724613
0.000125000,0.715498
0.000128125,0.706718
0.000131250,0.698254
0.000134375,0.690087
0.000137500,0.682200
0.000143750,0.667205
0.000150000,0.653157
0.000156250,0.639961
0.000162500,0.627533
0.000168750,0.615802
0.000175000,0.604706
0.000181250,0.594188
0.000187500,0.584201
0.000193750,0.574702
0.000200000,0.565651
0.000209375,0.552842
0.000218750,0.540865
0.000228125,0.529635
0.000237500,0.519077
0.000246875,0.509125
0.000256250,0.499725
0.000265625,0.490827
0.000275000,0.482388
0.000284375,0.474370
0.000293750,0.466739
0.000303125,0.459465
0.000312500,0.452520
0.000321875,0.445882
0.000331250,0.439527
0.000340625,0.433436
0.000350000,0.427592
0.000359375,0.421977
0.000368750,0.416579
0.000378125,0.411382
0.000387500,0.406375
0.000396875,0.401547
0.000406250,0.396887
0.000425000,0.388033
0.000443750,0.379747
0.000462500,0.371970
0.000481250,0.364651
0.000500000,0.357749
0.000515625,0.352287
0.000531250,0.347067
0.000546875,0.342073
0.000562500,0.337289
0.000578125,0.332700
0.000593750,0.328293
0.000609375,0.324057
0.000625000,0.319980
0.000640625,0.316054
0.000656250,0.312269
0.000671875,0.308616
0.000687500,0.305089
0.000718750,0.298383
0.000750000,0.292101
0.000781250,0.286199
0.000812500,0.280641
0.000843750,0.275395
0.000875000,0.270433
0.000906250,0.265729
0.000937500,0.261263
0.000968750,0.257014
0.00100000,0.252967
0.00103125,0.249104
0.00106250,0.245414
0.00109375,0.241882
0.00112500,0.238499
0.00115625,0.235254
0.00118750,0.232138
0.00121875,0.229143
0.00125000,0.226260
0.00128125,0.223484
0.00131250,0.220807
0.00134375,0.218225
0.00137500,0.215731
0.00143750,0.210989
0.00150000,0.206546
0.00156250,0.202373
0.00162500,0.198443
0.00168750,0.194734
0.00175000,0.191225
0.00181250,0.187899
0.00187500,0.184741
0.00193750,0.181736
0.00200000,0.178874
0.00209375,0.174824
0.00218750,0.171036
0.00228125,0.167485
0.00237500,0.164146
0.00246875,0.160999
0.00256250,0.158027
0.00265625,0.155213
0.00275000,0.152544
0.00284375,0.150009
0.00293750,0.147596
0.00303125,0.145295
0.00312500,0.143099
0.00321875,0.141000
0.00331250,0.138990
0.00340625,0.137064
0.00350000,0.135216
0.00359375,0.133441
0.00368750,0.131733
0.00378125,0.130090
0.00387500,0.128507
0.00396875,0.126980
0.00406250,0.125506
0.00425000,0.122706
0.00443750,0.120086
0.00462500,0.117627
0.00481250,0.115313
0.00500000,0.113130
0.00515625,0.111402
0.00531250,0.109752
0.00546875,0.108173
0.00562500,0.106660
0.00578125,0.105208
0.00593750,0.103815
0.00609375,0.102475
0.00625000,0.101186
0.00640625,0.0999446
0.00656250,0.0987476
0.00671875,0.0975926
0.00687500,0.0964773
0.00718750,0.0943566
0.00750000,0.0923699
0.00781250,0.0905037
0.00812500,0.0887462
0.00843750,0.0870872
0.00875000,0.0855179
0.00906250,0.0840305
0.00937500,0.0826182
0.00968750,0.0812747
0.0100000,0.0799947
0.0103125,0.0787733
0.0106250,0.0776063
0.0109375,0.0764896
0.0112500,0.0754197
0.0115625,0.0743936
0.0118750,0.0734082
0.0121875,0.0724609
0.0125000,0.0715494
0.0128125,0.0706715
0.0131250,0.0698251
0.0134375,0.0690084
0.0137500,0.0682197
0.0143750,0.0667201
0.0150000,0.0653153
0.0156250,0.0639957
0.0162500,0.0627529
0.0168750,0.0615798
0.0175000,0.0604701
0.0181250,0.0594184
0.0187500,0.0584197
0.0193750,0.0574697
0.0200000,0.0565645
0.0206625,0.0556503
0.0213250,0.0547790
0.0219875,0.0539475
0.0226500,0.0531526
0.0233125,0.0523919
0.0239750,0.0516630
0.0246375,0.0509637
0.0253000,0.0502920
0.0264578,0.0491793
0.0276156,0.0481374
0.0287734,0.0471590
0.0299313,0.0462380
0.0310891,0.0453689
0.0322469,0.0445470
0.0334047,0.0437683
0.0345625,0.0430290
0.0355274,0.0424407
0.0364922,0.0418759
0.0374570,0.0413330
0.0384219,0.0408107
0.0393867,0.0403078
0.0403516,0.0398229
0.0413164,0.0393552
0.0422813,0.0389035
0.0442109,0.0380450
0.0461406,0.0372408
0.0480703,0.0364856
0.0500000,0.0357746
0.0515625,0.0352283
0.0531250,0.0347064
0.0546875,0.0342070
0.0562500,0.0337285
0.0578125,0.0332696
0.0593750,0.0328290
0.0609375,0.0324054
0.0625000,0.0319978
0.0640625,0.0316052
0.0656250,0.0312268
0.0671875,0.0308616
0.0687500,0.0305089
0.0718750,0.0298384
0.0750000,0.0292102
0.0781250,0.0286201
0.0812500,0.0280643
0.0843750,0.0275396
0.0875000,0.0270433
0.0906250,0.0265729
0.0937500,0.0261262
0.0968750,0.0257013
0.100000,0.0252964
0.103125,0.0249101
0.106250,0.0245410
0.109375,0.0241878
0.112500,0.0238495
0.115625,0.0235250
0.118750,0.0232134
0.121875,0.0229139
0.125000,0.0226258
0.128125,0.0223482
0.131250,0.0220806
0.134375,0.0218224
0.137500,0.0215731
0.143750,0.0210991
0.150000,0.0206549
0.156250,0.0202377
0.162500,0.0198447
0.168750,0.0194737
0.175000,0.0191228
0.181250,0.0187902
0.187500,0.0184744
0.193750,0.0181740
0.200000,0.0178879
0.209375,0.0174829
0.218750,0.0171042
0.228125,0.0167490
0.237500,0.0164150
0.246875,0.0161003
0.256250,0.0158029
0.265625,0.0155215
0.275000,0.0152545
0.284375,0.0150009
0.293750,0.0147595
0.303125,0.0145294
0.312500,0.0143098
0.321875,0.0140998
0.331250,0.0138988
0.340625,0.0137062
0.350000,0.0135214
0.359375,0.0133438
0.368750,0.0131731
0.378125,0.0130089
0.387500,0.0128506
0.396875,0.0126981
0.406250,0.0125508
0.425000,0.0122710
0.443750,0.0120091
0.462500,0.0117633
0.500000,0.0113141
0.531250,0.0109766
0.562500,0.0106673
0.593750,0.0103827
0.625000,0.0101196
0.687500,0.00964842
0.750000,0.00923748
0.812500,0.00887507
0.875000,0.00855296
0.937500,0.00826354
1.00000,0.00800101
1.06250,0.00776191
1.12500,0.00754305
1.18750,0.00734173
1.25000,0.00715572
1.37500,0.00682254
1.50000,0.00653197
1.62500,0.00627564
1.75000,0.00604795
1.87500,0.00584336
2.00000,0.00565739
2.18750,0.00540909
2.37500,0.00519111
2.56250,0.00499753
2.75000,0.00482460
2.93750,0.00466846
3.12500,0.00452613
3.31250,0.00439608
3.50000,0.00427663
3.87500,0.00406433
4.25000,0.00388081
4.62500,0.00372011
5.00000,0.00357810
5.31250,0.00347146
5.62500,0.00337360
5.93750,0.00328358
6.25000,0.00320041
6.87500,0.00305143
7.50000,0.00292150
8.12500,0.00280687
8.75000,0.00270498
9.37500,0.00261345
10.0000,0.00253043
10.6250,0.00245486
11.2500,0.00238568
11.8750,0.00232205
12.5000,0.00226325
13.7500,0.00215793
15.0000,0.00206607
16.2500,0.00198504
17.5000,0.00191296
18.7500,0.00184822
20.0000,0.00178950
21.8750,0.00171108
23.7500,0.00164218
25.6250,0.00158100
27.5000,0.00152626
29.3750,0.00147684
31.2500,0.00143188
33.1250,0.00139080
35.0000,0.00135307
38.7500,0.00128600
42.5000,0.00122802
46.2500,0.00117726
50.0000,0.00113235
53.1250,0.00109862
56.2500,0.00106772
59.3750,0.00103929
62.5000,0.00101303
68.7500,0.000965985
75.0000,0.000924959
81.2500,0.000888768
87.5000,0.000856554
93.7500,0.000827621
100.000,0.000801426
106.250,0.000777582
112.500,0.000755757
125.000,0.000717132
137.500,0.000683912
150.000,0.000654944
162.500,0.000629393
175.000,0.000606647
187.500,0.000586221
200.000,0.000567731
218.750,0.000543038
237.500,0.000521342
256.250,0.000502081
275.000,0.000484838
312.500,0.000455142
350.000,0.000430371
387.500,0.000409306
425.000,0.000391108
462.500,0.000375185
500.000,0.000361103
562.500,0.000340862
625.000,0.000323760
687.500,0.000309068
750.000,0.000296272
875.000,0.000274974
1000.00,0.000257859
1125.00,0.000243726
1250.00,0.000231810
1375.00,0.000221593
1500.00,0.000212713
1750.00,0.000197981
2000.00,0.000186199
2375.00,0.000172294
2750.00,0.000161493
3125.00,0.000152832
3500.00,0.000145722
4250.00,0.000134743
5000.00,0.000126693
5625.00,0.000121501
6250.00,0.000117317
7500.00,0.000111134
8750.00,0.000107006
10000.0,0.000104318
12500.0,0.000101941
13125.0,0.000101827
15000.0,0.000102403
17500.0,0.000105001
20000.0,0.000109420
23705.4,0.000119185
27410.7,0.000132825
31116.0,0.000150917
34821.4,0.000174494
36998.0,0.000191704
39174.6,0.000211887
41351.1,0.000235828
43527.7,0.000265552
44000.0,0.000273524
44994.4,0.000297175
45243.0,0.000307727
45491.7,0.000324719
45740.3,0.000360460
45864.6,0.000399677
45926.7,0.000432861
45988.9,0.000484395
46050.0,0.000567890
46080.5,0.000632938
46111.1,0.000724809
46141.7,0.000860692
46156.9,0.000954278
46172.2,0.00106967
46187.5,0.00122182
46202.8,0.00142660
46218.0,0.00170886
46233.3,0.00211184
46242.2,0.00242806
46251.0,0.00283492
46259.9,0.00337691
46268.7,0.00412006
46273.1,0.00460096
46277.5,0.00517957
46282.0,0.00588633
46286.4,0.00676330
46290.8,0.00787610
46295.2,0.00931963
46299.7,0.0112688
46301.9,0.0125305
46304.1,0.0140807
46305.8,0.0155614
46307.5,0.0173963
46309.2,0.0197457
46310.9,0.0228612
46312.6,0.0271346
46314.3,0.0331664
46315.2,0.0371330
46316.0,0.0418545
46316.9,0.0475467
46317.7,0.0544158
46318.6,0.0628111
46319.5,0.0728221
46320.3,0.0850181
46321.2,0.0994893
46322.0,0.117004
46322.9,0.137624
46323.7,0.162353
46324.6,0.191171
46325.4,0.225352
46326.3,0.264709
46327.2,0.310800
46328.0,0.363164
46328.9,0.423632
46329.7,0.491335
46330.6,0.567388
46331.4,0.652149
46332.8,0.812494
46334.2,0.997374
46335.6,1.20528
46337.0,1.43124
46338.5,1.67331
46339.9,1.92107
46341.3,2.16940
46342.7,2.40498
46343.7,2.56975
46344.8,2.71787
46345.8,2.84515
46346.9,2.94699
46347.7,3.00648
46348.5,3.04914
46349.1,3.06935
46349.7,3.07978
46350.0,3.08131
46350.9,3.06950
46351.5,3.04810
46352.2,3.01614
46352.9,2.96779
46353.5,2.90803
46354.2,2.83592
46354.9,2.75444
46355.8,2.64282
46356.6,2.52099
46357.4,2.38814
46358.3,2.24962
46361.6,1.66232
46363.2,1.39591
46364.7,1.14838
46365.5,1.03384
46366.3,0.926234
46367.1,0.825932
46367.9,0.733145
46368.6,0.647937
46369.4,0.570242
46370.2,0.499884
46371.0,0.436595
46371.8,0.380031
46372.5,0.329794
46374.1,0.246984
46375.1,0.201850
46376.2,0.164689
46377.3,0.134369
46378.3,0.109831
46379.4,0.0901154
46380.4,0.0743694
46381.5,0.0618535
46382.6,0.0520197
46383.6,0.0441559
46384.7,0.0379305
46385.7,0.0329885
46386.8,0.0290789
46387.8,0.0259036
46388.9,0.0233275
46391.0,0.0194728
46393.1,0.0167269
46395.2,0.0146841
46397.4,0.0130766
46399.5,0.0117769
46403.7,0.00976570
46407.9,0.00827513
46414.2,0.00666956
46420.4,0.00551606
46426.7,0.00465448
46432.9,0.00399353
46439.1,0.00347366
46445.4,0.00305798
46451.6,0.00272050
46457.8,0.00244348
46470.3,0.00201831
46482.8,0.00170864
46495.3,0.00147511
46507.7,0.00129572
46520.6,0.00115058
46533.6,0.00103562
46559.4,0.000869962
46585.2,0.000753716
46611.1,0.000670318
46636.9,0.000608782
46662.7,0.000562130
46714.4,0.000499296
46766.1,0.000456395
46817.8,0.000428150
46921.1,0.000392781
47020.9,0.000374140
47120.7,0.000364648
47320.2,0.000351635
47719.3,0.000345767
48859.7,0.000360274
50000.0,0.000384225
52265.5,0.000444448
54530.9,0.000520196
55663.7,0.000565990
56796.4,0.000617661
57929.2,0.000676158
59061.9,0.000742665
60307.9,0.000828194
61553.9,0.000928617
62799.9,0.00104744
63422.9,0.00111533
64045.9,0.00118927
64668.9,0.00127141
65291.9,0.00136134
65914.9,0.00146066
66537.9,0.00157144
67160.9,0.00169369
67783.9,0.00183106
68406.9,0.00198482
69029.9,0.00215635
69539.7,0.00231466
70049.4,0.00249009
70559.1,0.00268491
70814.0,0.00278866
71068.9,0.00290195
71323.7,0.00301781
71578.6,0.00314451
72088.3,0.00341652
72343.2,0.00356366
72598.1,0.00372167
72852.9,0.00388963
73107.8,0.00406854
73419.3,0.00430472
73730.8,0.00455926
74042.3,0.00483523
74353.8,0.00513654
74665.3,0.00546246
74976.8,0.00581961
75288.3,0.00620939
75599.8,0.00663338
75911.3,0.00710227
76222.8,0.00761393
76534.3,0.00817590
76845.8,0.00879780
77157.3,0.00947821
77468.8,0.0102330
77624.6,0.0106357
77780.3,0.0110653
78091.8,0.0119783
78289.2,0.0126098
78486.5,0.0132820
78683.8,0.0139959
78881.1,0.0147534
79078.5,0.0155590
79275.8,0.0164019
79473.1,0.0173110
79670.4,0.0182618
79867.7,0.0192530
80065.1,0.0203041
80459.7,0.0225294
80657.0,0.0236976
80854.4,0.0249037
81249.0,0.0273289
81512.8,0.0289381
81776.6,0.0304791
82040.4,0.0319001
82304.2,0.0331460
82436.1,0.0337056
82568.0,0.0341862
82699.9,0.0345974
82831.7,0.0349336
82963.6,0.0351903
83095.5,0.0353640
83227.4,0.0354517
83359.3,0.0354517
83500.0,0.0353557
83658.3,0.0351304
83816.6,0.0347867
83974.8,0.0343341
84133.1,0.0337818
84291.4,0.0331399
84449.7,0.0324003
84607.9,0.0316285
84766.2,0.0307725
85082.7,0.0289727
85399.3,0.0270851
86032.4,0.0233130
86372.3,0.0214040
86712.3,0.0196151
86882.2,0.0187597
87052.2,0.0179583
87392.1,0.0164380
87732.1,0.0150564
88072.0,0.0138126
88412.0,0.0126870
88751.9,0.0116731
89009.7,0.0109759
89267.4,0.0103290
89525.2,0.00973104
89783.0,0.00918091
90040.7,0.00866921
90298.5,0.00819761
90556.3,0.00776044
90814.0,0.00735325
91060.1,0.00699632
91306.2,0.00666102
91798.3,0.00605313
92044.3,0.00578049
92290.4,0.00552514
92536.4,0.00528170
92782.5,0.00505789
93274.6,0.00464488
93766.7,0.00428310
94012.7,0.00411446
94258.8,0.00395928
94750.9,0.00366891
95266.4,0.00340051
95782.0,0.00315872
96297.5,0.00294159
96813.0,0.00274734
97328.6,0.00257056
97844.1,0.00241133
98359.7,0.00226654
98875.2,0.00213384
99437.6,0.00200339
100000,0.00188377
100824,0.00172916
101648,0.00159220
102472,0.00147126
103296,0.00136482
104120,0.00126922
104944,0.00118427
105767,0.00110795
106591,0.00103870
108239,0.000920273
109887,0.000822112
111535,0.000739875
113183,0.000670360
114831,0.000611723
116478,0.000560787
118126,0.000516692
119774,0.000478641
121422,0.000445013
123070,0.000415656
126365,0.000366478
129960,0.000324522
133556,0.000291515
137151,0.000265277
140746,0.000244283
146738,0.000218271
152730,0.000200203
156925,0.000191531
161119,0.000185380
165314,0.000181482
169508,0.000179741
172804,0.000180557
174451,0.000183458
175275,0.000189734
175687,0.000200171
175893,0.000210863
176099,0.000235176
176207,0.000262360
176261,0.000284065
176315,0.000314955
176368,0.000361973
176395,0.000396170
176422,0.000440589
176449,0.000499625
176476,0.000582834
176503,0.000704548
176516,0.000787733
176530,0.000891485
176543,0.00101878
176556,0.00118457
176569,0.00140742
176581,0.00171534
176588,0.00192068
176594,0.00216893
176601,0.00248561
176607,0.00289167
176614,0.00346331
176617,0.00384274
176620,0.00432552
176623,0.00496086
176626,0.00582462
176630,0.00703187
176633,0.00875354
176635,0.0106127
176638,0.0130940
176640,0.0164008
176643,0.0207871
176645,0.0265622
176648,0.0340929
176650,0.0438000
176653,0.0561503
176655,0.0716395
176658,0.0907675
176660,0.114004
176663,0.141744
176665,0.174264
176668,0.211660
176673,0.298365
176677,0.381866
176681,0.470289
176685,0.556786
176689,0.631600
176693,0.683305
176696,0.717604
176699,0.731146
176700,0.731713
176703,0.725702
176705,0.708877
176708,0.683253
176710,0.647852
176712,0.606912
176717,0.511013
176723,0.383931
176729,0.268205
176733,0.203777
176737,0.149103
176739,0.126739
176740,0.108036
176742,0.0916251
176744,0.0773537
176746,0.0644196
176748,0.0539918
176749,0.0451489
176751,0.0377053
176753,0.0311699
176755,0.0260560
176757,0.0218346
176759,0.0183674
176760,0.0153908
176762,0.0131059
176764,0.0112479
176766,0.00973856
176768,0.00845099
176770,0.00746366
176771,0.00665692
176773,0.00599439
176777,0.00496715
176780,0.00426346
176784,0.00373184
176788,0.00333497
176795,0.00275497
176800,0.00246100
176805,0.00222431
176814,0.00185259
176824,0.00157802
176834,0.00136806
176843,0.00120317
176853,0.00107083
176873,0.000873470
176892,0.000735741
176911,0.000636228
176931,0.000561986
176950,0.000504374
176989,0.000421672
177028,0.000367239
177067,0.000329730
177105,0.000303262
177183,0.000266722
177261,0.000246092
177338,0.000230191
177416,0.000220323
177571,0.000208788
177727,0.000200272
177882,0.000195874
178192,0.000190433
178938,0.000186134
179683,0.000184853
182291,0.000185883
184900,0.000188763
187508,0.000192694
190117,0.000197417
192725,0.000202955
195334,0.000209426
197942,0.000216743
200550,0.000224949
202982,0.000233597
205413,0.000243131
207844,0.000253594
210275,0.000265170
212706,0.000277718
215138,0.000291322
217569,0.000306011
218784,0.000313907
219392,0.000317855
219696,0.000319829
219848,0.000320816
219924,0.000321309
219962,0.000321556
219981,0.000321680
220000,0.000321805
220000,0.000321806
220001,0.000321810
220001,0.000321814
220003,0.000321822
220005,0.000321838
220010,0.000321870
220019,0.000321935
220039,0.000322064
220097,0.000322460
220155,0.000322856
220177,0.000323005
220186,0.000323067
220212,0.000323240
220237,0.000323414
220288,0.000323762
220407,0.000324577
220511,0.000325290
220660,0.000326317
220868,0.000327757
221165,0.000329827
221462,0.000331914
221848,0.000334652
222234,0.000337419
222888,0.000342170
223839,0.000349222
225146,0.000359183
226572,0.000370394
228927,0.000389635
231936,0.000415338
233342,0.000427680
234748,0.000440162
236998,0.000460284
239248,0.000480337
243220,0.000514621
247302,0.000547122
248651,0.000557325
249326,0.000562445
249663,0.000565041
249831,0.000566359
249916,0.000567020
249958,0.000567350
249979,0.000567516
250000,0.000567681
250000,0.000567682
250001,0.000567690
250002,0.000567697
250004,0.000567712
250008,0.000567741
250015,0.000567801
250030,0.000567918
250060,0.000568155
250119,0.000568629
250239,0.000569589
250477,0.000571529
250954,0.000575575
252274,0.000588917
253594,0.000610696
254297,0.000632773
254999,0.000676271
255435,0.000731802
255652,0.000778396
255870,0.000849160
256092,0.000968257
256202,0.00105971
256313,0.00118749
256379,0.00128846
256444,0.00141647
256510,0.00158333
256575,0.00180566
256618,0.00199439
256661,0.00223034
256704,0.00253019
256747,0.00292024
256775,0.00323496
256802,0.00361795
256830,0.00409054
256857,0.00468309
256880,0.00529643
256903,0.00605505
256925,0.00701837
256948,0.00825647
256963,0.00926836
256978,0.0104870
256992,0.0119952
257007,0.0138671
257018,0.0155916
257029,0.0176820
257040,0.0202515
257051,0.0234299
257065,0.0288685
257072,0.0323468
257079,0.0365360
257090,0.0451049
257096,0.0506445
257101,0.0573321
257109,0.0698119
257117,0.0868761
257122,0.100141
257127,0.115970
257131,0.135663
257136,0.159054
257139,0.178254
257143,0.199972
257146,0.224368
257149,0.250680
257155,0.301023
257160,0.358297
257167,0.440280
257173,0.515698
257179,0.584274
257184,0.630705
257188,0.669078
257192,0.694987
257196,0.710534
257200,0.715628
257201,0.715353
257201,0.715218
257202,0.714408
257202,0.714139
257203,0.713348
257203,0.712596
257204,0.710516
257204,0.709982
257205,0.708531
257205,0.706917
257206,0.703209
257208,0.693914
257212,0.669031
257216,0.639052
257219,0.604633
257226,0.527650
257232,0.458461
257240,0.359397
257241,0.349405
257241,0.347207
257242,0.341745
257242,0.337414
257243,0.327792
257245,0.310111
257248,0.275873
257254,0.229123
257259,0.189810
257259,0.188492
257260,0.185240
257260,0.182046
257261,0.176445
257263,0.165797
257267,0.146111
257270,0.129133
257274,0.114548
257275,0.110279
257280,0.0949054
257285,0.0823611
257286,0.0796544
257289,0.0744196
257291,0.0696808
257296,0.0614769
257306,0.0490768
257315,0.0409756
257319,0.0379334
257330,0.0315867
257340,0.0267681
257345,0.0248688
257354,0.0220925
257362,0.0197747
257379,0.0161688
257394,0.0137520
257409,0.0118736
257426,0.0101970
257443,0.00887074
257463,0.00766331
257482,0.00670294
257502,0.00592623
257521,0.00528907
257560,0.00432593
257598,0.00363171
257635,0.00313873
257671,0.00275661
257708,0.00245397
257744,0.00221037
257789,0.00196931
257835,0.00177852
257925,0.00149879
258020,0.00130002
258114,0.00115948
258209,0.00105665
258303,0.000979136
258475,0.000880200
258647,0.000814000
258990,0.000734244
259506,0.000674315
260021,0.000644136
261052,0.000614562
261602,0.000605973
261678,0.000604974
261943,0.000601820
262208,0.000599060
262739,0.000594233
263801,0.000586423
263901,0.000585760
264163,0.000584078
264426,0.000582437
264951,0.000579250
266000,0.000573036
266249,0.000571565
266773,0.000568443
267296,0.000565293
268343,0.000558827
270437,0.000545029
272531,0.000530083
274625,0.000514182
277499,0.000491163
277617,0.000490198
277954,0.000487433
278291,0.000484660
278966,0.000479093
280314,0.000467912
280376,0.000467397
280579,0.000465710
280782,0.000464023
281188,0.000460648
282000,0.000453905
284250,0.000435345
286500,0.000417138
291000,0.000382444
295500,0.000350748
300000,0.000322475
304500,0.000297709
306750,0.000286608
309000,0.000276336
313500,0.000258155
318000,0.000242925
320750,0.000234984
323500,0.000227985
323659,0.000227609
324009,0.000226796
324358,0.000226001
325057,0.000224459
326455,0.000221511
329251,0.000216328
329394,0.000216088
329735,0.000215522
330077,0.000214973
330761,0.000213917
332128,0.000211925
332263,0.000211741
332637,0.000211242
333012,0.000210759
333760,0.000209839
335257,0.000208191
338251,0.000205603
338545,0.000205403
339523,0.000204805
340501,0.000204311
340754,0.000204201
341753,0.000203835
342751,0.000203579
346410,0.000203609
346504,0.000203630
346863,0.000203721
347223,0.000203827
347942,0.000204099
349379,0.000204788
349501,0.000204859
349782,0.000205033
350064,0.000205215
350626,0.000205615
351751,0.000206514
354001,0.000208834
358501,0.000215637
360752,0.000220234
360880,0.000220521
361229,0.000221320
361578,0.000222145
362276,0.000223869
363672,0.000227536
364129,0.000228828
365113,0.000231759
366098,0.000234929
368066,0.000241792
370034,0.000249650
372002,0.000258550
376235,0.000281823
376693,0.000284724
377756,0.000291809
378820,0.000299331
380946,0.000315968
383252,0.000336694
385502,0.000360035
387935,0.000389407
390368,0.000423813
392435,0.000457888
393469,0.000476756
394502,0.000497097
397094,0.000555200
399173,0.000610556
401253,0.000675126
402563,0.000721525
403874,0.000772866
404548,0.000801440
405222,0.000831617
405896,0.000863412
406570,0.000897010
407316,0.000936393
407689,0.000956987
408062,0.000978183
409554,0.00106977
410588,0.00113997
411621,0.00121619
412584,0.00129300
413546,0.00137560
413935,0.00141069
414323,0.00144678
414712,0.00148388
415100,0.00152201
415563,0.00156879
416532,0.00167146
417192,0.00174489
417851,0.00182109
419117,0.00197439
419893,0.00207210
420668,0.00217189
421831,0.00232335
422994,0.00247335
424092,0.00260901
424789,0.00268978
425403,0.00275616
425847,0.00280080
426193,0.00283335
426441,0.00285537
426689,0.00287624
427000,0.00290067
427355,0.00292607
427932,0.00296131
428286,0.00297901
428730,0.00299678
429452,0.00301473
429971,0.00301905
430000,0.00301908
430066,0.00301905
430131,0.00301890
430263,0.00301828
430525,0.00301564
430940,0.00300768
431375,0.00299448
431539,0.00298823
431631,0.00298443
432000,0.00296706
432323,0.00294916
432461,0.00294075
432645,0.00292888
432669,0.00292728
432732,0.00292298
432796,0.00291860
432922,0.00290960
432968,0.00290624
433095,0.00289674
433222,0.00288691
433475,0.00286629
433521,0.00286242
433701,0.00284687
433752,0.00284235
433933,0.00282594
434114,0.00280897
434476,0.00277343
434490,0.00277201
434536,0.00276732
434582,0.00276260
434675,0.00275308
434859,0.00273366
435227,0.00269359
435251,0.00269092
435320,0.00268320
435497,0.00266321
435673,0.00264288
436026,0.00260131
436057,0.00259760
436149,0.00258652
436242,0.00257539
436426,0.00255290
436795,0.00250725
436801,0.00250650
436826,0.00250344
436850,0.00250037
436899,0.00249423
437008,0.00248055
437117,0.00246682
437334,0.00243921
437769,0.00238348
438639,0.00227095
439902,0.00210817
439930,0.00210460
440005,0.00209505
440080,0.00208553
440230,0.00206654
440530,0.00202880
441129,0.00195447
442328,0.00181110
444541,0.00156944
444553,0.00156822
444601,0.00156329
444650,0.00155840
444746,0.00154865
444940,0.00152936
445327,0.00149145
446100,0.00141866
446128,0.00141612
446151,0.00141397
446223,0.00140744
446295,0.00140096
446438,0.00138810
446725,0.00136273
446754,0.00136019
446869,0.00135020
446984,0.00134031
447214,0.00132073
447243,0.00131832
447270,0.00131602
447366,0.00130798
447462,0.00130002
447654,0.00128423
447676,0.00128243
447748,0.00127658
447820,0.00127077
447964,0.00125926
448252,0.00123660
448828,0.00119270
449403,0.00115074
449691,0.00113051
449835,0.00112053
449907,0.00111553
449943,0.00111304
449961,0.00111180
449979,0.00111056
450000,0.00110913
450000,0.00110912
450001,0.00110906
450002,0.00110902
450003,0.00110891
450006,0.00110872
450012,0.00110831
450024,0.00110751
450047,0.00110591
450077,0.00110389
450107,0.00110189
450166,0.00109789
450285,0.00108995
450523,0.00107433
450999,0.00104407
451951,0.000986464
453855,0.000883138
455272,0.000815900
456689,0.000755859
459523,0.000653183
461594,0.000590898
463666,0.000537573
465737,0.000491181
467808,0.000451183
469165,0.000428125
470522,0.000407661
473235,0.000380209
473837,0.000384835
474137,0.000394592
474438,0.000419165
474631,0.000454788
474727,0.000486038
474823,0.000534903
474871,0.000570328
474919,0.000617260
474967,0.000681102
475015,0.000771174
475045,0.000846356
475074,0.000943840
475104,0.00107341
475133,0.00125112
475160,0.00147940
475187,0.00180985
475202,0.00205879
475217,0.00237819
475231,0.00280648
475246,0.00339847
475253,0.00378815
475261,0.00426644
475268,0.00488840
475275,0.00570311
475282,0.00684201
475290,0.00844394
475293,0.00953249
475297,0.0108209
475300,0.0123881
475304,0.0142958
475310,0.0180340
475315,0.0230383
475321,0.0296574
475326,0.0382693
475329,0.0445506
475333,0.0515268
475339,0.0686082
475345,0.0880153
475351,0.110842
475356,0.133490
475362,0.157843
475367,0.183022
475367,0.183974
475368,0.186351
475368,0.188251
475369,0.192512
475369,0.193457
475370,0.195812
475370,0.197690
475371,0.201895
475371,0.202824
475372,0.205140
475372,0.206983
475373,0.211098
475373,0.212006
475374,0.214264
475374,0.216058
475375,0.220051
475375,0.220930
475376,0.223112
475376,0.224842
475377,0.228680
475377,0.229522
475378,0.231609
475378,0.233260
475379,0.236910
475379,0.237709
475380,0.239684
475380,0.241241
475381,0.244671
475381,0.245419
475382,0.247263
475382,0.248714
475383,0.251892
475383,0.252582
475384,0.254279
475384,0.255609
475385,0.258505
475385,0.259131
475386,0.261565
475386,0.262156
475387,0.264449
475387,0.265004
475388,0.266360
475388,0.267412
475389,0.269666
475389,0.270145
475390,0.271310
475390,0.272206
475391,0.274103
475391,0.274503
475392,0.276016
475392,0.276373
475393,0.277230
475393,0.277877
475394,0.279205
475394,0.279477
475395,0.280116
475395,0.280588
475396,0.281520
475396,0.281702
475397,0.282270
475398,0.282726
475399,0.283303
475399,0.283349
475400,0.283423
475400,0.283440
475401,0.283348
475401,0.283302
475402,0.283069
475403,0.282723
475404,0.281699
475404,0.281516
475405,0.281020
475405,0.280583
475406,0.279471
475406,0.279199
475407,0.278483
475407,0.277870
475408,0.276366
475408,0.276009
475409,0.274494
475409,0.274095
475410,0.272416
475410,0.271976
475411,0.270135
475411,0.269656
475412,0.268422
475412,0.267401
475413,0.264993
475413,0.264438
475414,0.262144
475414,0.261553
475415,0.259119
475415,0.258493
475416,0.256900
475416,0.255596
475417,0.252568
475417,0.251878
475418,0.250127
475418,0.248700
475419,0.245404
475419,0.244657
475420,0.241998
475421,0.239276
475422,0.233655
475422,0.232834
475423,0.230762
475423,0.229086
475424,0.225256
475424,0.224395
475425,0.221352
475426,0.218269
475427,0.211991
475427,0.211083
475428,0.208803
475428,0.206968
475429,0.202809
475429,0.201879
475430,0.198612
475431,0.195326
475432,0.188710
475432,0.187761
475433,0.185386
475433,0.183483
475434,0.179196
475434,0.178243
475435,0.174906
475436,0.171571
475437,0.164917
475437,0.163969
475438,0.160187
475439,0.156891
475440,0.149883
475443,0.136165
475449,0.110835
475450,0.106808
475452,0.0990152
475453,0.0952540
475455,0.0880119
475456,0.0845339
475459,0.0746839
475460,0.0715966
475462,0.0657162
475463,0.0629221
475465,0.0576227
475466,0.0551153
475468,0.0503785
475470,0.0460020
475472,0.0419719
475476,0.0348861
475478,0.0317956
475480,0.0289826
475483,0.0252425
475486,0.0220227
475489,0.0190938
475492,0.0166903
475495,0.0146549
475499,0.0129346
475502,0.0114393
475505,0.0102195
475511,0.00831424
475516,0.00723138
475520,0.00639195
475525,0.00571685
475530,0.00516610
475539,0.00431893
475548,0.00371182
475560,0.00315040
475571,0.00272912
475583,0.00240114
475594,0.00213914
475614,0.00179508
475634,0.00154407
475653,0.00135293
475673,0.00120511
475698,0.00105878
475724,0.000947274
475749,0.000859561
475774,0.000789731
475817,0.000699064
475860,0.000633010
475946,0.000545141
476052,0.000480806
476158,0.000441276
476370,0.000396719
476616,0.000370047
477117,0.000343885
477250,0.000339638
477565,0.000331648
477880,0.000325426
478510,0.000315788
479770,0.000301498
482289,0.000279301
488123,0.000243842
488141,0.000243761
488205,0.000243478
488269,0.000243199
488438,0.000242477
488607,0.000241774
488945,0.000240450
489620,0.000238021
490971,0.000234548
491040,0.000234435
491305,0.000234074
491570,0.000233836
492366,0.000234070
492386,0.000234096
492451,0.000234196
492516,0.000234313
492646,0.000234598
492907,0.000235354
493427,0.000237855
493448,0.000237986
493504,0.000238356
493559,0.000238754
493671,0.000239625
493894,0.000241713
494339,0.000247492
494785,0.000256232
495230,0.000270185
495469,0.000280924
495708,0.000295165
495946,0.000314375
496185,0.000340896
496189,0.000341415
496197,0.000342492
496205,0.000343586
496222,0.000345813
496254,0.000350468
496320,0.000360523
496450,0.000384048
496455,0.000385053
496474,0.000389040
496494,0.000393154
496532,0.000401822
496610,0.000421007
496764,0.000468740
496768,0.000470176
496779,0.000474300
496791,0.000478528
496813,0.000487272
496858,0.000506113
496948,0.000549616
497038,0.000603023
497129,0.000669219
497253,0.000791669
497316,0.000871176
497378,0.000967177
497404,0.00101317
497431,0.00106531
497472,0.00115424
497508,0.00124434
497545,0.00134668
497581,0.00146429
497617,0.00159919
497638,0.00168848
497660,0.00178585
497681,0.00189223
497703,0.00200806
497719,0.00210655
497736,0.00221175
497752,0.00232483
497769,0.00244645
497787,0.00259124
497806,0.00274734
497824,0.00291747
497842,0.00310084
497853,0.00322226
497865,0.00334862
497876,0.00348241
497887,0.00362147
497901,0.00380057
497914,0.00398841
497928,0.00418641
497942,0.00439461
497954,0.00459814
497967,0.00480848
497979,0.00502676
497992,0.00525229
498010,0.00558519
498028,0.00592723
498045,0.00624446
498061,0.00656006
498078,0.00686802
498094,0.00716144
498142,0.00786106
498166,0.00808187
498178,0.00815138
498190,0.00819148
498200,0.00820179
498210,0.00819091
498213,0.00818353
498221,0.00815289
498230,0.00810780
498247,0.00797723
498263,0.00779550
498280,0.00757163
498296,0.00732394
498315,0.00700672
498333,0.00666698
498334,0.00664817
498337,0.00658589
498341,0.00652330
498347,0.00639735
498360,0.00614573
498387,0.00564512
498413,0.00515986
498439,0.00470508
498495,0.00384969
498552,0.00316532
498595,0.00274027
498638,0.00238990
498668,0.00218420
498698,0.00200404
498727,0.00184482
498757,0.00170457
498790,0.00156733
498823,0.00144698
498856,0.00134087
498889,0.00124703
498933,0.00113926
498976,0.00104660
499020,0.000966460
499063,0.000896723
499118,0.000820936
499173,0.000756473
499228,0.000701208
499283,0.000653540
499367,0.000592535
499368,0.000591879
499370,0.000590504
499372,0.000589137
499376,0.000586488
499385,0.000581269
499401,0.000571091
499434,0.000551932
499500,0.000517528
499632,0.000461795
499791,0.000411536
499793,0.000411018
499798,0.000409665
499811,0.000406285
499823,0.000403014
499848,0.000396678
499899,0.000384829
500000,0.000363830
500003,0.000363259
500010,0.000361994
500016,0.000360761
500030,0.000358319
500056,0.000353593
500109,0.000344705
500216,0.000328963
500428,0.000303608
500636,0.000284715
500640,0.000284392
500652,0.000283467
500663,0.000282557
500686,0.000280784
500733,0.000277403
500826,0.000271151
501011,0.000260310
501197,0.000251298
501382,0.000243784
501640,0.000235136
501897,0.000228144
502412,0.000217477
502443,0.000216936
502526,0.000215565
502608,0.000214273
502774,0.000211891
503104,0.000207642
503765,0.000201073
503802,0.000200755
503835,0.000200481
503914,0.000199846
503993,0.000199232
504150,0.000198078
504465,0.000195939
505095,0.000192333
505118,0.000192214
505179,0.000191911
505239,0.000191614
505387,0.000190916
505535,0.000190253
505830,0.000188999
506421,0.000186796
506471,0.000186626
506631,0.000186100
506790,0.000185602
507109,0.000184657
507747,0.000182982
507824,0.000182797
507985,0.000182426
508146,0.000182068
508468,0.000181408
509112,0.000180215
510399,0.000178358
510529,0.000178208
510844,0.000177872
511160,0.000177576
511790,0.000177068
513051,0.000176433
514588,0.000176335
514907,0.000176406
516180,0.000177008
517454,0.000178147
518727,0.000179801
519364,0.000180851
519682,0.000181445
519841,0.000181749
519921,0.000183761
519941,0.000189783
519960,0.000206377
519980,0.000238994
520000,0.000386323
523440,0.000385274
525805,0.000384558
528170,0.000383847
531480,0.000382859
534318,0.000382019
535736,0.000381602
539047,0.000380633
541884,0.000379810
545668,0.000378721
548978,0.000377778
555554,0.000375927
564337,0.000373503
574877,0.000370663
587173,0.000367442
599469,0.000364314
600000,0.000364181
608252,0.000362319
608720,0.000362214
617034,0.000360375
624061,0.000358846
627574,0.000358091
629331,0.000357716
632844,0.000356969
636357,0.000356228
638113,0.000355860
641061,0.000355245
641331,0.000355189
641602,0.000355132
641872,0.000355076
642007,0.000355048
642412,0.000354964
642818,0.000354880
643088,0.000354824
643383,0.000354763
643493,0.000354740
644034,0.000354628
644574,0.000354517
645140,0.000354400
645926,0.000354238
647547,0.000353905
648653,0.000353678
649574,0.000353490
650655,0.000353270
652166,0.000352962
654708,0.000352447
656600,0.000352066
658222,0.000351740
659192,0.000351546
662705,0.000350845
664462,0.000350496
667975,0.000349803
669732,0.000349459
675001,0.000348432
680271,0.000347417
685541,0.000346412
692567,0.000345089
699594,0.000343784
700000,0.000343709
706620,0.000342640
713646,0.000341521
718916,0.000340691
722429,0.000340142
725942,0.000339596
729455,0.000339054
729979,0.000338974
730385,0.000338912
730655,0.000338870
731195,0.000338787
732547,0.000338580
732952,0.000338518
734438,0.000338292
736735,0.000337942
738492,0.000337676
741751,0.000337185
750534,0.000335874
759317,0.000334584
768100,0.000333314
775126,0.000332311
782153,0.000331321
785666,0.000330830
790935,0.000330099
797962,0.000329135
800000,0.000328857
800150,0.000328840
801772,0.000328653
802583,0.000328560
807447,0.000328003
810690,0.000327635
812311,0.000327451
813933,0.000327268
814744,0.000327176
815554,0.000327085
817176,0.000326903
820419,0.000326540
822851,0.000326269
825283,0.000325999
829337,0.000325551
832580,0.000325194
834201,0.000325017
835822,0.000324840
837444,0.000324663
839065,0.000324487
841498,0.000324224
843119,0.000324049
843930,0.000323961
845551,0.000323787
847173,0.000323613
848794,0.000323439
850416,0.000323266
852037,0.000323094
853658,0.000322921
855280,0.000322749
856901,0.000322578
859334,0.000322321
861766,0.000322066
863387,0.000321896
866630,0.000321558
869062,0.000321305
873116,0.000320886
879602,0.000320220
884466,0.000319725
886898,0.000319479
888520,0.000319315
890141,0.000319152
892573,0.000318908
895006,0.000318664
896627,0.000318502
899726,0.000318194
900000,0.000318167
915332,0.000323015
929520,0.000327494
942288,0.000331518
949382,0.000333752
950251,0.000334025
951061,0.000334280
951332,0.000334366
951602,0.000334451
951872,0.000334536
952007,0.000334578
952277,0.000334663
952548,0.000334748
952818,0.000334833
953088,0.000334918
953629,0.000335088
954169,0.000335258
955057,0.000335537
962151,0.000337768
967826,0.000339551
976339,0.000342223
986270,0.000345338
997620,0.000348894
1.00000E+06,0.000349639
1.01039E+06,0.000349765
1.01415E+06,0.000349810
1.01748E+06,0.000349849
1.01978E+06,0.000349877
1.02126E+06,0.000349895
1.02163E+06,0.000349899
1.02201E+06,0.000349903
1.02238E+06,0.000349908
1.02312E+06,0.000349917
1.02386E+06,0.000349925
1.02423E+06,0.000349930
1.02458E+06,0.000349934
1.02535E+06,0.000349943
1.02572E+06,0.000349947
1.02609E+06,0.000349952
1.02684E+06,0.000349961
1.02721E+06,0.000349965
1.02758E+06,0.000349969
1.02795E+06,0.000349974
1.02883E+06,0.000349984
1.03025E+06,0.000350001
1.03309E+06,0.000350034
1.03427E+06,0.000350048
1.03650E+06,0.000350075
1.03734E+06,0.000350084
1.03876E+06,0.000350101
1.04018E+06,0.000350118
1.04170E+06,0.000350135
1.04302E+06,0.000350151
1.04728E+06,0.000350200
1.05295E+06,0.000350266
1.05721E+06,0.000350315
1.06146E+06,0.000350364
1.06251E+06,0.000350376
1.06288E+06,0.000350380
1.06325E+06,0.000350384
1.06362E+06,0.000350389
1.06399E+06,0.000350393
1.06436E+06,0.000350397
1.06714E+06,0.000350429
1.06998E+06,0.000350461
1.07281E+06,0.000350493
1.07565E+06,0.000350525
1.07849E+06,0.000350558
1.08275E+06,0.000350606
1.08700E+06,0.000350653
1.09126E+06,0.000350701
1.09410E+06,0.000350732
1.09791E+06,0.000350775
1.10899E+06,0.000350897
1.12284E+06,0.000351048
1.13115E+06,0.000351138
1.13946E+06,0.000351228
1.14777E+06,0.000351316
1.15608E+06,0.000351404
1.16993E+06,0.000351549
1.18655E+06,0.000351722
1.19486E+06,0.000351807
1.19763E+06,0.000351835
1.20317E+06,0.000351892
1.20871E+06,0.000351948
1.21702E+06,0.000352031
1.22533E+06,0.000352115
1.24195E+06,0.000352279
1.25580E+06,0.000352415
1.26688E+06,0.000352523
1.27156E+06,0.000352568
1.27519E+06,0.000352603
1.27764E+06,0.000352626
1.27845E+06,0.000352634
1.27926E+06,0.000352642
1.27967E+06,0.000352646
1.28088E+06,0.000352657
1.28169E+06,0.000352665
1.28251E+06,0.000352673
1.28291E+06,0.000352676
1.28413E+06,0.000352688
1.28627E+06,0.000352709
1.28778E+06,0.000352723
1.28940E+06,0.000352738
1.29021E+06,0.000352746
1.29102E+06,0.000352754
1.29142E+06,0.000352757
1.29264E+06,0.000352769
1.29345E+06,0.000352777
1.29467E+06,0.000352788
1.29588E+06,0.000352800
1.29629E+06,0.000352804
1.29791E+06,0.000352819
1.29913E+06,0.000352830
1.29994E+06,0.000352838
1.30075E+06,0.000352846
1.30156E+06,0.000352853
1.30318E+06,0.000352868
1.30440E+06,0.000352880
1.30561E+06,0.000352891
1.30723E+06,0.000352907
1.30926E+06,0.000352926
1.31088E+06,0.000352941
1.31250E+06,0.000352956
1.31397E+06,0.000352970
1.31534E+06,0.000352982
1.31615E+06,0.000352990
1.31674E+06,0.000352995
1.31858E+06,0.000353012
1.31899E+06,0.000353016
1.31980E+06,0.000353024
1.32020E+06,0.000353028
1.32223E+06,0.000353046
1.32628E+06,0.000353084
1.32791E+06,0.000353099
1.33613E+06,0.000353175
1.35275E+06,0.000353326
1.36937E+06,0.000353476
1.37768E+06,0.000353550
1.38599E+06,0.000353624
1.39430E+06,0.000353697
1.39707E+06,0.000353722
1.40261E+06,0.000353770
1.41923E+06,0.000353915
1.42615E+06,0.000353975
1.42616E+06,0.000353975
1.42616E+06,0.000353975
1.42760E+06,0.000349518
1.43308E+06,0.000333103
1.43862E+06,0.000317351
1.44139E+06,0.000309778
1.44416E+06,0.000302400
1.44970E+06,0.000288207
1.45524E+06,0.000274730
1.46355E+06,0.000255774
1.46380E+06,0.000255226
1.47186E+06,0.000238223
1.47740E+06,0.000227247
1.48294E+06,0.000216815
1.48848E+06,0.000206898
1.49402E+06,0.000197469
1.49984E+06,0.000188061
1.50000E+06,0.000187809
1.52740E+06,0.000182235
1.53774E+06,0.000180200
1.55496E+06,0.000176890
1.56186E+06,0.000175591
1.56530E+06,0.000174949
1.56875E+06,0.000174310
1.57219E+06,0.000173675
1.58253E+06,0.000171790
1.59287E+06,0.000169938
1.59976E+06,0.000168722
1.60665E+06,0.000167519
1.61354E+06,0.000166330
1.61699E+06,0.000165740
1.62019E+06,0.000165195
1.62732E+06,0.000163992
1.63421E+06,0.000162843
1.64800E+06,0.000160581
1.65833E+06,0.000158920
1.66522E+06,0.000157827
1.67556E+06,0.000156209
1.67687E+06,0.000156006
1.68590E+06,0.000154617
1.69623E+06,0.000153053
1.69968E+06,0.000152537
1.70313E+06,0.000152023
1.70657E+06,0.000151513
1.71002E+06,0.000151004
1.71346E+06,0.000150500
1.71691E+06,0.000149997
1.72035E+06,0.000149498
1.72724E+06,0.000148507
1.73414E+06,0.000147525
1.73758E+06,0.000147039
1.74447E+06,0.000146073
1.74792E+06,0.000145594
1.75000E+06,0.000145306
1.75481E+06,0.000144644
1.76170E+06,0.000143703
1.76515E+06,0.000143236
1.77893E+06,0.000141394
1.79271E+06,0.000139589
1.80305E+06,0.000138260
1.80649E+06,0.000137822
1.80994E+06,0.000137385
1.81338E+06,0.000136951
1.81683E+06,0.000136518
1.82028E+06,0.000136088
1.82372E+06,0.000135661
1.82717E+06,0.000135235
1.83406E+06,0.000134390
1.84095E+06,0.000133554
1.84784E+06,0.000132726
1.85129E+06,0.000132315
1.85473E+06,0.000131907
1.85818E+06,0.000131499
1.86507E+06,0.000130692
1.87885E+06,0.000129100
1.87892E+06,0.000129092
1.88030E+06,0.000128934
1.88574E+06,0.000128316
1.89263E+06,0.000127539
1.89952E+06,0.000126770
1.90642E+06,0.000126007
1.90986E+06,0.000125630
1.91675E+06,0.000124879
1.92709E+06,0.000123766
1.93743E+06,0.000122668
1.94015E+06,0.000122382
1.95465E+06,0.000120875
1.96155E+06,0.000120168
1.96499E+06,0.000119818
1.96844E+06,0.000119469
1.97533E+06,0.000118776
1.98566E+06,0.000117749
1.99256E+06,0.000117071
1.99767E+06,0.000116573
2.00000E+06,0.000116347
2.00206E+06,0.000116353
2.01084E+06,0.000116381
2.02402E+06,0.000116421
2.03719E+06,0.000116462
2.04401E+06,0.000116482
2.04597E+06,0.000116488
2.05476E+06,0.000116515
2.06793E+06,0.000116555
2.07232E+06,0.000116568
2.07671E+06,0.000116581
2.08550E+06,0.000116608
2.09428E+06,0.000116634
2.10306E+06,0.000116660
2.11184E+06,0.000116686
2.12502E+06,0.000116725
2.13819E+06,0.000116763
2.15137E+06,0.000116802
2.16015E+06,0.000116827
2.17772E+06,0.000116878
2.19528E+06,0.000116928
2.19967E+06,0.000116940
2.20406E+06,0.000116953
2.20846E+06,0.000116965
2.21724E+06,0.000116990
2.22602E+06,0.000117015
2.23041E+06,0.000117027
2.23920E+06,0.000117052
2.24798E+06,0.000117076
2.25000E+06,0.000117082
2.25676E+06,0.000117101
2.26115E+06,0.000117113
2.26994E+06,0.000117137
2.27872E+06,0.000117161
2.28750E+06,0.000117185
2.29189E+06,0.000117197
2.30507E+06,0.000117233
2.30946E+06,0.000117245
2.31824E+06,0.000117269
2.32703E+06,0.000117293
2.33581E+06,0.000117316
2.35777E+06,0.000117375
2.37094E+06,0.000117410
2.38411E+06,0.000117445
2.38851E+06,0.000117456
2.39729E+06,0.000117479
2.40168E+06,0.000117491
2.41046E+06,0.000117514
2.41925E+06,0.000117537
2.42364E+06,0.000117548
2.44559E+06,0.000117605
2.45877E+06,0.000117638
2.46755E+06,0.000117661
2.47194E+06,0.000117672
2.47633E+06,0.000117683
2.48512E+06,0.000117705
2.50000E+06,0.000117743
2.50268E+06,0.000117799
2.51586E+06,0.000118072
2.52464E+06,0.000118254
2.53342E+06,0.000118435
2.54660E+06,0.000118707
2.55099E+06,0.000118797
2.56416E+06,0.000119068
2.57295E+06,0.000119248
2.58612E+06,0.000119517
2.59490E+06,0.000119696
2.59777E+06,0.000119754
2.60520E+06,0.000119905
2.60891E+06,0.000119981
2.61634E+06,0.000120132
2.62006E+06,0.000120207
2.63492E+06,0.000120507
2.64236E+06,0.000120658
2.64979E+06,0.000120807
2.65722E+06,0.000120957
2.66073E+06,0.000121027
2.66465E+06,0.000121106
2.66730E+06,0.000121159
2.67951E+06,0.000121404
2.69066E+06,0.000121626
2.70181E+06,0.000121849
2.71667E+06,0.000122144
2.73154E+06,0.000122439
2.74640E+06,0.000122733
2.75755E+06,0.000122952
2.77241E+06,0.000123244
2.79099E+06,0.000123608
2.80214E+06,0.000123826
2.80957E+06,0.000123971
2.81328E+06,0.000124043
2.81700E+06,0.000124116
2.82071E+06,0.000124188
2.82815E+06,0.000124332
2.83558E+06,0.000124476
2.83929E+06,0.000124548
2.84673E+06,0.000124692
2.84822E+06,0.000124721
2.85416E+06,0.000124836
2.87274E+06,0.000125194
2.88760E+06,0.000125480
2.89875E+06,0.000125693
2.90618E+06,0.000125835
2.91361E+06,0.000125977
2.91418E+06,0.000125988
2.91733E+06,0.000126048
2.92104E+06,0.000126119
2.92847E+06,0.000126261
2.93962E+06,0.000126473
2.95448E+06,0.000126754
2.96935E+06,0.000127036
2.97678E+06,0.000127176
2.98793E+06,0.000127386
2.99164E+06,0.000127456
2.99907E+06,0.000127596
3.00000E+06,0.000127613
3.01394E+06,0.000128095
3.02137E+06,0.000128352
3.03252E+06,0.000128737
3.03995E+06,0.000128994
3.04366E+06,0.000129122
3.05110E+06,0.000129378
3.05247E+06,0.000129426
3.05410E+06,0.000129482
3.06224E+06,0.000129762
3.07711E+06,0.000130275
3.09197E+06,0.000130786
3.13316E+06,0.000132202
3.15289E+06,0.000132878
3.16557E+06,0.000133313
3.17370E+06,0.000133591
3.17628E+06,0.000133680
3.18721E+06,0.000134054
3.21423E+06,0.000134977
3.24126E+06,0.000135900
3.27705E+06,0.000137119
3.29531E+06,0.000137740
3.32233E+06,0.000138658
3.33584E+06,0.000139117
3.34935E+06,0.000139575
3.36287E+06,0.000140033
3.38989E+06,0.000140947
3.40340E+06,0.000141404
3.41692E+06,0.000141861
3.45745E+06,0.000143228
3.47096E+06,0.000143683
3.50000E+06,0.000144660
3.51150E+06,0.000145175
3.52501E+06,0.000145781
3.53852E+06,0.000146386
3.54267E+06,0.000146573
3.55151E+06,0.000146969
3.55204E+06,0.000146993
3.56555E+06,0.000147599
3.57906E+06,0.000148205
3.59257E+06,0.000148812
3.60608E+06,0.000149418
3.63311E+06,0.000150633
3.64662E+06,0.000151240
3.67365E+06,0.000152455
3.70067E+06,0.000153671
3.72729E+06,0.000154870
3.72769E+06,0.000154888
3.76823E+06,0.000156714
3.78174E+06,0.000157323
3.80877E+06,0.000158542
3.83579E+06,0.000159762
3.84845E+06,0.000160333
3.85926E+06,0.000160822
3.86282E+06,0.000160982
3.87007E+06,0.000161310
3.87682E+06,0.000161615
3.88984E+06,0.000162203
3.90335E+06,0.000162814
3.91686E+06,0.000163425
3.93628E+06,0.000164303
3.94389E+06,0.000164648
3.94979E+06,0.000164915
3.95740E+06,0.000165259
3.98442E+06,0.000166482
3.99303E+06,0.000166872
4.00000E+06,0.000167188
4.02496E+06,0.000168705
4.05198E+06,0.000170351
4.06556E+06,0.000171181
4.09347E+06,0.000172889
4.10603E+06,0.000173660
4.13100E+06,0.000175195
4.14657E+06,0.000176154
4.16008E+06,0.000176988
4.17359E+06,0.000177823
4.20062E+06,0.000179497
4.21413E+06,0.000180336
4.22348E+06,0.000180917
4.22764E+06,0.000181176
4.24115E+06,0.000182017
4.26818E+06,0.000183703
4.29330E+06,0.000185275
4.29520E+06,0.000185394
4.29618E+06,0.000185455
4.32223E+06,0.000183488
4.33574E+06,0.000182481
4.34925E+06,0.000181483
4.37628E+06,0.000179511
4.40330E+06,0.000177573
4.41664E+06,0.000176628
4.43032E+06,0.000174998
4.44384E+06,0.000173406
4.44966E+06,0.000172727
4.45735E+06,0.000171835
4.48437E+06,0.000168749
4.48563E+06,0.000168606
4.49788E+06,0.000167233
4.50000E+06,0.000166997
4.50017E+06,0.000166994
4.51887E+06,0.000166691
4.53539E+06,0.000166424
4.53842E+06,0.000166375
4.59247E+06,0.000165513
4.61949E+06,0.000165088
4.64652E+06,0.000164666
4.67354E+06,0.000164247
4.68705E+06,0.000164040
4.71408E+06,0.000163626
4.72759E+06,0.000163421
4.75000E+06,0.000163082
4.75461E+06,0.000163013
4.78164E+06,0.000162608
4.80866E+06,0.000162206
4.83569E+06,0.000161808
4.86271E+06,0.000161413
4.88974E+06,0.000161021
4.90160E+06,0.000160850
4.91262E+06,0.000160691
4.91676E+06,0.000160632
4.93113E+06,0.000160426
4.95730E+06,0.000160054
5.00000E+06,0.000159453
5.02166E+06,0.000159671
5.09022E+06,0.000160356
5.09657E+06,0.000160419
5.16502E+06,0.000161097
5.16751E+06,0.000161121
5.19588E+06,0.000161400
5.20000E+06,0.000161441
5.21454E+06,0.000161583
5.22426E+06,0.000161678
5.26682E+06,0.000162093
5.29520E+06,0.000162369
5.32357E+06,0.000162643
5.38032E+06,0.000163189
5.40870E+06,0.000163460
5.42330E+06,0.000163599
5.43707E+06,0.000163730
5.45126E+06,0.000163865
5.45630E+06,0.000163913
5.47507E+06,0.000163106
5.49383E+06,0.000162307
5.49640E+06,0.000162198
5.50000E+06,0.000162045
5.55058E+06,0.000162140
5.57895E+06,0.000162193
5.60000E+06,0.000162232
5.62693E+06,0.000162282
5.64989E+06,0.000162324
5.68650E+06,0.000162392
5.68651E+06,0.000162392
5.72083E+06,0.000162454
5.77758E+06,0.000162557
5.80000E+06,0.000162597
5.80596E+06,0.000162608
5.83433E+06,0.000162659
5.89108E+06,0.000162760
5.91089E+06,0.000162795
5.93364E+06,0.000162835
5.94783E+06,0.000162860
5.99040E+06,0.000162934
6.00000E+06,0.000162951
6.06133E+06,0.000162847
6.10000E+06,0.000162782
6.10390E+06,0.000162776
6.15355E+06,0.000162693
6.20321E+06,0.000162611
6.26306E+06,0.000162513
6.27415E+06,0.000162400
6.30000E+06,0.000162136
6.32964E+06,0.000161836
6.35928E+06,0.000161538
6.43022E+06,0.000160833
6.47278E+06,0.000160414
6.50000E+06,0.000160149
6.55790E+06,0.000159952
6.60047E+06,0.000159809
6.62884E+06,0.000159713
6.64400E+06,0.000159663
6.69978E+06,0.000159478
6.70000E+06,0.000159477
6.70270E+06,0.000159468
6.72253E+06,0.000159198
6.74235E+06,0.000158928
6.75600E+06,0.000158744
6.78491E+06,0.000158355
6.79910E+06,0.000158165
6.80800E+06,0.000158046
6.84500E+06,0.000157554
6.85585E+06,0.000157411
6.90000E+06,0.000156831
6.91200E+06,0.000156675
6.94097E+06,0.000156299
7.00000E+06,0.000155540
7.03800E+06,0.000155574
7.09953E+06,0.000155628
7.10000E+06,0.000155629
7.18601E+06,0.000155704
7.21600E+06,0.000155730
7.27249E+06,0.000155779
7.31000E+06,0.000155811
7.31573E+06,0.000155816
7.35000E+06,0.000155845
7.37300E+06,0.000155865
7.41800E+06,0.000155903
7.44800E+06,0.000155928
7.50000E+06,0.000155972
7.51000E+06,0.000156012
7.51030E+06,0.000156013
7.55354E+06,0.000156184
7.57516E+06,0.000156269
7.61840E+06,0.000156439
7.62787E+06,0.000156476
7.65691E+06,0.000156590
7.68326E+06,0.000156163
7.70000E+06,0.000155894
7.70488E+06,0.000155815
7.77500E+06,0.000154698
7.87063E+06,0.000153203
7.87100E+06,0.000153190
7.90000E+06,0.000152204
7.93649E+06,0.000150977
7.94269E+06,0.000150740
7.97135E+06,0.000149653
8.00000E+06,0.000148577
8.04200E+06,0.000148047
8.07300E+06,0.000147659
8.09403E+06,0.000146967
8.11000E+06,0.000146445
8.14053E+06,0.000145454
8.15888E+06,0.000145302
8.19131E+06,0.000145035
8.22374E+06,0.000144769
8.22843E+06,0.000144731
8.26698E+06,0.000144417
8.31022E+06,0.000144068
8.31057E+06,0.000144065
8.32296E+06,0.000143966
8.37508E+06,0.000143549
8.41832E+06,0.000143207
8.50000E+06,0.000142567
8.50479E+06,0.000142529
8.63451E+06,0.000141532
8.72099E+06,0.000140879
8.82909E+06,0.000140076
8.93718E+06,0.000139287
9.00000E+06,0.000138835
9.04528E+06,0.000139438
9.17500E+06,0.000141165
9.28309E+06,0.000142601
9.39119E+06,0.000144035
9.47767E+06,0.000145181
9.50000E+06,0.000145476
9.51000E+06,0.000145609
9.54253E+06,0.000146039
9.57300E+06,0.000146442
9.65062E+06,0.000147467
9.70625E+06,0.000148202
9.75300E+06,0.000148818
1.00000E+07,0.000152070
1.02400E+07,0.000156750
1.02843E+07,0.000157617
1.03500E+07,0.000158905
1.04205E+07,0.000160289
1.04206E+07,0.000160287
1.04603E+07,0.000158955
1.05000E+07,0.000157639
1.05400E+07,0.000156330
1.06050E+07,0.000154236
1.06700E+07,0.000152182
1.07500E+07,0.000149709
1.08900E+07,0.000145520
1.10000E+07,0.000142347
1.10252E+07,0.000140614
1.11000E+07,0.000135615
1.12700E+07,0.000125017
1.13750E+07,0.000118962
1.14088E+07,0.000117087
1.14800E+07,0.000113252
1.15000E+07,0.000112201
1.15243E+07,0.000110941
1.15600E+07,0.000109119
1.17000E+07,0.000102308
1.18100E+07,9.73093E-05
1.19400E+07,9.17702E-05
1.20000E+07,8.93403E-05
1.20500E+07,8.71984E-05
1.21000E+07,8.51164E-05
1.21832E+07,8.17796E-05
1.22000E+07,8.11246E-05
1.22400E+07,7.95895E-05
1.23700E+07,7.48305E-05
1.24000E+07,7.37800E-05
1.24600E+07,7.17306E-05
1.25510E+07,6.87481E-05
1.25900E+07,6.75145E-05
1.26000E+07,6.72024E-05
1.26415E+07,6.59250E-05
1.26700E+07,6.50643E-05
1.28000E+07,6.13012E-05
1.28100E+07,6.10225E-05
1.29400E+07,5.75304E-05
1.30000E+07,5.59980E-05
1.30600E+07,5.43279E-05
1.32000E+07,5.06493E-05
1.32700E+07,4.89181E-05
1.34000E+07,4.58807E-05
1.35500E+07,4.26423E-05
1.36000E+07,4.16220E-05
1.37700E+07,3.83573E-05
1.38000E+07,3.78123E-05
1.39600E+07,3.50521E-05
1.40000E+07,3.43988E-05
1.41600E+07,3.17218E-05
1.42000E+07,3.10902E-05
1.43000E+07,2.95729E-05
1.44000E+07,2.81395E-05
1.45000E+07,2.67848E-05
1.46000E+07,2.55040E-05
1.46958E+07,2.43420E-05
1.48000E+07,2.31462E-05
1.48950E+07,2.21141E-05
1.49900E+07,2.11341E-05
1.50000E+07,2.10338E-05
1.51250E+07,1.99277E-05
1.52500E+07,1.88882E-05
1.53750E+07,1.79107E-05
1.55000E+07,1.69911E-05
1.56250E+07,1.61255E-05
1.57500E+07,1.53105E-05
1.58750E+07,1.45425E-05
1.60000E+07,1.38187E-05
1.61250E+07,1.30384E-05
1.62500E+07,1.23076E-05
1.63750E+07,1.16230E-05
1.65000E+07,1.09812E-05
1.66250E+07,1.03793E-05
1.67500E+07,9.81454E-06
1.68750E+07,9.28436E-06
1.70000E+07,8.78643E-06
1.71129E+07,8.25739E-06
1.72258E+07,7.76337E-06
1.73629E+07,7.20692E-06
1.75000E+07,6.69427E-06
1.76250E+07,6.26186E-06
1.76954E+07,6.03200E-06
1.77500E+07,5.86015E-06
1.78750E+07,5.48675E-06
1.80000E+07,5.13951E-06
1.81250E+07,4.92074E-06
1.82500E+07,4.71269E-06
1.83750E+07,4.51477E-06
1.85000E+07,4.32642E-06
1.86250E+07,4.14712E-06
1.87500E+07,3.97637E-06
1.88750E+07,3.81372E-06
1.90000E+07,3.65873E-06
1.92500E+07,3.44804E-06
1.95000E+07,3.25197E-06
1.97500E+07,3.06934E-06
2.00000E+07,2.89907E-06
