1.03125E-05,282.932
1.06250E-05,278.748
1.09375E-05,274.745
1.12500E-05,270.909
1.15625E-05,267.231
1.18750E-05,263.699
1.21875E-05,260.303
1.25000E-05,257.036
1.28125E-05,253.889
1.31250E-05,250.855
1.34375E-05,247.928
1.37500E-05,245.102
1.43750E-05,239.728
1.50000E-05,234.693
1.56250E-05,229.964
1.62500E-05,225.511
1.68750E-05,221.308
1.75000E-05,217.332
1.81250E-05,213.564
1.87500E-05,209.986
1.93750E-05,206.583
2.00000E-05,203.341
2.09375E-05,198.753
2.18750E-05,194.464
2.28125E-05,190.442
2.37500E-05,186.661
2.46875E-05,183.098
2.56250E-05,179.732
2.65625E-05,176.547
2.75000E-05,173.526
2.84375E-05,170.656
2.93750E-05,167.924
3.03125E-05,165.321
3.12500E-05,162.836
3.21875E-05,160.460
3.31250E-05,158.186
3.40625E-05,156.007
3.50000E-05,153.916
3.59375E-05,151.908
3.68750E-05,149.977
3.78125E-05,148.119
3.87500E-05,146.328
3.96875E-05,144.601
4.06250E-05,142.935
4.25000E-05,139.770
4.43750E-05,136.807
4.62500E-05,134.028
4.81250E-05,131.413
5.00000E-05,128.946
5.15625E-05,126.995
5.31250E-05,125.131
5.46875E-05,123.347
5.62500E-05,121.639
5.78125E-05,120.000
5.93750E-05,118.427
6.09375E-05,116.915
6.25000E-05,115.460
6.40625E-05,114.058
6.56250E-05,112.708
6.71875E-05,111.405
6.87500E-05,110.147
7.18750E-05,107.755
7.50000E-05,105.515
7.81250E-05,103.411
8.12500E-05,101.430
8.43750E-05,99.5610
8.75000E-05,97.7934
9.06250E-05,96.1185
9.37500E-05,94.5284
9.68750E-05,93.0163
0.000100000,91.5760
0.000103125,90.2020
0.000106250,88.8894
0.000109375,87.6338
0.000112500,86.4312
0.000115625,85.2779
0.000118750,84.1708
0.000121875,83.1068
0.000125000,82.0832
0.000128125,81.0975
0.000131250,80.1474
0.000134375,79.2310
0.000137500,78.3461
0.000143750,76.6644
0.000150000,75.0897
0.000156250,73.6112
0.000162500,72.2194
0.000168750,70.9064
0.000175000,69.6649
0.000181250,68.4887
0.000187500,67.3724
0.000193750,66.3110
0.000200000,65.3002
0.000209375,63.8706
0.000218750,62.5348
0.000228125,61.2831
0.000237500,60.1070
0.000246875,58.9993
0.000256250,57.9536
0.000265625,56.9644
0.000275000,56.0268
0.000284375,55.1366
0.000293750,54.2898
0.000303125,53.4832
0.000312500,52.7136
0.000321875,51.9783
0.000331250,51.2748
0.000340625,50.6011
0.000350000,49.9549
0.000359375,49.3346
0.000368750,48.7384
0.000378125,48.1649
0.000387500,47.6126
0.000396875,47.0803
0.000406250,46.5668
0.000425000,45.5921
0.000443750,44.6809
0.000462500,43.8265
0.000481250,43.0234
0.000500000,42.2667
0.000515625,41.6685
0.000531250,41.0973
0.000546875,40.5513
0.000562500,40.0285
0.000578125,39.5275
0.000593750,39.0468
0.000609375,38.5850
0.000625000,38.1410
0.000640625,37.7137
0.000656250,37.3020
0.000671875,36.9050
0.000687500,36.5220
0.000718750,35.7944
0.000750000,35.1138
0.000781250,34.4752
0.000812500,33.8746
0.000843750,33.3084
0.000875000,32.7735
0.000906250,32.2670
0.000937500,31.7867
0.000968750,31.3303
0.00100000,30.8959
0.00103125,30.4819
0.00106250,30.0867
0.00109375,29.7089
0.00112500,29.3473
0.00115625,29.0008
0.00118750,28.6684
0.00121875,28.3492
0.00125000,28.0423
0.00128125,27.7469
0.00131250,27.4623
0.00134375,27.1880
0.00137500,26.9233
0.00143750,26.4206
0.00150000,25.9504
0.00156250,25.5092
0.00162500,25.0944
0.00168750,24.7033
0.00175000,24.3338
0.00181250,23.9840
0.00187500,23.6522
0.00193750,23.3369
0.00200000,23.0369
0.00209375,22.6128
0.00218750,22.2168
0.00228125,21.8460
0.00237500,21.4978
0.00246875,21.1700
0.00256250,20.8607
0.00265625,20.5683
0.00275000,20.2912
0.00284375,20.0282
0.00293750,19.7781
0.00303125,19.5400
0.00312500,19.3128
0.00321875,19.0958
0.00331250,18.8882
0.00340625,18.6894
0.00350000,18.4988
0.00359375,18.3159
0.00368750,18.1400
0.00378125,17.9709
0.00387500,17.8080
0.00396875,17.6511
0.00406250,17.4996
0.00425000,17.2122
0.00443750,16.9435
0.00462500,16.6915
0.00481250,16.4546
0.00500000,16.2314
0.00515625,16.0549
0.00531250,15.8863
0.00546875,15.7251
0.00562500,15.5708
0.00578125,15.4228
0.00593750,15.2808
0.00609375,15.1444
0.00625000,15.0132
0.00640625,14.8869
0.00656250,14.7652
0.00671875,14.6478
0.00687500,14.5345
0.00718750,14.3192
0.00750000,14.1176
0.00781250,13.9284
0.00812500,13.7504
0.00843750,13.5824
0.00875000,13.4236
0.00906250,13.2732
0.00937500,13.1305
0.00968750,12.9948
0.0100000,12.8656
0.0103125,12.7424
0.0106250,12.6247
0.0109375,12.5121
0.0112500,12.4043
0.0115625,12.3009
0.0118750,12.2017
0.0121875,12.1064
0.0125000,12.0147
0.0128125,11.9264
0.0131250,11.8413
0.0134375,11.7592
0.0137500,11.6800
0.0143750,11.5294
0.0150000,11.3884
0.0156250,11.2560
0.0162500,11.1314
0.0168750,11.0138
0.0175000,10.9026
0.0181250,10.7973
0.0187500,10.6973
0.0193750,10.6023
0.0200000,10.5117
0.0206625,10.4203
0.0213250,10.3332
0.0219875,10.2501
0.0226500,10.1707
0.0233125,10.0948
0.0239750,10.0220
0.0246375,9.95219
0.0253000,9.88518
0.0264578,9.77421
0.0276156,9.67034
0.0287734,9.57285
0.0299313,9.48111
0.0310891,9.39457
0.0322469,9.31277
0.0334047,9.23528
0.0345625,9.16174
0.0355274,9.10324
0.0364922,9.04708
0.0374570,8.99311
0.0384219,8.94120
0.0393867,8.89122
0.0403516,8.84305
0.0413164,8.79658
0.0422813,8.75172
0.0442109,8.66646
0.0461406,8.58664
0.0480703,8.51169
0.0500000,8.44115
0.0515625,8.38697
0.0531250,8.33522
0.0546875,8.28571
0.0562500,8.23828
0.0578125,8.19281
0.0593750,8.14915
0.0609375,8.10720
0.0625000,8.06683
0.0640625,8.02796
0.0656250,7.99050
0.0671875,7.95435
0.0687500,7.91945
0.0718750,7.85311
0.0750000,7.79096
0.0781250,7.73259
0.0812500,7.67763
0.0843750,7.62575
0.0875000,7.57669
0.0906250,7.53019
0.0937500,7.48605
0.0968750,7.44407
0.100000,7.40408
0.103125,7.36593
0.106250,7.32948
0.109375,7.29461
0.112500,7.26121
0.115625,7.22918
0.118750,7.19842
0.121875,7.16887
0.125000,7.14044
0.128125,7.11306
0.131250,7.08667
0.134375,7.06121
0.137500,7.03663
0.143750,6.98990
0.150000,6.94611
0.156250,6.90498
0.162500,6.86624
0.168750,6.82968
0.175000,6.79510
0.181250,6.76234
0.187500,6.73123
0.193750,6.70166
0.200000,6.67349
0.209375,6.63363
0.218750,6.59635
0.228125,6.56139
0.237500,6.52852
0.246875,6.49755
0.256250,6.46829
0.265625,6.44061
0.275000,6.41435
0.284375,6.38941
0.293750,6.36568
0.303125,6.34306
0.312500,6.32146
0.321875,6.30082
0.331250,6.28107
0.340625,6.26214
0.350000,6.24397
0.359375,6.22653
0.368750,6.20975
0.378125,6.19361
0.387500,6.17807
0.396875,6.16309
0.406250,6.14863
0.425000,6.12117
0.443750,6.09544
0.462500,6.07129
0.500000,6.02721
0.531250,5.99411
0.562500,5.96375
0.593750,5.93582
0.625000,5.91002
0.687500,5.86382
0.750000,5.82355
0.812500,5.78803
0.875000,5.75649
0.937500,5.72816
1.00000,5.70245
1.06250,5.67905
1.12500,5.65764
1.18750,5.63795
1.25000,5.61976
1.37500,5.58720
1.50000,5.55883
1.62500,5.53380
1.75000,5.51159
1.87500,5.49165
2.00000,5.47353
2.18750,5.44936
2.37500,5.42817
2.56250,5.40936
2.75000,5.39257
2.93750,5.37743
3.12500,5.36365
3.31250,5.35108
3.50000,5.33954
3.87500,5.31907
4.25000,5.30141
4.62500,5.28600
5.00000,5.27241
5.31250,5.26222
5.62500,5.25291
5.93750,5.24436
6.25000,5.23649
6.87500,5.22243
7.50000,5.21024
8.12500,5.19955
8.75000,5.19010
9.37500,5.18167
10.0000,5.17407
10.6250,5.16720
11.2500,5.16096
11.8750,5.15526
12.5000,5.15004
13.7500,5.14079
15.0000,5.13286
16.2500,5.12598
17.5000,5.11998
18.7500,5.11470
20.0000,5.11001
21.8750,5.10393
23.7500,5.09877
25.6250,5.09438
27.5000,5.09061
29.3750,5.08736
31.2500,5.08456
33.1250,5.08213
35.0000,5.08003
38.7500,5.07667
42.5000,5.07420
46.2500,5.07244
50.0000,5.07126
53.1250,5.07064
56.2500,5.07031
59.3750,5.07022
62.5000,5.07035
68.7500,5.07116
75.0000,5.07258
81.2500,5.07450
87.5000,5.07683
93.7500,5.07950
100.000,5.08246
106.250,5.08567
112.500,5.08910
118.750,5.09273
125.000,5.09653
137.500,5.10458
150.000,5.11314
162.500,5.12213
175.000,5.13149
187.500,5.14117
200.000,5.15114
218.750,5.16658
237.500,5.18254
256.250,5.19897
275.000,5.21583
293.750,5.23309
312.500,5.25073
331.250,5.26873
350.000,5.28708
387.500,5.32479
425.000,5.36380
462.500,5.40410
500.000,5.44565
531.250,5.48124
562.500,5.51772
625.000,5.59334
687.500,5.67260
750.000,5.75564
812.500,5.84261
875.000,5.93371
937.500,6.02913
1000.00,6.12911
1062.50,6.23391
1125.00,6.34383
1187.50,6.45919
1250.00,6.58036
1312.50,6.70775
1406.25,6.91235
1500.00,7.13198
1625.00,7.45574
1750.00,7.81926
1875.00,8.23033
1937.50,8.45677
2000.00,8.69926
2081.99,9.04674
2163.97,9.42755
2245.95,9.84961
2327.94,10.3236
2409.92,10.8517
2491.91,11.4539
2532.90,11.7816
2573.89,12.1406
2655.88,12.9235
2711.77,13.5346
2767.67,14.2164
2823.57,14.9802
2879.47,15.8408
2907.42,16.3034
2935.37,16.8046
2963.32,17.3398
2991.27,17.9120
3019.22,18.5251
3047.17,19.1829
3075.11,19.8902
3103.06,20.6532
3144.06,21.8930
3164.55,22.5584
3185.05,23.2772
3226.04,24.8396
3246.54,25.7018
3267.03,26.6264
3287.53,27.6008
3308.02,28.6458
3328.52,29.7811
3349.02,30.9824
3369.51,32.2649
3390.01,33.6765
3400.26,34.3923
3410.50,35.1775
3431.00,36.7759
3453.36,38.7134
3475.72,40.7796
3498.08,43.0719
3520.44,45.5673
3542.80,48.3231
3565.16,51.3349
3587.52,54.6755
3609.88,58.3412
3630.37,62.0687
3650.87,66.1485
3671.36,70.6403
3691.86,75.6172
3712.36,81.0818
3732.85,87.1561
3743.10,90.4138
3753.35,93.8816
3773.84,101.303
3794.66,109.734
3805.07,114.250
3815.48,119.052
3836.29,129.425
3846.70,135.021
3857.11,140.962
3867.52,147.168
3877.93,153.671
3898.74,167.797
3909.15,175.317
3919.56,183.271
3940.38,200.115
3952.52,210.646
3964.66,221.611
3988.94,244.657
4037.50,293.827
4061.78,318.090
4073.92,329.664
4086.06,340.659
4098.20,350.710
4110.34,359.752
4122.49,367.756
4134.63,374.503
4150.81,381.098
4165.70,384.722
4180.59,386.013
4190.36,385.472
4200.12,384.001
4209.89,381.712
4219.65,378.468
4239.19,369.587
4258.72,358.173
4278.25,344.803
4297.79,330.135
4317.32,314.929
4327.08,307.167
4336.85,299.407
4341.95,295.373
4347.04,291.359
4352.14,287.365
4354.69,285.380
4357.23,283.406
4359.14,281.930
4361.05,280.461
4362.97,278.999
4364.88,277.545
4366.79,276.102
4367.74,275.384
4368.70,274.671
4369.65,273.961
4370.61,273.257
4371.56,272.560
4372.04,272.214
4372.52,271.872
4373.16,271.419
4373.79,270.972
4374.11,270.752
4374.43,270.534
4374.75,270.319
4375.07,270.108
4375.39,269.900
4375.70,269.698
4376.02,269.502
4376.34,269.314
4376.66,269.136
4376.98,268.971
4377.14,268.895
4377.30,268.824
4377.46,268.759
4377.61,268.699
4377.76,268.652
4377.91,268.611
4378.05,268.578
4378.20,268.555
4378.34,268.541
4378.49,268.539
4378.64,268.550
4378.78,268.575
4378.93,268.615
4379.07,268.673
4379.22,268.751
4379.37,268.850
4379.51,268.972
4379.66,269.120
4379.80,269.295
4379.95,269.500
4380.05,269.658
4380.15,269.832
4380.25,270.022
4380.35,270.226
4380.45,270.450
4380.55,270.689
4380.65,270.949
4380.75,271.224
4380.85,271.521
4380.95,271.834
4381.05,272.169
4381.15,272.520
4381.25,272.894
4381.34,273.283
4381.54,274.120
4381.68,274.751
4381.82,275.410
4381.96,276.099
4382.10,276.815
4382.38,278.315
4382.66,279.862
4382.95,281.494
4383.24,283.074
4383.53,284.533
4383.68,285.198
4383.83,285.807
4384.02,286.535
4384.22,287.128
4384.39,287.510
4384.56,287.777
4384.67,287.889
4384.78,287.947
4384.89,287.950
4385.00,287.896
4385.04,287.866
4385.16,287.723
4385.28,287.516
4385.40,287.245
4385.52,286.911
4385.73,286.162
4385.95,285.234
4386.15,284.237
4386.34,283.129
4386.56,281.796
4386.78,280.371
4387.17,277.636
4387.57,274.857
4387.78,273.357
4388.00,271.903
4388.22,270.510
4388.43,269.192
4388.54,268.561
4388.65,267.957
4388.76,267.369
4388.87,266.810
4388.98,266.267
4389.09,265.753
4389.19,265.256
4389.30,264.787
4389.41,264.335
4389.52,263.909
4389.63,263.500
4389.74,263.115
4389.85,262.747
4389.95,262.400
4390.06,262.069
4390.17,261.758
4390.29,261.435
4390.41,261.132
4390.53,260.847
4390.64,260.579
4390.80,260.242
4390.96,259.930
4391.07,259.728
4391.18,259.536
4391.29,259.353
4391.39,259.180
4391.50,259.013
4391.61,258.854
4391.83,258.555
4392.05,258.277
4392.26,258.018
4392.48,257.774
4392.70,257.543
4392.91,257.323
4393.13,257.112
4393.35,256.907
4393.56,256.709
4393.78,256.516
4394.00,256.328
4394.43,255.961
4394.71,255.733
4394.99,255.509
4395.26,255.288
4395.54,255.070
4396.09,254.639
4396.64,254.215
4397.20,253.797
4397.75,253.383
4398.30,252.973
4398.85,252.566
4399.41,252.162
4399.96,251.760
4401.06,250.962
4402.17,250.171
4403.27,249.386
4404.82,248.291
4406.37,247.205
4407.93,246.126
4409.48,245.055
4412.58,242.931
4415.68,240.832
4418.78,238.756
4421.89,236.701
4428.09,232.667
4434.29,228.709
4440.50,224.844
4452.91,217.359
4464.68,210.610
4476.45,204.138
4488.22,197.983
4499.99,192.045
4511.77,186.440
4523.54,181.109
4535.31,175.974
4547.08,171.148
4570.62,162.123
4594.17,154.008
4605.94,150.202
4617.71,146.634
4641.25,139.940
4665.92,133.648
4678.25,130.706
4690.58,127.944
4715.24,122.790
4739.91,118.156
4764.57,113.937
4789.24,110.136
4813.90,106.691
4838.56,103.554
4858.74,101.217
4878.92,99.0624
4899.10,97.0724
4919.28,95.2343
4959.64,91.9838
5000.00,89.2053
5044.17,86.6789
5088.34,84.5983
5110.43,83.6967
5132.51,82.9016
5154.60,82.1608
5176.68,81.5456
5198.77,80.9629
5220.85,80.4945
5265.02,79.7193
5309.19,79.1962
5353.36,78.9100
5412.26,78.8906
5471.15,79.2003
5525.14,79.8137
5579.12,80.6882
5633.11,81.8343
5687.09,83.2693
5741.08,84.9602
5795.07,86.9504
5849.05,89.2315
5903.04,91.7996
5956.31,94.6802
5982.95,96.2199
6009.59,97.8743
6062.86,101.410
6116.13,105.348
6142.77,107.439
6169.41,109.655
6222.68,114.381
6249.32,116.911
6275.95,119.556
6329.23,125.143
6379.29,130.831
6404.33,133.792
6429.36,136.867
6479.43,143.229
6504.46,146.518
6529.49,149.855
6579.56,156.598
6629.63,163.276
6679.70,169.627
6729.76,175.346
6768.99,179.030
6808.22,181.758
6847.45,183.328
6867.06,183.593
6886.68,183.460
6919.83,182.177
6936.40,181.119
6952.98,179.656
6986.13,175.788
7002.70,173.325
7006.84,172.665
7010.99,171.981
7013.06,171.631
7015.13,171.277
7017.20,170.919
7018.24,170.740
7019.27,170.562
7020.02,170.437
7020.76,170.317
7021.14,170.261
7021.51,170.208
7021.88,170.160
7022.25,170.118
7022.63,170.085
7023.00,170.063
7023.37,170.054
7023.56,170.056
7023.74,170.062
7023.93,170.073
7024.12,170.089
7024.30,170.110
7024.49,170.138
7024.68,170.172
7024.86,170.212
7025.05,170.259
7025.23,170.312
7025.42,170.373
7025.61,170.440
7025.79,170.513
7025.98,170.593
7026.17,170.678
7026.35,170.769
7026.72,170.964
7027.56,171.434
7027.98,171.657
7028.19,171.759
7028.40,171.852
7028.59,171.925
7028.77,171.988
7028.96,172.039
7029.14,172.079
7029.34,172.106
7029.54,172.117
7029.78,172.107
7030.00,172.076
7030.15,172.042
7030.22,172.021
7030.47,171.938
7030.67,171.848
7030.87,171.742
7031.06,171.627
7031.25,171.499
7031.45,171.359
7031.64,171.209
7031.85,171.030
7032.07,170.841
7032.50,170.445
7032.93,170.038
7033.36,169.636
7033.55,169.462
7033.74,169.293
7033.93,169.129
7034.12,168.971
7034.31,168.820
7034.50,168.675
7034.69,168.538
7034.89,168.407
7035.08,168.284
7035.27,168.167
7035.46,168.058
7035.65,167.954
7035.84,167.858
7036.03,167.767
7036.22,167.681
7036.41,167.601
7036.61,167.525
7036.80,167.454
7037.18,167.324
7037.56,167.206
7037.94,167.098
7038.32,166.999
7038.71,166.904
7039.09,166.815
7039.47,166.728
7039.91,166.631
7040.35,166.535
7041.24,166.347
7042.12,166.161
7043.01,165.976
7044.77,165.605
7046.54,165.233
7050.08,164.479
7053.61,163.712
7067.75,160.525
7096.03,153.548
7124.30,145.982
7152.58,137.898
7188.05,127.258
7223.51,116.392
7258.97,105.607
7294.44,95.0234
7329.90,84.9699
7347.63,80.1512
7365.36,75.5375
7383.10,71.0902
7400.83,66.8031
7418.56,62.7225
7436.29,58.8259
7456.49,54.6422
7476.69,50.6995
7496.89,47.0012
7517.09,43.5493
7537.29,40.3178
7557.49,37.3159
7577.69,34.5265
7597.89,31.9339
7618.09,29.5429
7638.29,27.3288
7658.49,25.2873
7678.69,23.4135
7698.89,21.6860
7719.09,20.1066
7739.29,18.6617
7759.49,17.3390
7779.69,16.1395
7799.89,15.0467
7820.09,14.0568
7840.28,13.1662
7860.48,12.3613
7880.68,11.6429
7900.88,11.0025
7921.08,10.4328
7941.28,9.93412
7961.48,9.49705
7981.68,9.11926
8001.88,8.79857
8022.08,8.52742
8042.28,8.30613
8062.48,8.13005
8082.68,7.99504
8097.37,7.92256
8112.06,7.87009
8126.75,7.83669
8141.44,7.82150
8158.89,7.82623
8176.33,7.85432
8211.22,7.97629
8246.11,8.17486
8281.00,8.44816
8298.45,8.60729
8315.89,8.78513
8333.34,8.97211
8350.78,9.17948
8385.67,9.62636
8420.56,10.1226
8453.62,10.6363
8486.67,11.1877
8519.73,11.7735
8552.78,12.3972
8585.83,13.0436
8618.89,13.7232
8651.94,14.4195
8684.99,15.1554
8718.05,15.9013
8751.10,16.6834
8817.21,18.2987
8883.32,19.9947
8949.43,21.7672
9037.57,24.2497
9125.71,26.8642
9213.86,29.5654
9302.00,32.3648
9389.25,35.2511
9476.50,38.2321
9651.00,44.4500
9825.50,50.9571
9912.75,54.2945
10000.0,57.6718
10026.8,58.7154
10040.2,59.2378
10053.6,59.7609
10067.0,60.2849
10073.7,60.5470
10080.4,60.8095
10087.1,61.0724
10093.8,61.3362
10097.2,61.4686
10100.5,61.6015
10103.9,61.7354
10107.2,61.8708
10109.1,61.9463
10110.9,62.0226
10112.7,62.1008
10114.6,62.1824
10115.5,62.2255
10116.4,62.2712
10117.3,62.3210
10118.2,62.3778
10118.7,62.4110
10119.1,62.4488
10119.6,62.4926
10120.1,62.5434
10120.5,62.6058
10121.0,62.6820
10121.4,62.7757
10121.9,62.8884
10122.2,62.9678
10122.4,63.0573
10122.7,63.1578
10123.0,63.2703
10123.2,63.3957
10123.5,63.5347
10123.8,63.6881
10124.0,63.8498
10124.3,64.0326
10124.6,64.2303
10124.8,64.4429
10125.1,64.6695
10125.4,64.9091
10125.7,65.1603
10125.9,65.4214
10126.2,65.6798
10127.1,66.6429
10127.6,67.1072
10127.9,67.3248
10128.1,67.5207
10128.3,67.6946
10128.5,67.8533
10128.7,67.9950
10129.0,68.1181
10129.2,68.2418
10129.5,68.3333
10129.7,68.3829
10129.9,68.4097
10130.0,68.4129
10130.0,68.4142
10130.2,68.4136
10130.3,68.4072
10130.5,68.3773
10130.7,68.3161
10131.0,68.2270
10131.2,68.1319
10131.4,68.0251
10131.6,67.9037
10131.8,67.7689
10132.0,67.6147
10132.2,67.4570
10132.6,67.1166
10133.0,66.7529
10133.4,66.3783
10133.9,65.9024
10134.2,65.6755
10134.4,65.4557
10134.7,65.2446
10134.9,65.0436
10135.2,64.8539
10135.4,64.6762
10135.7,64.5110
10135.9,64.3588
10136.2,64.2194
10136.4,64.0928
10136.7,63.9786
10136.9,63.8763
10137.2,63.7855
10137.4,63.7053
10137.6,63.6404
10137.9,63.5833
10138.1,63.5335
10138.3,63.4920
10138.8,63.4240
10139.2,63.3749
10139.7,63.3404
10140.1,63.3188
10140.6,63.3063
10141.0,63.3008
10141.5,63.3006
10141.9,63.3044
10142.8,63.3198
10143.7,63.3419
10144.6,63.3678
10146.5,63.4259
10148.3,63.4885
10150.1,63.5535
10151.9,63.6197
10155.0,63.7376
10158.2,63.8569
10161.3,63.9773
10164.4,64.0982
10170.7,64.3412
10177.0,64.5850
10183.3,64.8296
10189.6,65.0741
10202.1,65.5633
10214.7,66.0528
10227.3,66.5418
10252.4,67.5185
10346.8,71.1495
10441.2,74.7063
10535.6,78.2242
10630.1,81.5391
10724.5,84.8284
10818.9,87.8645
10913.3,90.6861
11007.7,93.2636
11090.0,95.2739
11172.2,97.0673
11254.5,98.6377
11336.7,99.9771
11418.9,101.080
11501.2,101.943
11583.4,102.532
11665.6,102.893
11685.9,102.941
11706.1,102.976
11716.2,102.989
11726.4,102.998
11731.4,103.002
11736.5,103.006
11739.0,103.008
11741.5,103.012
11744.1,103.017
11745.3,103.021
11746.6,103.028
11747.2,103.034
11747.8,103.041
11748.4,103.052
11749.0,103.068
11749.6,103.091
11750.2,103.124
11750.8,103.172
11751.1,103.202
11751.4,103.237
11751.7,103.279
11752.0,103.327
11752.3,103.383
11752.6,103.445
11752.9,103.518
11753.2,103.600
11753.5,103.692
11753.7,103.791
11754.0,103.903
11754.3,104.025
11754.6,104.157
11754.9,104.294
11755.2,104.444
11755.5,104.602
11756.1,104.928
11756.7,105.239
11757.2,105.539
11757.5,105.686
11757.8,105.821
11758.0,105.946
11758.3,106.060
11758.5,106.143
11758.7,106.216
11759.0,106.279
11759.2,106.330
11759.4,106.370
11759.6,106.398
11760.0,106.417
11760.0,106.417
11760.1,106.417
11760.2,106.411
11760.4,106.399
11760.6,106.371
11760.8,106.331
11761.0,106.280
11761.3,106.217
11761.5,106.144
11761.7,106.065
11762.0,105.939
11762.3,105.803
11762.6,105.652
11762.9,105.497
11764.0,104.838
11764.4,104.645
11764.7,104.465
11765.1,104.289
11765.4,104.129
11765.8,103.977
11766.1,103.842
11766.5,103.718
11766.8,103.610
11767.1,103.513
11767.5,103.430
11767.8,103.357
11768.2,103.296
11768.5,103.243
11768.9,103.200
11769.2,103.163
11769.6,103.134
11769.9,103.109
11770.2,103.089
11770.6,103.072
11770.9,103.059
11771.6,103.039
11772.3,103.026
11773.0,103.017
11773.7,103.011
11775.1,103.002
11776.5,102.997
11777.9,102.992
11780.7,102.985
11783.5,102.979
11786.3,102.974
11791.9,102.963
11797.6,102.952
11808.8,102.928
11820.0,102.901
11842.5,102.833
11865.0,102.750
11891.2,102.633
11907.9,102.547
11924.7,102.452
11933.1,102.402
11941.5,102.350
11945.6,102.324
11949.8,102.299
11951.9,102.287
11954.0,102.276
11956.1,102.267
11957.2,102.266
11958.2,102.271
11958.8,102.276
11959.3,102.286
11959.8,102.301
11960.4,102.323
11960.9,102.354
11961.4,102.396
11962.0,102.454
11962.5,102.528
11963.0,102.624
11963.3,102.680
11963.6,102.742
11963.9,102.810
11964.1,102.884
11964.7,103.046
11965.2,103.232
11965.7,103.431
11966.8,103.857
11967.3,104.040
11967.7,104.206
11968.2,104.353
11968.4,104.417
11968.6,104.474
11969.0,104.550
11969.4,104.602
11969.6,104.621
11969.9,104.631
11970.0,104.632
11970.1,104.631
11970.3,104.623
11970.5,104.608
11970.6,104.590
11970.7,104.586
11970.7,104.576
11970.8,104.567
11971.0,104.526
11971.3,104.475
11971.5,104.415
11971.8,104.347
11972.1,104.238
11972.4,104.118
11972.8,103.988
11973.1,103.855
11973.8,103.574
11974.5,103.301
11974.9,103.151
11975.2,103.010
11975.6,102.880
11976.0,102.764
11976.4,102.658
11976.8,102.566
11977.2,102.483
11977.6,102.414
11977.9,102.353
11978.3,102.302
11978.7,102.259
11979.1,102.224
11979.5,102.195
11979.9,102.171
11980.3,102.151
11980.6,102.135
11981.0,102.121
11981.4,102.110
11982.2,102.092
11983.0,102.079
11983.7,102.068
11985.3,102.051
11986.8,102.036
11988.9,102.017
11990.9,101.999
11995.1,101.963
11999.2,101.929
12003.3,101.894
12011.5,101.824
12019.8,101.752
12039.6,101.571
12059.4,101.379
12099.0,100.968
12178.2,99.9733
12336.7,97.6668
12495.2,94.8800
12653.7,91.6855
12970.7,84.5931
13129.2,80.8945
13287.6,77.1414
13449.3,73.3325
13611.0,69.5823
13772.6,65.9160
13934.3,62.3509
14096.0,58.9070
14176.8,57.2277
14257.6,55.5846
14338.4,53.9700
14419.3,52.3833
14500.1,50.8239
14580.9,49.2919
14656.4,47.8926
14731.8,46.5142
14807.3,45.1558
14882.7,43.8177
14945.6,42.7222
15008.4,41.6417
15071.3,40.5766
15134.2,39.5281
15197.0,38.5002
15228.5,37.9934
15259.9,37.4946
15291.3,37.0003
15322.8,36.5158
15354.2,36.0382
15385.6,35.5724
15408.4,35.2425
15431.2,34.9203
15454.0,34.6069
15476.8,34.3034
15499.6,34.0100
15522.4,33.7316
15545.1,33.4701
15556.5,33.3470
15567.9,33.2293
15577.4,33.1376
15586.8,33.0514
15596.2,32.9720
15605.6,32.9008
15613.9,32.8474
15622.1,32.8055
15626.3,32.7902
15630.4,32.7798
15634.5,32.7755
15638.6,32.7792
15643.0,32.7947
15647.3,32.8266
15651.6,32.8826
15653.8,32.9233
15655.9,32.9756
15658.3,33.0500
15660.7,33.1486
15663.0,33.2812
15664.2,33.3646
15665.4,33.4620
15667.2,33.6570
15668.2,33.7772
15669.1,33.9176
15670.0,34.0848
15671.0,34.2818
15671.9,34.5189
15672.8,34.8080
15673.9,35.2356
15674.5,35.4935
15675.0,35.7897
15675.5,36.1315
15676.1,36.5272
15676.6,36.9871
15677.2,37.5225
15677.6,38.0848
15678.1,38.7309
15678.6,39.4728
15679.1,40.3225
15679.6,41.2928
15680.1,42.3958
15680.6,43.6429
15681.1,45.0437
15681.6,46.8076
15682.2,48.7404
15682.7,50.8695
15683.2,53.1830
15683.8,55.6592
15684.3,58.2656
15685.4,63.6324
15685.9,66.3259
15686.5,68.8707
15687.0,71.2459
15687.5,73.3796
15687.8,74.3514
15688.1,75.2342
15688.3,76.0200
15688.6,76.7018
15688.9,77.2732
15689.1,77.7289
15689.4,78.0646
15689.7,78.2714
15690.0,78.3666
15690.1,78.3599
15690.4,78.2618
15690.6,78.0477
15690.9,77.7194
15691.1,77.2800
15691.4,76.7332
15691.7,76.0837
15691.9,75.3372
15692.2,74.5338
15692.7,72.7395
15693.1,70.7417
15693.6,68.5586
15694.1,66.2436
15695.1,61.2751
15695.6,58.7721
15696.1,56.3824
15696.6,54.0448
15697.1,51.8803
15697.6,49.8209
15698.1,47.9615
15698.5,46.5308
15698.9,45.2455
15699.3,44.0397
15699.7,42.9686
15700.1,41.9737
15700.5,41.0978
15700.9,40.2904
15701.3,39.5841
15701.8,38.8038
15702.3,38.1378
15702.8,37.5466
15703.3,37.0427
15703.8,36.5951
15704.3,36.2126
15704.8,35.8713
15705.3,35.5779
15705.9,35.2274
15706.6,34.9349
15707.3,34.6814
15708.0,34.4665
15709.3,34.1143
15710.7,33.8419
15711.6,33.6789
15712.6,33.5400
15714.6,33.3165
15716.6,33.1459
15718.6,33.0131
15719.3,32.9717
15720.0,32.9335
15722.9,32.8067
15725.8,32.7115
15728.1,32.6510
15730.4,32.6019
15735.1,32.5293
15739.8,32.4811
15744.5,32.4500
15749.5,32.4308
15754.5,32.4233
15759.6,32.4255
15764.6,32.4361
15774.7,32.4783
15784.7,32.5465
15791.9,32.6108
15799.1,32.6889
15813.5,32.8823
15827.9,33.1310
15842.3,33.4417
15856.7,33.8222
15871.1,34.2813
15885.5,34.8290
15899.9,35.4785
15915.7,36.3287
15931.5,37.3410
15947.4,38.5428
15963.2,39.9645
15979.0,41.6397
15994.8,43.6099
16002.7,44.7192
16010.7,45.9201
16018.6,47.2162
16026.5,48.6140
16034.6,50.1617
16042.7,51.8305
16050.8,53.6250
16058.9,55.5553
16067.0,57.6244
16075.1,59.8392
16083.2,62.2012
16091.3,64.7133
16099.4,67.3740
16107.5,70.1774
16123.7,76.1870
16139.9,82.6374
16156.1,89.2494
16165.3,93.0321
16174.6,96.7194
16183.8,100.241
16193.0,103.519
16202.3,106.479
16211.5,109.046
16220.8,111.159
16230.0,112.768
16240.6,113.950
16251.1,114.415
16259.7,114.274
16268.3,113.693
16276.9,112.707
16285.5,111.358
16294.1,109.686
16302.6,107.744
16319.8,103.205
16337.0,98.2041
16354.1,92.9560
16371.3,87.7002
16379.9,85.1158
16388.4,82.5808
16397.6,79.9357
16406.8,77.3709
16416.0,74.8804
16425.2,72.4764
16434.3,70.1594
16443.5,67.9256
16452.7,65.7727
16461.9,63.7071
16471.0,61.7139
16480.2,59.7970
16489.4,57.9526
16498.6,56.1745
16507.7,54.4568
16516.9,52.8032
16526.1,51.2009
16535.3,49.6507
16545.5,47.9812
16555.7,46.3653
16565.9,44.7973
16576.1,43.2742
16586.4,41.7928
16596.6,40.3476
16606.8,38.9344
16617.0,37.5522
16629.8,35.8595
16642.6,34.2049
16655.3,32.5822
16668.1,30.9914
16680.9,29.4288
16693.7,27.9029
16706.4,26.4172
16719.2,24.9830
16728.6,23.9739
16737.9,23.0128
16747.3,22.1138
16756.7,21.2959
16766.0,20.5816
16775.4,20.0026
16780.1,19.7756
16784.8,19.5984
16789.5,19.4759
16794.1,19.4135
16798.8,19.4217
16803.5,19.5121
16808.2,19.6931
16812.9,19.9736
16817.6,20.3659
16822.2,20.8801
16826.9,21.5293
16831.6,22.3265
16834.3,22.8505
16836.9,23.4264
16839.6,24.0604
16842.2,24.7497
16844.9,25.5017
16847.5,26.3124
16850.2,27.1898
16852.8,28.1284
16855.5,29.1364
16858.2,30.2068
16860.8,31.3481
16863.5,32.5513
16868.8,35.1581
16874.1,38.0093
16878.0,40.2601
16881.9,42.6225
16885.8,45.0811
16889.7,47.6110
16893.6,50.2046
16897.5,52.8255
16901.4,55.4626
16905.3,58.0771
16910.7,61.6106
16916.1,64.9947
16921.4,68.1775
16926.8,71.1098
16932.2,73.7530
16937.6,76.0812
16942.9,78.0803
16948.3,79.7429
16952.7,80.8523
16957.1,81.7535
16961.5,82.4706
16965.9,83.0053
16974.7,83.5821
16983.4,83.5995
16994.2,83.0315
16999.6,82.5611
17004.9,81.9943
17010.3,81.3498
17015.7,80.6433
17021.0,79.8887
17026.4,79.0981
17037.2,77.4456
17047.9,75.7519
17058.6,74.0589
17069.4,72.3957
17079.9,70.8147
17090.4,69.2903
17100.9,67.8286
17111.4,66.4331
17121.9,65.1015
17132.4,63.8351
17142.9,62.6293
17153.4,61.4839
17167.7,60.0175
17181.9,58.6478
17196.2,57.3660
17210.4,56.1692
17224.7,55.0413
17238.9,53.9803
17253.2,52.9808
17267.4,52.0376
17288.4,50.7466
17309.3,49.5524
17330.2,48.4437
17351.1,47.4131
17372.0,46.4485
17392.9,45.5459
17413.8,44.6977
17434.7,43.8977
17474.6,42.4943
17514.5,41.2186
17554.4,40.0596
17594.3,38.9914
17634.2,38.0043
17674.1,37.0912
17714.0,36.2367
17753.9,35.4348
17799.5,34.5792
17845.2,33.7743
17873.7,33.2970
17902.2,32.8382
17930.7,32.3968
17944.9,32.1835
17959.2,31.9757
17969.6,31.8273
17980.1,31.6838
17990.5,31.5469
17995.8,31.4819
18001.0,31.4204
18008.6,31.3394
18013.8,31.2927
18019.0,31.2584
18021.7,31.2479
18024.3,31.2440
18026.9,31.2488
18029.5,31.2656
18032.3,31.3043
18033.8,31.3351
18035.2,31.3759
18036.6,31.4307
18038.0,31.5032
18039.5,31.6018
18040.9,31.7362
18041.7,31.8320
18042.4,31.9471
18043.2,32.0886
18044.0,32.2646
18044.8,32.4888
18045.5,32.7697
18046.3,33.1277
18047.1,33.5853
18047.6,33.9562
18048.1,34.3822
18048.6,34.8898
18049.1,35.4686
18049.6,36.1515
18050.1,36.9209
18050.6,37.8162
18051.1,38.8087
18051.4,39.5283
18051.8,40.2999
18052.1,41.1234
18052.4,41.9708
18052.7,42.8931
18053.1,43.8323
18053.7,45.8612
18054.1,47.2437
18054.5,48.6322
18055.4,51.4958
18056.0,53.7387
18056.7,55.8256
18057.0,56.8104
18057.3,57.7029
18057.7,58.5480
18058.0,59.2847
18058.4,60.1130
18058.8,60.7546
18059.2,61.2177
18059.6,61.4927
18060.0,61.5744
18060.1,61.5719
18060.3,61.5334
18060.5,61.4484
18060.9,61.1509
18061.3,60.6702
18061.7,60.0393
18062.0,59.3889
18062.3,58.6407
18062.6,57.8042
18063.0,56.8898
18063.3,55.9085
18063.6,54.8717
18064.3,52.7120
18065.6,48.2227
18066.2,46.0103
18066.9,43.9547
18067.5,42.0617
18067.9,41.1715
18068.2,40.3563
18068.6,39.3600
18069.0,38.4680
18069.4,37.6356
18069.9,36.9000
18070.3,36.2214
18070.7,35.6279
18071.1,35.0977
18071.5,34.6256
18072.2,33.9839
18072.8,33.4553
18073.5,33.0209
18074.1,32.6638
18074.8,32.3694
18075.4,32.1255
18076.1,31.9218
18076.7,31.7502
18078.0,31.4880
18079.2,31.2902
18080.4,31.1341
18081.7,31.0073
18082.9,30.9008
18084.2,30.8110
18086.6,30.6650
18089.0,30.5542
18091.4,30.4627
18093.7,30.3840
18096.1,30.3152
18100.8,30.1971
18105.6,30.0966
18110.1,30.0114
18114.6,29.9332
18123.5,29.7898
18132.5,29.6574
18141.5,29.5320
18150.5,29.4111
18159.5,29.2936
18177.5,29.0655
18195.5,28.8441
18213.4,28.6281
18247.5,28.2298
18281.6,27.8437
18315.6,27.4687
18349.7,27.1027
18417.8,26.3960
18486.0,25.7196
18599.5,24.6496
18713.1,23.6391
18826.6,22.6802
18940.2,21.7559
19053.7,20.8634
19167.3,19.9959
19280.8,19.1471
19394.4,18.3113
19545.8,17.2061
19697.2,16.0993
19848.6,14.9747
19924.3,14.4012
20000.0,13.8174
20117.0,12.8870
20175.5,12.4074
20234.0,11.9163
20292.5,11.4111
20351.0,10.8915
20409.5,10.3565
20467.9,9.80453
20514.7,9.34887
20561.5,8.88098
20584.9,8.64241
20608.3,8.40096
20631.7,8.15665
20655.1,7.91038
20671.9,7.73299
20680.3,7.64477
20688.8,7.55734
20697.2,7.47166
20701.4,7.43000
20705.6,7.38971
20709.8,7.35125
20714.0,7.31599
20718.2,7.28583
20720.3,7.27375
20722.4,7.26466
20725.3,7.25956
20727.0,7.26268
20728.6,7.27275
20730.3,7.29386
20731.1,7.31067
20731.9,7.33365
20732.7,7.36548
20733.5,7.40863
20734.4,7.46788
20735.2,7.54930
20736.0,7.66255
20736.8,7.81531
20737.7,8.02139
20738.1,8.14896
20738.5,8.29549
20739.2,8.59049
20739.8,8.94854
20740.2,9.16162
20740.5,9.38855
20740.9,9.63585
20741.2,9.90402
20741.6,10.2022
20741.9,10.5132
20742.6,11.1970
20743.3,11.9686
20744.0,12.7920
20744.6,13.6064
20745.2,14.4367
20745.9,15.2568
20746.5,16.0257
20746.9,16.4255
20747.2,16.7892
20747.5,17.1238
20747.9,17.4253
20748.4,17.8001
20748.9,18.0791
20749.1,18.1925
20749.4,18.2732
20749.7,18.3268
20749.9,18.3489
20750.0,18.3498
20750.3,18.3348
20750.5,18.2929
20751.0,18.1341
20751.3,17.9991
20751.6,17.8334
20751.8,17.6385
20752.1,17.4246
20752.4,17.1498
20752.7,16.8466
20753.3,16.1681
20754.0,15.4161
20754.6,14.6318
20755.8,13.0195
20756.4,12.3111
20756.9,11.6379
20757.5,11.0097
20758.0,10.4334
20758.6,9.91277
20759.2,9.44919
20759.7,9.04184
20760.3,8.69406
20760.7,8.47165
20761.1,8.27783
20761.5,8.10506
20761.8,7.95164
20762.6,7.69306
20763.4,7.49511
20764.2,7.34029
20765.0,7.22205
20765.8,7.12975
20766.5,7.05675
20767.3,6.99732
20768.1,6.94917
20769.7,6.87406
20771.2,6.81637
20772.8,6.76967
20775.0,6.71393
20777.3,6.66663
20779.5,6.62477
20781.8,6.58679
20786.2,6.51766
20790.7,6.45462
20795.2,6.39504
20799.7,6.33791
20808.6,6.22764
20815.8,6.14167
20822.9,6.05694
20837.2,5.88968
20851.6,5.72416
20865.9,5.55979
20885.6,5.33550
20905.3,5.11372
20944.7,4.68080
20984.0,4.27047
21003.7,4.07816
21023.4,3.89736
21037.7,3.77481
21052.1,3.66116
21066.4,3.55787
21080.7,3.46658
21095.0,3.38914
21109.3,3.32768
21123.7,3.28458
21138.0,3.26256
21153.6,3.26521
21161.5,3.27871
21169.3,3.30170
21177.1,3.33434
21185.0,3.37740
21188.9,3.40357
21192.8,3.43399
21194.8,3.45266
21195.7,3.46390
21196.7,3.47727
21197.7,3.49375
21198.7,3.51459
21199.7,3.54122
21200.6,3.57475
21201.5,3.61187
21202.4,3.65615
21203.2,3.70739
21204.1,3.76391
21205.8,3.88743
21206.7,3.94733
21207.6,4.00027
21208.4,4.04025
21209.1,4.06917
21210.0,4.08716
21210.1,4.08782
21210.3,4.08960
21210.5,4.09036
21210.9,4.08897
21211.2,4.08647
21211.3,4.08541
21211.4,4.08294
21211.8,4.07615
21212.1,4.06768
21212.8,4.04590
21213.4,4.01895
21214.1,3.98856
21215.9,3.89841
21216.9,3.85869
21217.8,3.82589
21218.7,3.80111
21219.7,3.78441
21220.6,3.77510
21221.5,3.77208
21222.5,3.77411
21223.4,3.77994
21224.3,3.78853
21225.3,3.79908
21227.1,3.82384
21229.0,3.85141
21231.6,3.89346
21238.3,4.00884
21244.9,4.13728
21251.5,4.27938
21258.1,4.43551
21264.8,4.60690
21271.4,4.79383
21278.0,4.99774
21284.6,5.21888
21291.9,5.48382
21299.2,5.77243
21306.5,6.08606
21313.8,6.42560
21321.1,6.79339
21328.3,7.18988
21335.6,7.61762
21342.9,8.07694
21352.2,8.71499
21361.6,9.41066
21370.9,10.1686
21380.2,10.9919
21389.5,11.8833
21398.9,12.8416
21408.2,13.8717
21417.5,14.9752
21425.1,15.9328
21432.7,16.9407
21440.4,17.9987
21448.0,19.1050
21455.6,20.2615
21463.2,21.4656
21478.4,24.0070
21493.7,26.7161
21508.9,29.5509
21524.2,32.4736
21539.4,35.4340
21551.1,37.7115
21562.8,39.9561
21574.5,42.1413
21586.3,44.2391
21600.3,46.6127
21614.4,48.7897
21628.4,50.7417
21642.5,52.4473
21656.6,53.8946
21670.6,55.0776
21684.7,55.9769
21698.8,56.6576
21717.5,57.2022
21736.3,57.3813
21749.2,57.3138
21762.0,57.1227
21787.8,56.4204
21813.6,55.3933
21839.4,54.1439
21865.2,52.7652
21890.9,51.3173
21916.7,49.8483
21942.5,48.3915
21967.0,47.0420
21991.4,45.7354
22015.9,44.4799
22040.3,43.2812
22064.8,42.1386
22089.3,41.0538
22113.7,40.0253
22138.2,39.0503
22162.3,38.1384
22186.5,37.2741
22234.8,35.6791
22283.2,34.2436
22331.5,32.9498
22379.8,31.7820
22428.1,30.7155
22476.5,29.7427
22524.8,28.8559
22573.1,28.0368
22621.4,27.2843
22669.8,26.5878
22718.1,25.9393
22775.2,25.2329
22832.3,24.5794
22889.4,23.9739
22946.5,23.4121
23060.8,22.3995
23175.0,21.5002
23271.7,20.8227
23368.3,20.2009
23465.0,19.6296
23561.6,19.1044
23754.9,18.1595
23851.6,17.7334
23948.2,17.3316
24018.5,17.0548
24060.2,16.8958
24102.0,16.7407
24122.9,16.6646
24143.7,16.5895
24154.2,16.5523
24164.6,16.5155
24175.0,16.4791
24180.2,16.4612
24185.5,16.4435
24189.0,16.4315
24192.6,16.4198
24196.2,16.4085
24199.7,16.3976
24201.5,16.3925
24203.3,16.3876
24205.1,16.3832
24206.9,16.3794
24208.7,16.3767
24209.6,16.3760
24210.4,16.3761
24211.3,16.3774
24212.2,16.3803
24213.1,16.3857
24213.6,16.3898
24214.0,16.3950
24214.6,16.4040
24215.2,16.4159
24215.8,16.4318
24216.3,16.4522
24216.9,16.4786
24217.5,16.5114
24218.1,16.5523
24218.7,16.6023
24219.3,16.6639
24219.8,16.7363
24220.4,16.8228
24221.0,16.9213
24221.6,17.0355
24222.2,17.1612
24222.8,17.2995
24223.3,17.4488
24224.4,17.7341
24225.4,18.0293
24226.4,18.3109
24227.0,18.4395
24227.5,18.5525
24227.9,18.6300
24228.3,18.6947
24228.7,18.7489
24229.0,18.7889
24229.5,18.8176
24229.9,18.8292
24230.0,18.8296
24230.0,18.8295
24230.1,18.8284
24230.2,18.8265
24230.4,18.8198
24230.8,18.7955
24231.5,18.7232
24232.2,18.6145
24232.6,18.5257
24233.1,18.4251
24233.9,18.1967
24234.8,17.9456
24235.7,17.6881
24236.8,17.3895
24237.3,17.2505
24237.8,17.1232
24238.3,17.0038
24238.9,16.8954
24239.4,16.7983
24239.9,16.7139
24240.5,16.6385
24241.0,16.5733
24241.5,16.5174
24242.0,16.4707
24242.6,16.4306
24243.1,16.3976
24243.6,16.3696
24244.1,16.3468
24244.8,16.3218
24245.5,16.3026
24246.3,16.2875
24247.0,16.2757
24247.7,16.2660
24248.4,16.2583
24249.1,16.2517
24249.8,16.2460
24251.2,16.2364
24252.6,16.2284
24254.0,16.2211
24255.4,16.2144
24258.2,16.2020
24261.0,16.1905
24263.8,16.1795
24266.6,16.1689
24271.1,16.1524
24275.6,16.1364
24282.1,16.1138
24288.6,16.0916
24301.5,16.0478
24314.5,16.0048
24327.4,15.9621
24353.3,15.8778
24379.2,15.7948
24430.9,15.6322
24482.7,15.4734
24649.2,14.9879
24815.8,14.5358
25148.8,13.7158
25481.9,12.9834
25814.9,12.3202
26139.0,11.7333
26463.1,11.1815
26787.1,10.6658
27111.2,10.1752
27381.3,9.78028
27651.3,9.39176
27921.4,9.00312
28056.4,8.80604
28191.4,8.60514
28308.5,8.42617
28425.5,8.24161
28542.5,8.04885
28659.5,7.84561
28736.0,7.70564
28755.2,7.66966
28774.3,7.63331
28783.9,7.61502
28793.4,7.59673
28803.0,7.57852
28807.8,7.56955
28812.5,7.56083
28814.8,7.55693
28817.0,7.55332
28818.0,7.55197
28818.9,7.55082
28819.9,7.54996
28820.8,7.54956
28821.8,7.54987
28822.3,7.55040
28822.7,7.55124
28823.2,7.55249
28823.7,7.55418
28824.2,7.55649
28824.6,7.55940
28825.1,7.56318
28825.6,7.56778
28826.1,7.57356
28826.5,7.58041
28827.0,7.58881
28827.5,7.59855
28828.0,7.61023
28828.4,7.62350
28829.4,7.65649
28830.3,7.69844
28831.3,7.74973
28832.2,7.80925
28833.4,7.89032
28834.5,7.97669
28835.6,8.06345
28836.7,8.14128
28837.7,8.19684
28838.7,8.23454
28839.7,8.25138
28840.0,8.25221
28840.9,8.24126
28841.6,8.22148
28842.2,8.19309
28843.0,8.14822
28843.8,8.09501
28845.4,7.97196
28846.7,7.86584
28848.0,7.76774
28849.3,7.68429
28849.9,7.64931
28850.6,7.61867
28851.2,7.59187
28851.9,7.56944
28852.5,7.55058
28853.2,7.53489
28853.9,7.52178
28854.5,7.51123
28855.2,7.50262
28855.8,7.49560
28856.6,7.48876
28857.4,7.48341
28858.2,7.47904
28858.9,7.47547
28859.7,7.47239
28860.5,7.46974
28862.1,7.46513
28863.6,7.46104
28865.2,7.45723
28868.3,7.45003
28873.2,7.43929
28878.1,7.42882
28887.9,7.40821
28907.4,7.36716
28936.6,7.30505
28965.9,7.24200
29024.4,7.11310
29083.0,6.98188
29112.2,6.91655
29141.5,6.85249
29172.2,6.78838
29202.8,6.72977
29233.5,6.68054
29264.1,6.64677
29275.3,6.64008
29299.0,6.63982
29322.7,6.66567
29346.4,6.72935
29358.2,6.78123
29370.1,6.85055
29385.4,6.97283
29400.7,7.14267
29408.4,7.25024
29416.0,7.37594
29423.7,7.52306
29431.4,7.69475
29439.0,7.89564
29446.7,8.13023
29454.4,8.40513
29462.0,8.72686
29469.7,9.10496
29477.4,9.54897
29481.2,9.80042
29485.0,10.0728
29488.9,10.3688
29492.7,10.6906
29498.3,11.2107
29503.8,11.7983
29509.4,12.4650
29515.0,13.2188
29520.6,14.0743
29523.4,14.5444
29526.1,15.0440
29528.9,15.5787
29531.7,16.1490
29534.5,16.7570
29537.3,17.4025
29542.0,18.5824
29546.6,19.8927
29551.3,21.3454
29556.0,22.9479
29560.6,24.7156
29565.3,26.6521
29570.0,28.7609
29574.6,31.0350
29577.7,32.6372
29580.8,34.2997
29587.0,37.7937
29593.2,41.4218
29599.4,45.0417
29605.6,48.4961
29608.7,50.1002
29611.8,51.5816
29614.9,52.9256
29618.0,54.1018
29621.0,55.0962
29624.1,55.8942
29627.2,56.4878
29630.3,56.8684
29633.4,57.0390
29636.5,57.0050
29639.6,56.7754
29642.7,56.3656
29645.8,55.7897
29648.9,55.0701
29655.1,53.2706
29661.3,51.1286
29667.4,48.7868
29673.6,46.3700
29679.8,43.9625
29686.0,41.6311
29690.4,40.0518
29694.7,38.5370
29699.1,37.0934
29703.4,35.7271
29707.8,34.4320
29712.2,33.2099
29716.5,32.0589
29720.9,30.9785
29727.4,29.4757
29733.9,28.1090
29740.5,26.8640
29747.0,25.7298
29753.6,24.6933
29760.1,23.7480
29766.6,22.8819
29773.2,22.0893
29781.1,21.2068
29789.1,20.4095
29797.1,19.6868
29805.1,19.0307
29813.1,18.4318
29821.1,17.8844
29829.1,17.3825
29837.1,16.9218
29853.0,16.1041
29869.0,15.4036
29885.0,14.7975
29901.0,14.2695
29916.9,13.8056
29932.9,13.3961
29948.9,13.0323
29964.9,12.7086
29982.3,12.3960
29991.0,12.2551
29999.7,12.1255
30008.4,12.0093
30012.8,11.9579
30017.1,11.9125
30023.0,11.8657
30025.9,11.8511
30028.8,11.8458
30030.6,11.8491
30032.4,11.8598
30034.2,11.8808
30036.0,11.9167
30037.9,11.9766
30039.7,12.0747
30040.6,12.1463
30041.5,12.2389
30042.4,12.3586
30043.3,12.5114
30044.2,12.7000
30045.0,12.9353
30045.9,13.2295
30046.7,13.5929
30047.6,14.0417
30048.5,14.5746
30049.3,15.2027
30050.2,15.9282
30051.2,16.8898
30052.2,17.9616
30054.2,20.2843
30055.2,21.4434
30056.2,22.5009
30057.1,23.3773
30057.6,23.7422
30058.1,24.0437
30058.5,24.2761
30059.0,24.4497
30059.4,24.5616
30059.9,24.6097
30060.1,24.6113
30060.5,24.5716
30060.9,24.4737
30061.4,24.3189
30061.8,24.1095
30062.5,23.6226
30063.3,22.9990
30064.1,22.1905
30064.9,21.2853
30067.9,17.7427
30068.7,16.9533
30069.4,16.2280
30070.1,15.5542
30070.8,14.9551
30071.5,14.4150
30072.2,13.9475
30072.9,13.5413
30073.6,13.1919
30074.4,12.8898
30075.1,12.6375
30075.8,12.4220
30076.5,12.2433
30077.2,12.0912
30077.9,11.9651
30079.4,11.7683
30080.8,11.6240
30082.2,11.5162
30083.6,11.4316
30085.1,11.3637
30086.6,11.3015
30088.2,11.2493
30091.3,11.1637
30094.4,11.0947
30097.6,11.0365
30100.7,10.9853
30103.8,10.9395
30110.1,10.8582
30116.1,10.7891
30122.0,10.7259
30134.0,10.6111
30146.0,10.5071
30157.9,10.4106
30181.8,10.2346
30205.8,10.0758
30253.6,9.79804
30301.5,9.56009
30349.3,9.35282
30397.2,9.16966
30445.0,9.00605
30540.7,8.72370
30636.5,8.48554
30732.2,8.27928
30827.9,8.09700
31001.9,7.81060
31175.9,7.56290
31349.9,7.34362
31523.9,7.14357
31784.9,6.87103
32045.9,6.61925
32146.0,6.52723
32196.0,6.48193
32221.0,6.45953
32233.5,6.44844
32239.8,6.44295
32246.0,6.43753
32249.8,6.43428
32253.7,6.43110
32257.5,6.42801
32261.3,6.42512
32263.2,6.42378
32265.1,6.42262
32266.0,6.42214
32267.0,6.42178
32267.9,6.42159
32268.9,6.42166
32269.8,6.42213
32270.8,6.42319
32271.3,6.42404
32271.7,6.42513
32272.2,6.42657
32272.7,6.42835
32273.2,6.43062
32273.6,6.43336
32274.1,6.43679
32274.6,6.44086
32275.1,6.44584
32275.5,6.45164
32276.0,6.45865
32276.5,6.46668
32277.0,6.47685
32277.5,6.48869
32278.0,6.50236
32278.5,6.51798
32279.5,6.55551
32280.6,6.60181
32281.6,6.65666
32282.6,6.71892
32284.6,6.85570
32286.3,6.96046
32287.1,7.00456
32287.9,7.03963
32288.6,7.06192
32289.3,7.07530
32290.0,7.07920
32290.9,7.07155
32291.5,7.05569
32292.2,7.03221
32292.7,7.01107
32293.0,6.99570
32294.1,6.93164
32295.2,6.85800
32297.4,6.70622
32298.8,6.62319
32300.1,6.55430
32300.8,6.52509
32301.5,6.50008
32302.1,6.47863
32302.8,6.46049
32303.5,6.44512
32304.2,6.43264
32304.8,6.42243
32305.5,6.41415
32306.2,6.40747
32306.8,6.40211
32307.5,6.39781
32308.2,6.39434
32308.7,6.39212
32309.2,6.39025
32309.7,6.38861
32310.2,6.38721
32311.3,6.38486
32312.3,6.38296
32313.3,6.38134
32314.4,6.37990
32316.4,6.37737
32318.5,6.37505
32320.5,6.37286
32324.6,6.36871
32328.8,6.36472
32332.9,6.36084
32341.1,6.35326
32347.9,6.34709
32354.7,6.34098
32368.3,6.32885
32395.5,6.30477
32449.9,6.25702
32558.7,6.16215
32776.4,5.97201
33019.4,5.74898
33140.8,5.62376
33201.6,5.55340
33262.3,5.47364
33297.8,5.42041
33333.2,5.35995
33368.6,5.28836
33404.0,5.19955
33419.2,5.15375
33434.4,5.10122
33449.6,5.03985
33464.8,4.96665
33476.8,4.89717
33488.8,4.81384
33500.9,4.71133
33506.9,4.65049
33512.9,4.58128
33519.8,4.48798
33526.8,4.37650
33533.8,4.24072
33537.2,4.16101
33540.7,4.07173
33545.5,3.93009
33547.8,3.84891
33550.2,3.75996
33552.6,3.66129
33555.0,3.55233
33557.3,3.43122
33559.7,3.29652
33561.4,3.18850
33563.2,3.07304
33564.9,2.95183
33566.7,2.82920
33568.4,2.71464
33569.3,2.66567
33570.1,2.62661
33571.0,2.60207
33571.9,2.59795
33572.7,2.62159
33573.2,2.64620
33573.6,2.68098
33574.0,2.72362
33574.4,2.77732
33574.8,2.84329
33575.2,2.92062
33575.6,3.01454
33576.0,3.12161
33576.4,3.24867
33576.8,3.39064
33577.2,3.55613
33577.6,3.73812
33578.0,3.94718
33578.4,4.17399
33578.8,4.43125
33579.1,4.70700
33579.5,5.01617
33579.9,5.34389
33580.4,5.78338
33580.9,6.25258
33581.4,6.77113
33581.8,7.31654
33582.3,7.91045
33582.8,8.52593
33583.3,9.17218
33583.7,9.84574
33584.2,10.6178
33584.8,11.3964
33585.8,13.0048
33586.7,14.4695
33587.7,15.8767
33588.6,17.1736
33589.1,17.7650
33589.5,18.3110
33590.0,18.7462
33590.4,19.1402
33590.8,19.4907
33591.2,19.7956
33591.6,20.0422
33592.0,20.2408
33592.3,20.3980
33592.7,20.5138
33593.1,20.5900
33593.5,20.6235
33594.2,20.5745
33594.9,20.4147
33595.6,20.1566
33596.2,19.8125
33596.9,19.3957
33597.7,18.8283
33598.4,18.2012
33600.0,16.8530
33601.3,15.6931
33602.7,14.6016
33604.0,13.6089
33604.6,13.1561
33605.3,12.7336
33606.3,12.1670
33607.2,11.6675
33608.2,11.2245
33609.1,10.8324
33610.1,10.4856
33611.1,10.1783
33612.0,9.90526
33613.0,9.66175
33614.3,9.36761
33615.6,9.11252
33616.9,8.88931
33618.3,8.69232
33619.6,8.51712
33620.9,8.36020
33623.5,8.09057
33625.8,7.89438
33628.1,7.72600
33630.4,7.57919
33632.7,7.44994
33637.2,7.23222
33641.8,7.05651
33647.1,6.89030
33652.4,6.75412
33657.7,6.64016
33662.9,6.54328
33668.2,6.45961
33673.5,6.38669
33684.1,6.26515
33694.6,6.16769
33705.2,6.08751
33719.6,5.99792
33734.0,5.92490
33748.4,5.86362
33762.8,5.81110
33789.7,5.72986
33816.6,5.66387
33870.4,5.55988
33912.7,5.49414
33955.0,5.43736
34039.5,5.33969
34208.6,5.17863
34393.0,5.02744
34577.5,4.88672
34915.6,4.64371
35253.8,4.40819
35591.9,4.17402
35930.1,3.93709
36160.7,3.77192
36391.2,3.60243
36621.8,3.42765
36737.1,3.33793
36852.3,3.24673
36944.6,3.17300
37036.8,3.09932
37129.0,3.02744
37175.1,2.99344
37221.2,2.96234
37259.7,2.94042
37298.1,2.92509
37319.2,2.92137
37340.4,2.92311
37361.5,2.93308
37382.6,2.95612
37395.1,2.97915
37407.6,3.01258
37420.1,3.06133
37426.3,3.09358
37432.6,3.13277
37440.7,3.19763
37448.9,3.28297
37453.0,3.33594
37457.1,3.39741
37461.2,3.46939
37465.2,3.55426
37467.9,3.61770
37470.5,3.68860
37473.2,3.76841
37475.8,3.85861
37478.5,3.96141
37481.1,4.07826
37483.7,4.21224
37486.4,4.36675
37488.1,4.47837
37489.7,4.60072
37491.4,4.73603
37493.1,4.88612
37494.8,5.05318
37496.5,5.23980
37498.1,5.44905
37499.8,5.68460
37501.1,5.89099
37502.5,6.11886
37503.8,6.37114
37505.1,6.65124
37506.4,6.96315
37507.7,7.31148
37509.1,7.70161
37510.4,8.13975
37511.7,8.63703
37513.0,9.19418
37513.7,9.49936
37514.4,9.82391
37515.0,10.1691
37515.7,10.5363
37516.3,10.9270
37517.0,11.3424
37517.7,11.7840
37518.3,12.2533
37519.0,12.7516
37519.6,13.2802
37520.3,13.8403
37521.0,14.4330
37522.2,15.6271
37523.4,16.9402
37524.6,18.3710
37525.9,19.8996
37527.1,21.5375
37528.3,23.2507
37530.8,26.7579
37531.9,28.3842
37533.1,29.9165
37534.2,31.3344
37535.4,32.5669
37536.6,33.5909
37537.7,34.3507
37538.3,34.6276
37538.9,34.8264
37539.4,34.9521
37540.0,34.9992
37540.6,34.9688
37541.2,34.8597
37541.7,34.6732
37542.3,34.4163
37542.9,34.0828
37543.5,33.6798
37544.6,32.6918
37545.8,31.4735
37546.9,30.0892
37548.1,28.5619
37549.2,26.9642
37551.6,23.6321
37552.8,22.0005
37553.9,20.4439
37555.1,18.9559
37556.2,17.5752
37557.4,16.2857
37558.6,15.1124
37559.8,13.9725
37560.4,13.4456
37561.1,12.9462
37561.7,12.4734
37562.3,12.0261
37563.5,11.2100
37564.8,10.4756
37566.0,9.82054
37567.2,9.23622
37568.5,8.71838
37569.7,8.25123
37571.0,7.83257
37572.2,7.45650
37573.4,7.12045
37574.7,6.81448
37575.9,6.53753
37577.1,6.28620
37578.4,6.05928
37580.0,5.79650
37581.5,5.56324
37583.1,5.35274
37584.7,5.16448
37586.3,4.99336
37587.8,4.83927
37589.4,4.69829
37591.0,4.57055
37593.5,4.39048
37595.9,4.23364
37598.4,4.09510
37600.9,3.97302
37603.4,3.86403
37605.8,3.76705
37608.3,3.67999
37610.8,3.60152
37614.6,3.49426
37618.4,3.40185
37622.2,3.32113
37626.1,3.25045
37629.9,3.18777
37633.7,3.13215
37641.4,3.03761
37651.3,2.94017
37661.2,2.86287
37671.1,2.79990
37680.9,2.74752
37690.8,2.70286
37700.7,2.66405
37720.5,2.59930
37740.3,2.54630
37760.1,2.50098
37780.8,2.45921
37801.5,2.42125
37842.9,2.35282
37884.3,2.29029
37925.7,2.23093
37983.2,2.15072
38069.6,2.03171
38156.0,1.91123
38242.4,1.78754
38328.7,1.65994
38415.1,1.52834
38501.5,1.39346
38587.9,1.25713
38674.2,1.12308
38739.0,1.02820
38771.4,0.984219
38803.8,0.943651
38836.2,0.907590
38868.6,0.877423
38884.8,0.864793
38901.0,0.854693
38917.2,0.847113
38933.4,0.842399
38947.8,0.840926
38965.8,0.843186
38983.7,0.850641
39001.7,0.864094
39010.7,0.873362
39019.7,0.884459
39028.7,0.897583
39037.7,0.912840
39046.7,0.930399
39055.7,0.950434
39064.7,0.973121
39073.7,0.998570
39082.7,1.02691
39091.7,1.05873
39101.6,1.09798
39111.5,1.14191
39121.4,1.19092
39131.3,1.24538
39141.2,1.30587
39151.1,1.37277
39161.0,1.44678
39170.9,1.52837
39180.8,1.61834
39190.7,1.71736
39200.6,1.82619
39210.5,1.94558
39220.4,2.07669
39230.3,2.22028
39240.2,2.37772
39250.1,2.54991
39260.0,2.73848
39269.9,2.94468
39279.8,3.17002
39289.6,3.41588
39299.5,3.68453
39309.4,3.97762
39319.3,4.29716
39329.2,4.64492
39339.1,5.02109
39348.9,5.42998
39358.7,5.87402
39368.6,6.35566
39378.4,6.87742
39388.2,7.44174
39398.0,8.05106
39407.9,8.70713
39417.0,9.35846
39421.5,9.70114
39426.0,10.0561
39428.3,10.2415
39430.6,10.4345
39431.7,10.5365
39432.9,10.6424
39434.0,10.7557
39435.1,10.8761
39436.3,11.0078
39437.4,11.1514
39438.6,11.3085
39439.7,11.4782
39440.8,11.6630
39442.0,11.8578
39444.2,12.2681
39445.2,12.4438
39446.2,12.6105
39447.2,12.7671
39448.1,12.9064
39448.8,12.9976
39449.6,13.0775
39450.0,13.1204
39451.1,13.2056
39451.8,13.2481
39452.5,13.2804
39453.3,13.3079
39454.2,13.3244
39455.9,13.3361
39457.6,13.3401
39459.3,13.3570
39460.7,13.3899
39462.1,13.4436
39463.5,13.5180
39464.9,13.6109
39466.3,13.7189
39467.7,13.8387
39469.1,13.9669
39470.5,14.1012
39473.9,14.4454
39477.4,14.8015
39484.2,15.5334
39497.9,17.0590
39525.3,20.2392
39539.0,21.8463
39552.7,23.4171
39566.4,24.9099
39580.1,26.2839
39590.1,27.1864
39600.0,27.9929
39608.0,28.5620
39616.0,29.0560
39624.0,29.4787
39632.0,29.8242
39640.0,30.0931
39648.0,30.2849
39656.0,30.4022
39664.0,30.4479
39673.3,30.4154
39682.6,30.2985
39691.9,30.1048
39701.1,29.8424
39719.7,29.1466
39738.3,28.2771
39756.8,27.2935
39775.4,26.2465
39793.9,25.1747
39812.5,24.1073
39826.6,23.3125
39840.7,22.5385
39854.8,21.7901
39868.9,21.0699
39897.0,19.7202
39925.2,18.4934
39945.1,17.7011
39964.9,16.9652
39984.8,16.2834
40004.6,15.6505
40024.4,15.0613
40044.3,14.5142
40064.1,14.0056
40084.0,13.5321
40111.3,12.9333
40138.5,12.3884
40165.8,11.8912
40193.1,11.4369
40220.4,11.0197
40247.7,10.6365
40274.9,10.2832
40302.2,9.95648
40329.5,9.65387
40356.8,9.37275
40411.4,8.86688
40465.9,8.42453
40520.5,8.03477
40575.1,7.68871
40629.6,7.37934
40684.2,7.10102
40738.8,6.84940
40798.3,6.60112
40862.8,6.35932
40895.0,6.24863
40927.3,6.14517
40949.6,6.07859
40960.8,6.04731
40971.9,6.01773
40983.1,5.99035
40994.2,5.96584
41005.4,5.94546
41016.6,5.93160
41026.5,5.92799
41031.4,5.93090
41036.4,5.93832
41041.4,5.95192
41046.3,5.97431
41051.3,6.00966
41056.2,6.06484
41058.6,6.10076
41060.9,6.14536
41063.2,6.20178
41065.5,6.27350
41067.9,6.36711
41070.2,6.49108
41072.5,6.66157
41073.7,6.77092
41074.8,6.90219
41076.0,7.06267
41077.2,7.25706
41078.3,7.49592
41079.5,7.79066
41080.1,7.96630
41080.7,8.15840
41081.2,8.37181
41081.8,8.60866
41082.4,8.87111
41083.0,9.16139
41083.6,9.48170
41084.1,9.83414
41084.9,10.3336
41085.6,10.8920
41086.4,11.5122
41087.1,12.1859
41087.8,12.9314
41088.6,13.7267
41089.3,14.5898
41090.0,15.4909
41090.9,16.6040
41091.7,17.7416
41093.4,20.0366
41094.3,21.1012
41095.1,22.0897
41095.9,22.9886
41096.7,23.7719
41097.5,24.4299
41098.4,24.9200
41099.2,25.2256
41100.0,25.3360
41100.1,25.3357
41100.5,25.3042
41100.9,25.2266
41101.7,24.9365
41102.5,24.4750
41103.3,23.8653
41104.2,23.0804
41105.0,22.1723
41105.8,21.1687
41106.6,20.1116
41108.4,17.7484
41109.3,16.5777
41110.1,15.4602
41110.9,14.5313
41111.7,13.6561
41112.4,12.8412
41113.2,12.0999
41113.9,11.4141
41114.7,10.7936
41115.5,10.2366
41116.2,9.74614
41116.8,9.39351
41117.4,9.07381
41118.0,8.78471
41118.6,8.52792
41119.2,8.29239
41119.8,8.08035
41120.4,7.88957
41121.0,7.72062
41122.2,7.42641
41123.4,7.18884
41124.6,6.99393
41125.8,6.83262
41127.0,6.69673
41128.1,6.58298
41130.5,6.40146
41132.9,6.26421
41135.3,6.15734
41137.7,6.07113
41140.1,6.00035
41142.5,5.94115
41144.9,5.89103
41150.0,5.80518
41155.1,5.73961
41160.2,5.68742
41165.2,5.64449
41170.3,5.60795
41175.4,5.57625
41180.5,5.54811
41185.6,5.52283
41197.1,5.47325
41208.6,5.43074
41220.0,5.39269
41231.5,5.35775
41243.0,5.32506
41254.4,5.29409
41277.4,5.23593
41301.6,5.17841
41325.8,5.12383
41374.2,5.02064
41422.6,4.92360
41471.0,4.83130
41562.7,4.66675
41654.5,4.51237
41746.2,4.36531
41837.9,4.22286
41878.7,4.16020
41944.9,4.05798
42011.2,3.95361
42077.4,3.84394
42110.6,3.78573
42143.7,3.72429
42171.7,3.66888
42199.8,3.60941
42227.8,3.54496
42241.8,3.51060
42255.8,3.47475
42276.2,3.42020
42286.4,3.39230
42296.6,3.36455
42306.8,3.33785
42317.0,3.31375
42327.2,3.29531
42337.3,3.28825
42345.0,3.29662
42352.6,3.32599
42356.5,3.35296
42360.3,3.39178
42364.1,3.44652
42367.9,3.52300
42369.8,3.57218
42371.7,3.63001
42373.7,3.69845
42375.6,3.77958
42377.5,3.87600
42379.4,3.99093
42381.3,4.12842
42383.2,4.29356
42384.6,4.44020
42386.1,4.60836
42387.5,4.80449
42388.9,5.03075
42390.4,5.29622
42391.1,5.44530
42391.8,5.60427
42392.5,5.77870
42393.2,5.96492
42394.0,6.16945
42394.7,6.38798
42395.6,6.68421
42396.4,7.00740
42397.3,7.36812
42398.2,7.76144
42399.1,8.19987
42399.9,8.67693
42400.8,9.20716
42401.7,9.78191
42402.6,10.4176
42403.4,11.1027
42404.3,11.8552
42405.2,12.6594
42406.1,13.5344
42406.9,14.4598
42407.8,15.4545
42408.7,16.4924
42409.7,17.8348
42410.8,19.2234
42412.9,22.0997
42415.1,24.9556
42416.1,26.2908
42417.2,27.5272
42418.3,28.7308
42419.5,29.7351
42420.6,30.5212
42421.2,30.8275
42421.8,31.0669
42422.8,31.3453
42424.0,31.4007
42425.1,31.2117
42426.2,30.7938
42427.4,30.1687
42428.5,29.3560
42429.6,28.4016
42430.8,27.3326
42431.9,26.1825
42434.9,22.9241
42436.5,21.3206
42438.0,19.8039
42439.5,18.3811
42441.0,17.0776
42442.5,15.8987
42444.1,14.8422
42445.4,14.0188
42446.7,13.2819
42448.0,12.6179
42449.3,12.0199
42450.6,11.4771
42451.9,10.9912
42453.2,10.5520
42454.6,10.1542
42456.1,9.73810
42457.6,9.36485
42459.1,9.02883
42460.6,8.72526
42462.2,8.45007
42463.7,8.19977
42465.2,7.97139
42466.7,7.76367
42468.4,7.55479
42470.0,7.36394
42473.3,7.02910
42476.7,6.74363
42480.0,6.49917
42483.0,6.30339
42486.0,6.13037
42489.1,5.97648
42492.1,5.83880
42495.2,5.71499
42498.2,5.60310
42504.3,5.40921
42511.5,5.21970
42518.6,5.06334
42525.8,4.93201
42533.0,4.81997
42545.2,4.66334
42557.3,4.53760
42569.5,4.43396
42581.6,4.34687
42599.3,4.24177
42617.0,4.15548
42634.7,4.08252
42652.3,4.01965
42681.1,3.93322
42709.8,3.86079
42767.3,3.74319
42833.6,3.63481
42899.8,3.54409
42966.1,3.46417
43032.4,3.39187
43200.4,3.23050
43368.3,3.08815
43536.3,2.95757
43704.2,2.83497
43845.7,2.73652
44110.8,2.56073
44243.4,2.47655
44309.7,2.43560
44376.0,2.39583
44418.0,2.37159
44460.0,2.34874
44481.0,2.33817
44502.0,2.32851
44523.0,2.32022
44544.0,2.31396
44563.9,2.31141
44573.8,2.31207
44583.8,2.31463
44593.7,2.31987
44603.6,2.32890
44613.6,2.34366
44623.5,2.36769
44631.8,2.39908
44636.0,2.42061
44640.1,2.44752
44644.3,2.48178
44648.4,2.52588
44652.5,2.58383
44654.6,2.61978
44656.7,2.66174
44658.8,2.71135
44660.8,2.76996
44662.9,2.84026
44665.0,2.92562
44667.0,3.03129
44668.1,3.09362
44669.1,3.16298
44670.2,3.24203
44671.2,3.33082
44672.2,3.43300
44673.3,3.54889
44674.5,3.71311
44675.1,3.80581
44675.7,3.90706
44676.4,4.01776
44677.0,4.13889
44677.6,4.27152
44678.2,4.41680
44678.9,4.57864
44679.5,4.75319
44680.1,4.94424
44680.7,5.15316
44681.3,5.38131
44682.0,5.63005
44682.6,5.90067
44683.2,6.19437
44684.0,6.58741
44684.7,7.01825
44685.5,7.48783
44686.2,7.99633
44687.0,8.54301
44687.8,9.12607
44688.5,9.74246
44689.3,10.3878
44691.2,12.1143
44693.1,13.8533
44694.2,14.7751
44695.3,15.6090
44695.9,15.9854
44696.4,16.3205
44696.9,16.6176
44697.5,16.8733
44698.1,17.1156
44698.7,17.2938
44699.4,17.4049
44700.0,17.4472
44700.2,17.4464
44700.8,17.4059
44701.3,17.3113
44701.9,17.1636
44702.4,16.9649
44703.0,16.7127
44703.6,16.4193
44704.1,16.0842
44704.7,15.7114
44705.6,15.0526
44706.5,14.3287
44708.2,12.7717
44710.4,10.8325
44711.5,9.90828
44712.6,9.04768
44713.4,8.41116
44714.2,7.82716
44715.1,7.28363
44715.9,6.79366
44716.8,6.34465
44717.6,5.94529
44718.5,5.58346
44719.3,5.26462
44720.1,5.00340
44720.9,4.76922
44721.6,4.55952
44722.4,4.37183
44723.2,4.20384
44723.9,4.05336
44724.7,3.91842
44725.5,3.79870
44726.2,3.68946
44727.0,3.59093
44727.8,3.50184
44728.5,3.42107
44730.1,3.28071
44731.6,3.16415
44732.9,3.07883
44734.2,3.00440
44735.5,2.93903
44736.8,2.88166
44739.5,2.78429
44742.1,2.70605
44744.7,2.64158
44747.3,2.58808
44749.9,2.54291
44752.5,2.50436
44757.8,2.44217
44763.0,2.39449
44768.2,2.35686
44773.4,2.32645
44778.7,2.30123
44783.9,2.28000
44794.3,2.24617
44801.1,2.22866
44807.9,2.21361
44821.4,2.18859
44834.9,2.16826
44848.5,2.15106
44862.0,2.13598
44875.5,2.12242
44902.6,2.09837
44942.0,2.06749
44981.3,2.03939
45060.0,1.98720
45138.8,1.93747
45217.5,1.88892
45256.9,1.86490
45389.7,1.78456
45522.6,1.70498
45589.0,1.66553
45655.4,1.62667
45688.6,1.60767
45721.8,1.58923
45755.0,1.57166
45788.2,1.55591
45812.9,1.54632
45825.2,1.54275
45837.5,1.54043
45846.7,1.53984
45855.9,1.54062
45865.1,1.54329
45874.4,1.54857
45883.6,1.55773
45892.8,1.57303
45897.4,1.58406
45902.0,1.59817
45906.6,1.61636
45911.3,1.64005
45914.5,1.66106
45917.7,1.68689
45920.9,1.71899
45924.2,1.75940
45927.4,1.81109
45929.0,1.84259
45930.6,1.87856
45932.3,1.92044
45933.9,1.96897
45935.5,2.02605
45937.1,2.09389
45938.8,2.18053
45940.5,2.28668
45941.3,2.34966
45942.2,2.41956
45943.0,2.49937
45943.9,2.58869
45944.7,2.69147
45945.5,2.80736
45946.4,2.94158
45947.2,3.09374
45948.1,3.27067
45948.9,3.47174
45949.8,3.70567
45950.6,3.97112
45951.5,4.27886
45952.3,4.63048
45952.7,4.82649
45953.2,5.03040
45953.6,5.24709
45954.0,5.47700
45954.4,5.72647
45954.9,5.98424
45955.3,6.25617
45955.7,6.54245
45956.1,6.85048
45956.5,7.16588
45957.4,7.83906
45957.9,8.30057
45958.5,8.78317
45959.5,9.79472
45960.6,10.8740
45961.7,11.9758
45963.4,13.7126
45964.2,14.5344
45965.1,15.2894
45966.0,16.0500
45966.5,16.3818
45967.0,16.6800
45967.4,16.9470
45967.9,17.1693
45968.4,17.3507
45968.9,17.4894
45969.4,17.6000
45970.0,17.6418
45970.5,17.6253
45971.0,17.5634
45971.4,17.4569
45971.9,17.3069
45972.4,17.1148
45972.8,16.8826
45973.3,16.6125
45973.8,16.3069
45974.5,15.7689
45975.2,15.1639
45976.0,14.5046
45976.7,13.8038
45978.5,11.9700
45980.3,10.1502
45981.0,9.46522
45981.7,8.80887
45982.4,8.18592
45983.1,7.60785
45983.8,7.06039
45984.6,6.55325
45985.3,6.08661
45986.0,5.66560
45986.6,5.30833
45987.3,4.98687
45987.9,4.68956
45988.5,4.42378
45989.2,4.17931
45989.8,3.96176
45990.5,3.76525
45991.1,3.58794
45991.8,3.42566
45992.4,3.28169
45993.1,3.14988
45993.7,3.03281
45994.3,2.92543
45995.0,2.82980
45995.6,2.74308
45996.3,2.66430
45997.5,2.53203
45998.7,2.42145
45999.9,2.32736
46001.2,2.24659
46002.4,2.17611
46003.6,2.11512
46004.8,2.06148
46006.0,2.01400
46007.3,1.97137
46008.5,1.93352
46010.9,1.86864
46013.4,1.81496
46015.8,1.77027
46018.4,1.73041
46021.0,1.69667
46023.6,1.66757
46026.1,1.64239
46031.3,1.60077
46036.4,1.56794
46041.6,1.54129
46046.7,1.51930
46051.9,1.50074
46057.0,1.48488
46064.2,1.46597
46071.4,1.44992
46085.8,1.42383
46100.2,1.40298
46114.6,1.38541
46129.1,1.37005
46143.5,1.35606
46172.3,1.33090
46192.9,1.31441
46213.5,1.29877
46254.6,1.26884
46295.8,1.24004
46337.0,1.21189
46419.3,1.15650
46501.7,1.10139
46682.9,0.979186
46864.0,0.854109
47045.2,0.725406
47226.4,0.593394
47325.2,0.520989
47424.0,0.449868
47473.4,0.415841
47522.8,0.383650
47547.5,0.368658
47572.2,0.354666
47596.9,0.341639
47621.6,0.330326
47642.2,0.322390
47662.8,0.316134
47683.4,0.311946
47693.7,0.310782
47704.0,0.310321
47716.4,0.310797
47728.7,0.312506
47741.1,0.315794
47753.4,0.320817
47765.8,0.327831
47778.1,0.337138
47790.5,0.349108
47796.6,0.356232
47802.8,0.364179
47813.1,0.379497
47823.4,0.397673
47833.7,0.419163
47838.9,0.431296
47844.0,0.444419
47849.1,0.458657
47854.3,0.474070
47859.4,0.490745
47864.6,0.508739
47869.7,0.528211
47874.9,0.549187
47880.0,0.571893
47885.2,0.596422
47890.8,0.625841
47896.5,0.657882
47902.2,0.692831
47907.8,0.730965
47913.5,0.772675
47919.1,0.818166
47924.8,0.867900
47930.5,0.922321
47936.1,0.982037
47941.8,1.04740
47947.5,1.11914
47953.1,1.19799
47958.8,1.28476
47964.4,1.38038
47970.1,1.48591
47975.8,1.60258
47978.6,1.66575
47981.4,1.73202
47984.3,1.80182
47987.1,1.87537
47989.9,1.95292
47992.7,2.03471
47995.6,2.12104
47998.4,2.21219
48001.2,2.30848
48004.1,2.41027
48006.9,2.51792
48009.7,2.63184
48012.6,2.75246
48015.4,2.88026
48018.2,3.01573
48021.0,3.15942
48023.8,3.30528
48026.5,3.45920
48029.2,3.62230
48031.9,3.79522
48034.6,3.97936
48037.3,4.17411
48040.0,4.38093
48042.7,4.60068
48045.4,4.83519
48048.1,5.08370
48050.8,5.34810
48053.5,5.62951
48056.2,5.93027
48058.9,6.24947
48061.6,6.58959
48064.3,6.95220
48067.5,7.41482
48070.7,7.91445
48073.9,8.45404
48077.1,9.03666
48080.3,9.66532
48083.5,10.3430
48086.8,11.0725
48090.0,11.8540
48092.6,12.5544
48095.3,13.2929
48098.0,14.0727
48100.7,14.8940
48103.4,15.7563
48106.0,16.6584
48111.4,18.5717
48116.8,20.6055
48122.1,22.6972
48127.5,24.7704
48132.9,26.7225
48137.3,28.1734
48139.6,28.8164
48141.8,29.3898
48144.0,29.8914
48146.3,30.3099
48148.5,30.6437
48150.7,30.8856
48153.4,31.0534
48156.1,31.0863
48158.7,30.9933
48161.2,30.7834
48163.8,30.4640
48166.4,30.0441
48168.9,29.5341
48171.5,28.9454
48176.7,27.5791
48181.8,26.0389
48186.9,24.4104
48197.2,21.1554
48203.6,19.2529
48206.8,18.3543
48210.0,17.4983
48213.2,16.6810
48216.4,15.9078
48219.6,15.1760
48222.8,14.4845
48226.0,13.8301
48229.1,13.2154
48232.3,12.6348
48235.5,12.0902
48238.7,11.5761
48241.9,11.0940
48245.1,10.6405
48248.3,10.2137
48253.2,9.60177
48258.2,9.04538
48263.1,8.53702
48268.0,8.07407
48273.0,7.65046
48277.9,7.26432
48282.8,6.91187
48287.8,6.59099
48294.2,6.21971
48297.4,6.05282
48300.5,5.89843
48303.7,5.75675
48306.9,5.62989
48310.1,5.51951
48313.3,5.42933
48315.6,5.37982
48318.0,5.34884
48320.3,5.34293
48322.6,5.37320
48324.1,5.41856
48325.5,5.49118
48327.0,5.59970
48327.7,5.67122
48328.4,5.75486
48329.1,5.85466
48329.9,5.96972
48330.6,6.10520
48331.3,6.25939
48332.0,6.43862
48332.8,6.63996
48333.5,6.87090
48334.2,7.12676
48335.0,7.44536
48335.8,7.80122
48336.6,8.19471
48337.4,8.61955
48338.2,9.08466
48339.0,9.58166
48339.8,10.1058
48340.6,10.6440
48342.3,11.8625
48344.1,13.0410
48344.9,13.5545
48345.7,14.0182
48346.6,14.4193
48347.4,14.7460
48348.1,14.9461
48348.7,15.0871
48349.4,15.1697
48350.0,15.1920
48350.1,15.1888
48350.6,15.1632
48351.0,15.1135
48351.8,14.9430
48352.6,14.6818
48353.4,14.3416
48354.3,13.8844
48355.2,13.3597
48356.1,12.7712
48357.0,12.1482
48359.0,10.6108
48360.1,9.84480
48361.1,9.11570
48362.0,8.48128
48363.0,7.89135
48363.9,7.35072
48364.9,6.86650
48365.8,6.42846
48366.8,6.04035
48367.7,5.69922
48368.7,5.40417
48369.6,5.15488
48370.5,4.93959
48371.4,4.74970
48372.3,4.58577
48373.2,4.44082
48374.1,4.31503
48375.0,4.20294
48375.9,4.10472
48376.8,4.01622
48377.7,3.93772
48379.5,3.80166
48381.3,3.68793
48383.1,3.59107
48385.0,3.50596
48386.8,3.43031
48390.4,3.29991
48394.0,3.18939
48397.6,3.09307
48401.2,3.00680
48404.9,2.92850
48412.1,2.79006
48418.6,2.68010
48425.2,2.58130
48431.7,2.49105
48438.3,2.40816
48444.8,2.33134
48451.4,2.26003
48464.4,2.13119
48474.1,2.04635
48483.7,1.96885
48493.4,1.89756
48503.0,1.83204
48512.7,1.77164
48522.3,1.71601
48532.0,1.66465
48541.6,1.61733
48551.9,1.57069
48562.3,1.52808
48572.6,1.48919
48582.9,1.45391
48593.3,1.42213
48603.6,1.39412
48614.0,1.37000
48624.3,1.35030
48635.3,1.33536
48646.3,1.32943
48650.6,1.33072
48655.0,1.33492
48659.3,1.34307
48663.6,1.35678
48667.9,1.37878
48670.0,1.39419
48672.2,1.41368
48674.3,1.43871
48676.5,1.47103
48678.6,1.51386
48680.8,1.57228
48682.5,1.63623
48683.4,1.67584
48684.2,1.72212
48685.1,1.77647
48686.0,1.84059
48686.8,1.91650
48687.7,2.00660
48688.5,2.11502
48689.4,2.24249
48690.3,2.39368
48691.1,2.57250
48692.0,2.78305
48692.8,3.02954
48693.7,3.31608
48694.6,3.64645
48695.4,4.00514
48696.2,4.40842
48697.0,4.85706
48697.8,5.34421
48698.7,5.87971
48699.5,6.45371
48700.3,7.06014
48701.1,7.68298
48703.0,9.17741
48704.0,9.90292
48704.9,10.5766
48705.5,10.9539
48706.0,11.2957
48706.6,11.6094
48707.2,11.8799
48707.8,12.1311
48708.4,12.3273
48709.0,12.4651
48709.6,12.5412
48710.0,12.5583
48710.1,12.5589
48710.4,12.5508
48710.7,12.5282
48711.3,12.4415
48711.9,12.2974
48712.5,12.1031
48713.2,11.8047
48713.9,11.4479
48714.6,11.0304
48715.3,10.5729
48716.2,9.96950
48717.0,9.33714
48718.7,8.02084
48719.5,7.36602
48720.4,6.74007
48721.2,6.14471
48722.1,5.58716
48722.9,5.07241
48723.7,4.60337
48724.6,4.18108
48725.4,3.80502
48725.9,3.61808
48726.3,3.44407
48727.2,3.13598
48728.2,2.87225
48729.1,2.64811
48730.0,2.45681
48730.9,2.29770
48731.8,2.16409
48732.7,2.05196
48733.6,1.95679
48734.5,1.87755
48735.5,1.81051
48736.4,1.75348
48737.3,1.70416
48738.2,1.66216
48740.0,1.59380
48742.3,1.53003
48744.5,1.48168
48746.8,1.44386
48749.0,1.41369
48751.3,1.38894
48753.5,1.36853
48758.0,1.33691
48762.5,1.31397
48767.0,1.29698
48771.5,1.28429
48775.9,1.27483
48784.9,1.26293
48793.9,1.25774
48802.9,1.25729
48811.9,1.26044
48820.9,1.26665
48829.9,1.27553
48840.5,1.28924
48851.2,1.30626
48861.9,1.32663
48872.5,1.34975
48883.2,1.37589
48893.9,1.40505
48904.5,1.43743
48915.2,1.47298
48925.9,1.51193
48936.5,1.55442
48947.2,1.60048
48957.9,1.65039
48968.5,1.70428
48979.2,1.76239
48989.9,1.82498
49000.5,1.89206
49016.3,2.00021
49032.0,2.11992
49047.7,2.25211
49063.4,2.39718
49079.2,2.55821
49094.9,2.73562
49110.6,2.93098
49126.3,3.14599
49138.7,3.33006
49151.0,3.52825
49163.4,3.74178
49175.7,3.97177
49188.1,4.21964
49200.4,4.48629
49212.8,4.77327
49225.1,5.08203
49241.2,5.51831
49257.2,5.99737
49273.3,6.52280
49281.3,6.80423
49289.3,7.09963
49305.4,7.72974
49321.4,8.41478
49337.5,9.15953
49353.5,9.96501
49364.8,10.5676
49376.0,11.2005
49387.3,11.8629
49398.5,12.5541
49421.1,14.0137
49443.6,15.5544
49466.1,17.1386
49488.6,18.7112
49511.1,20.2063
49522.4,20.9010
49533.6,21.5473
49545.9,22.1869
49558.2,22.7471
49570.5,23.2191
49582.8,23.5952
49595.0,23.8700
49607.3,24.0411
49619.6,24.1096
49631.9,24.0777
49646.1,23.9222
49660.3,23.6506
49674.5,23.2761
49688.7,22.8140
49702.9,22.2791
49717.1,21.6821
49745.4,20.3842
49773.8,19.0147
49802.2,17.6431
49830.6,16.3203
49859.0,15.0714
49876.6,14.3410
49894.3,13.6498
49911.9,12.9955
49929.5,12.3785
49947.1,11.7969
49964.8,11.2502
49982.4,10.7387
50000.0,10.2553
50029.5,9.51024
50059.0,8.83822
50088.6,8.23136
50118.1,7.68269
50147.6,7.18456
50177.1,6.73186
50206.6,6.31905
50236.2,5.94136
50265.7,5.59510
50295.2,5.27639
50324.7,4.98234
50354.2,4.71055
50383.7,4.45813
50413.3,4.22348
50442.8,4.00471
50472.3,3.80030
50499.1,3.62593
50526.0,3.46141
50550.1,3.32213
50574.3,3.19132
50598.4,3.07094
50610.5,3.01651
50622.6,2.96901
50627.9,2.95137
50633.3,2.93711
50638.7,2.92766
50644.0,2.92575
50647.0,2.92972
50650.1,2.93912
50653.1,2.95634
50656.1,2.98544
50659.1,3.03395
50660.6,3.06968
50662.1,3.11686
50663.7,3.17988
50665.2,3.26501
50665.9,3.31885
50666.7,3.38091
50667.4,3.45442
50668.2,3.53920
50668.8,3.62120
50669.4,3.71439
50670.1,3.82010
50670.7,3.93974
50671.3,4.07479
50672.0,4.22675
50672.6,4.39712
50673.2,4.58415
50673.8,4.79525
50674.5,5.02877
50675.1,5.28573
50675.7,5.56689
50676.4,5.87265
50677.0,6.20304
50677.6,6.55759
50678.2,6.92916
50678.9,7.32820
50679.5,7.74672
50680.8,8.63036
50683.3,10.4589
50684.0,10.9908
50684.8,11.4875
50685.5,11.9455
50686.3,12.3546
50686.9,12.6403
50687.5,12.8841
50688.1,13.0822
50688.7,13.2295
50689.3,13.3365
50690.0,13.3773
50690.1,13.3779
50690.4,13.3705
50690.7,13.3498
50691.3,13.2703
50691.9,13.1382
50692.5,12.9598
50693.2,12.6682
50694.0,12.3110
50694.7,11.8966
50695.5,11.4412
50696.4,10.8324
50697.3,10.1873
50699.1,8.86721
50700.0,8.21674
50700.9,7.59267
50701.8,7.00486
50702.7,6.46619
50703.6,5.96912
50704.1,5.74172
50704.5,5.52663
50705.0,5.31942
50705.5,5.12894
50706.4,4.78325
50706.9,4.61069
50707.3,4.45438
50707.8,4.31013
50708.3,4.17730
50709.3,3.94317
50710.3,3.74652
50711.3,3.58199
50712.2,3.44459
50713.2,3.32980
50714.2,3.23364
50715.2,3.15274
50716.2,3.08424
50717.1,3.02580
50718.1,2.97551
50720.1,2.89356
50722.0,2.82948
50724.5,2.76680
50726.9,2.71644
50729.3,2.67459
50731.7,2.63900
50736.5,2.58031
50741.4,2.53283
50746.2,2.49253
50751.0,2.45715
50760.7,2.39601
50772.8,2.33064
50784.9,2.27228
50809.0,2.16726
50833.2,2.07150
50857.3,1.98163
50889.9,1.86705
50922.5,1.75838
50955.2,1.65479
50987.8,1.55602
51020.4,1.46077
51053.0,1.36905
51085.6,1.28067
51118.2,1.19551
51161.7,1.08663
51205.2,0.982774
51248.6,0.883731
51292.1,0.789427
51313.9,0.743897
51335.6,0.699969
51357.3,0.657073
51379.1,0.615664
51400.8,0.575396
51422.6,0.536934
51444.3,0.500163
51466.0,0.465256
51484.2,0.437746
51502.3,0.411845
51520.4,0.387751
51538.5,0.365680
51556.6,0.345831
51565.7,0.336956
51574.7,0.328825
51583.8,0.321478
51592.9,0.314992
51601.9,0.309445
51611.0,0.304929
51618.2,0.302115
51625.5,0.300078
51632.7,0.298879
51640.0,0.298588
51650.8,0.300023
51661.7,0.303971
51672.6,0.310784
51683.4,0.320877
51688.9,0.327311
51694.3,0.334739
51699.7,0.343252
51705.2,0.352885
51710.6,0.363783
51716.0,0.376047
51721.5,0.389848
51726.9,0.405247
51733.6,0.426500
51740.2,0.450614
51746.8,0.477940
51753.5,0.508845
51760.1,0.543802
51766.8,0.583188
51773.4,0.627607
51780.1,0.677695
51783.4,0.705177
51786.7,0.734283
51790.0,0.765205
51793.3,0.798063
51796.7,0.832986
51800.0,0.870117
51803.3,0.909607
51806.6,0.951622
51810.0,0.996480
51813.3,1.04411
51816.6,1.09485
51819.9,1.14893
51823.2,1.20661
51826.6,1.26815
51829.9,1.33386
51833.2,1.40403
51837.1,1.49336
51841.1,1.59010
51845.0,1.69501
51848.9,1.80866
51852.8,1.93258
51856.8,2.06717
51860.7,2.21427
51864.6,2.37441
51867.9,2.52160
51871.2,2.68044
51874.6,2.85203
51877.9,3.03759
51881.2,3.23848
51884.5,3.45621
51887.8,3.69244
51891.2,3.94902
51894.5,4.22890
51897.8,4.53266
51901.1,4.86363
51904.5,5.22459
51907.8,5.61859
51911.1,6.04896
51914.4,6.51936
51917.7,7.03372
51919.7,7.35629
51921.6,7.69439
51923.5,8.05051
51925.5,8.42554
51927.4,8.82038
51929.3,9.23590
51931.3,9.67297
51933.2,10.1324
51935.1,10.6175
51937.1,11.1241
51939.0,11.6551
51940.9,12.2110
51944.8,13.3987
51948.6,14.6870
51951.0,15.5223
51953.3,16.3873
51958.1,18.2067
51967.5,22.0104
51972.2,23.8507
51974.5,24.7114
51976.9,25.5160
51979.2,26.2540
51981.6,26.9061
51983.9,27.4638
51986.3,27.9164
51988.6,28.2570
51991.0,28.4768
51994.1,28.5802
51996.4,28.5211
51998.6,28.3546
52000.9,28.0849
52003.1,27.7220
52005.4,27.2715
52007.7,26.7475
52009.9,26.1558
52012.2,25.5126
52016.7,24.1030
52021.2,22.5990
52030.2,19.5626
52035.3,17.9227
52040.5,16.3970
52043.0,15.6799
52045.6,14.9984
52048.2,14.3474
52050.7,13.7318
52053.3,13.1460
52055.9,12.5915
52058.4,12.0669
52061.0,11.5728
52063.6,11.1039
52066.1,10.6625
52068.7,10.2439
52071.3,9.84995
52074.4,9.39629
52077.5,8.97301
52080.7,8.57792
52083.8,8.21009
52087.0,7.86521
52090.1,7.54370
52093.2,7.24183
52096.4,6.95997
52099.5,6.69490
52102.6,6.44701
52105.8,6.21351
52108.9,5.99478
52112.0,5.78840
52115.2,5.59477
52121.4,5.23984
52127.7,4.92394
52134.0,4.64197
52140.2,4.38964
52146.5,4.16326
52152.8,3.95973
52159.1,3.77641
52165.3,3.61108
52171.6,3.46192
52177.0,3.34471
52182.4,3.23714
52187.9,3.13819
52193.3,3.04736
52198.7,2.96377
52204.1,2.88705
52209.5,2.81668
52214.9,2.75232
52225.8,2.63939
52236.6,2.54558
52247.4,2.46850
52258.3,2.40624
52265.1,2.37387
52271.9,2.34648
52285.6,2.30553
52299.3,2.28149
52313.0,2.27291
52325.5,2.27767
52338.1,2.29380
52350.6,2.32084
52363.2,2.35837
52375.7,2.40620
52388.3,2.46410
52400.8,2.53203
52413.3,2.61000
52424.7,2.68991
52436.1,2.77889
52447.5,2.87584
52458.9,2.98137
52470.4,3.09576
52481.8,3.21933
52493.2,3.35230
52504.6,3.49480
52516.0,3.64759
52527.4,3.81040
52538.8,3.98379
52550.2,4.16827
52561.6,4.36384
52573.0,4.57121
52584.4,4.79062
52595.8,5.02226
52613.9,5.41682
52632.0,5.84515
52650.2,6.30932
52668.3,6.80988
52686.5,7.34781
52704.6,7.92375
52722.7,8.53797
52740.9,9.19199
52758.3,9.85705
52775.8,10.5515
52793.2,11.2756
52810.7,12.0282
52845.6,13.5962
52880.4,15.2121
52915.3,16.8164
52950.2,18.3377
52967.7,19.0462
52985.1,19.7034
53002.6,20.3065
53020.0,20.8480
53035.9,21.2760
53051.7,21.6468
53067.6,21.9548
53083.4,22.1947
53099.3,22.3761
53115.2,22.4904
53131.0,22.5440
53146.9,22.5425
53166.1,22.4633
53185.4,22.3112
53204.6,22.0961
53223.9,21.8238
53262.4,21.1391
53300.9,20.3137
53339.4,19.4359
53377.9,18.5130
53416.4,17.5882
53454.9,16.6843
53494.7,15.7886
53534.4,14.9390
53574.2,14.1409
53613.9,13.3964
53653.7,12.7026
53693.4,12.0597
53733.2,11.4638
53772.9,10.9110
53812.7,10.3997
53852.4,9.92510
53892.2,9.48463
53931.9,9.07588
53971.7,8.69477
54011.5,8.34014
54051.2,8.00915
54091.0,7.69933
54152.4,7.25900
54213.8,6.85968
54275.3,6.49813
54336.7,6.16508
54398.1,5.85946
54459.6,5.57816
54521.0,5.31831
54582.4,5.07761
54636.6,4.87941
54690.9,4.69317
54745.1,4.51773
54799.3,4.35213
54907.7,4.04694
54961.9,3.90521
55016.1,3.77141
55099.2,3.57989
55140.8,3.49183
55161.5,3.45106
55182.3,3.41422
55191.4,3.40043
55200.4,3.38891
55209.4,3.38088
55218.5,3.37859
55222.5,3.38059
55226.6,3.38543
55230.7,3.39425
55234.7,3.40872
55238.8,3.43181
55242.9,3.46858
55244.9,3.49513
55246.9,3.52959
55249.0,3.57539
55251.0,3.63764
55252.8,3.71337
55253.7,3.76122
55254.6,3.81668
55255.5,3.88255
55256.4,3.95918
55257.3,4.04927
55258.2,4.15511
55259.1,4.28070
55260.0,4.42598
55260.9,4.59706
55261.8,4.79301
55262.7,5.02089
55263.6,5.27811
55264.5,5.56884
55265.4,5.89423
55266.2,6.20858
55267.0,6.54918
55267.8,6.91461
55268.6,7.30255
55270.2,8.13186
55271.8,8.99923
55273.7,10.0286
55274.6,10.5011
55275.6,10.9259
55276.4,11.2194
55277.1,11.4651
55277.9,11.6619
55278.6,11.8055
55279.3,11.8888
55280.0,11.9212
55280.8,11.8984
55281.5,11.8157
55282.3,11.6751
55283.1,11.4798
55283.9,11.1913
55284.8,10.8442
55285.7,10.4485
55286.6,10.0199
55287.8,9.36629
55289.0,8.69520
55290.3,8.02850
55291.5,7.38879
55292.6,6.83041
55293.8,6.32451
55294.4,6.09117
55294.9,5.87140
55295.5,5.66534
55296.1,5.47292
55296.6,5.29092
55297.2,5.12527
55297.8,4.97225
55298.4,4.83132
55298.9,4.70189
55299.5,4.58329
55300.6,4.37589
55301.3,4.26480
55302.0,4.16731
55302.8,4.07939
55303.5,4.00233
55304.9,3.87190
55306.3,3.76900
55307.7,3.68596
55309.1,3.61872
55310.5,3.56352
55311.9,3.51785
55314.7,3.44564
55317.5,3.39156
55320.3,3.34899
55323.2,3.31460
55327.7,3.27019
55332.3,3.23551
55336.9,3.20710
55341.5,3.18313
55350.6,3.14382
55359.7,3.11196
55368.9,3.08456
55378.0,3.05997
55396.3,3.01614
55421.7,2.96226
55447.0,2.91284
55497.7,2.82082
55599.0,2.65212
55694.7,2.50480
55790.4,2.36705
55886.1,2.23614
55981.8,2.11198
56077.5,1.99384
56173.2,1.88118
56268.9,1.77350
56364.6,1.67043
56488.4,1.54350
56612.2,1.42258
56736.1,1.30745
56859.9,1.19798
56983.8,1.09317
57107.6,0.993355
57231.4,0.898022
57355.3,0.806810
57467.9,0.727906
57580.5,0.652455
57693.0,0.580389
57805.6,0.511838
57918.2,0.447244
57974.5,0.416209
58030.8,0.386418
58087.1,0.357283
58143.4,0.329445
58199.7,0.302386
58255.9,0.276587
58317.9,0.249578
58379.8,0.223952
58441.7,0.199816
58472.7,0.188345
58503.6,0.177298
58534.6,0.166592
58565.6,0.156330
58596.5,0.146549
58627.5,0.137144
58658.4,0.128184
58689.4,0.119762
58720.4,0.111761
58751.3,0.104194
58782.3,0.0971728
58813.2,0.0906815
58844.2,0.0847201
58875.2,0.0793066
58906.1,0.0744486
58937.1,0.0701707
58968.0,0.0664862
58999.0,0.0634089
59032.8,0.0607759
59066.6,0.0589098
59100.3,0.0578498
59134.1,0.0576086
59165.1,0.0581429
59196.0,0.0594120
59227.0,0.0614436
59258.0,0.0642665
59288.9,0.0678935
59319.9,0.0723627
59350.8,0.0776956
59381.8,0.0839123
59412.7,0.0910589
59443.7,0.0991495
59474.7,0.108221
59505.6,0.118311
59536.6,0.129437
59567.5,0.141650
59598.5,0.154979
59629.5,0.169452
59660.4,0.185131
59691.4,0.202026
59722.4,0.220192
59753.3,0.239678
59784.3,0.260507
59815.2,0.282745
59846.2,0.306430
59877.2,0.331602
59916.6,0.365895
59956.0,0.402789
59995.4,0.442403
60034.8,0.484839
60054.5,0.507214
60074.2,0.530579
60113.6,0.578987
60153.0,0.630582
60192.4,0.685559
60223.3,0.731413
60254.3,0.779348
60285.3,0.829297
60316.2,0.881970
60347.2,0.937077
60378.1,0.994329
60409.1,1.05446
60440.1,1.11743
60471.0,1.18274
60502.0,1.25102
60563.9,1.39675
60594.9,1.47396
60625.8,1.55488
60687.7,1.72572
60738.6,1.87664
60789.4,2.03748
60840.2,2.20854
60891.0,2.39015
60941.8,2.58277
60992.7,2.78684
61043.5,3.00277
61068.9,3.11511
61081.6,3.17289
61084.8,3.18794
61086.4,3.19579
61087.9,3.20396
61089.5,3.21274
61091.1,3.22232
61092.7,3.23295
61094.3,3.24484
61095.9,3.25845
61097.5,3.27375
61099.1,3.29068
61100.7,3.30881
61103.9,3.34663
61105.5,3.36437
61107.1,3.37988
61109.0,3.39458
61109.7,3.39882
61110.0,3.40029
61110.0,3.40048
61110.1,3.40090
61110.2,3.40127
61110.4,3.40197
61110.7,3.40327
61110.8,3.40368
61110.9,3.40390
61111.0,3.40428
61111.4,3.40567
61111.9,3.40677
61112.8,3.40814
61114.3,3.40829
61115.8,3.40637
61118.7,3.39961
61121.7,3.39390
61123.2,3.39274
61124.7,3.39300
61126.5,3.39523
61128.3,3.39931
61130.1,3.40491
61131.9,3.41158
61133.7,3.41906
61135.5,3.42705
61139.1,3.44379
61153.4,3.51359
61190.3,3.69999
61227.1,3.89069
61300.7,4.29708
61337.6,4.50997
61374.4,4.73246
61448.1,5.19691
61521.7,5.69300
61595.4,6.22037
61669.0,6.77646
61742.7,7.36114
61803.8,7.86840
61864.9,8.39819
61926.0,8.93376
61987.0,9.49171
62109.2,10.6336
62231.4,11.8032
62353.5,12.9761
62475.7,14.1245
62597.9,15.2194
62720.0,16.2319
62838.0,17.1079
62955.9,17.8677
63073.8,18.5018
63191.7,19.0051
63309.6,19.3792
63427.5,19.6309
63545.4,19.7710
63663.3,19.8131
63808.1,19.7488
63953.0,19.5894
64097.9,19.3614
64242.8,19.0864
64387.7,18.7826
64532.5,18.4684
64677.4,18.1581
64749.9,18.0065
64822.3,17.8604
64864.4,17.7782
64885.5,17.7381
64896.0,17.7185
64901.3,17.7090
64906.6,17.7002
64909.7,17.6960
64911.3,17.6947
64912.9,17.6943
64914.4,17.6954
64916.0,17.6989
64916.8,17.7018
64917.6,17.7058
64918.4,17.7110
64919.2,17.7175
64920.0,17.7258
64920.8,17.7361
64921.5,17.7484
64922.3,17.7633
64923.1,17.7808
64923.9,17.8011
64925.5,17.8508
64927.1,17.9135
64928.6,17.9885
64931.8,18.1632
64934.4,18.3059
64935.6,18.3674
64936.9,18.4167
64938.9,18.4637
64940.0,18.4700
64941.9,18.4498
64943.2,18.4124
64944.5,18.3587
64946.6,18.2503
64948.6,18.1270
64950.7,18.0044
64952.8,17.8951
64954.3,17.8271
64955.8,17.7706
64957.3,17.7252
64958.8,17.6901
64959.6,17.6756
64960.3,17.6632
64961.1,17.6525
64961.8,17.6433
64962.6,17.6352
64963.3,17.6284
64964.8,17.6174
64966.3,17.6090
64967.8,17.6025
64969.3,17.5971
64970.8,17.5927
64973.9,17.5850
64976.9,17.5783
64986.8,17.5584
64996.8,17.5398
65016.8,17.5041
65056.7,17.4361
65136.5,17.3100
65296.2,17.0940
65455.8,16.9284
65615.5,16.8176
65711.9,16.7812
65842.7,16.7716
65973.5,16.8056
66104.4,16.8869
66235.2,17.0235
66366.1,17.2110
66496.9,17.4565
66627.7,17.7655
66758.6,18.1346
66830.4,18.3688
66902.1,18.6256
66973.9,18.9115
67009.8,19.0689
67045.6,19.2413
67065.7,19.3482
67085.8,19.4666
67105.9,19.6041
67126.0,19.7760
67136.1,19.8844
67146.1,20.0179
67156.2,20.1915
67161.2,20.3011
67166.2,20.4327
67171.9,20.6208
67177.7,20.8670
67183.4,21.2026
67186.3,21.4196
67189.2,21.6821
67192.8,22.0960
67196.3,22.6403
67198.1,22.9781
67199.9,23.3674
67201.7,23.8187
67203.5,24.3413
67205.5,25.0137
67207.5,25.7917
67209.4,26.6905
67211.4,27.7022
67213.4,28.8346
67215.4,30.0569
67219.4,32.6143
67221.8,34.1019
67223.0,34.7677
67224.3,35.3615
67225.5,35.8712
67226.7,36.2745
67227.9,36.5645
67229.2,36.7329
67229.9,36.7739
67231.1,36.7367
67232.4,36.5736
67233.6,36.2873
67234.8,35.8915
67236.0,35.3918
67237.3,34.8107
67239.7,33.4573
67246.7,29.1680
67248.8,28.0183
67250.9,26.9928
67253.0,26.0946
67255.0,25.3213
67256.7,24.7938
67258.3,24.3321
67260.0,23.9293
67261.6,23.5805
67264.9,23.0094
67268.1,22.5735
67270.8,22.2917
67273.5,22.0621
67278.8,21.7177
67284.2,21.4779
67289.5,21.3072
67297.9,21.1299
67306.2,21.0213
67308.6,20.9989
67318.1,20.9365
67332.4,20.8980
67346.6,20.8993
67360.9,20.9245
67375.2,20.9651
67396.6,21.0441
67418.0,21.1375
67460.8,21.3505
67503.6,21.5845
67546.5,21.8325
67604.8,22.1864
67663.1,22.5564
67779.8,23.3241
68013.2,24.9351
68246.5,26.5231
68363.2,27.2650
68421.5,27.6084
68479.8,27.9279
68493.2,27.9975
68506.5,28.0664
68509.8,28.0842
68513.2,28.1035
68514.8,28.1146
68516.5,28.1271
68518.2,28.1421
68519.8,28.1603
68521.5,28.1829
68523.2,28.2109
68524.8,28.2455
68526.5,28.2866
68528.2,28.3347
68529.8,28.3879
68533.1,28.5009
68535.4,28.5700
68537.6,28.6217
68539.3,28.6438
68539.9,28.6485
68540.0,28.6489
68540.1,28.6497
68540.3,28.6503
68540.6,28.6511
68541.3,28.6509
68541.4,28.6506
68541.6,28.6498
68541.9,28.6487
68542.8,28.6417
68543.7,28.6306
68545.6,28.5984
68551.7,28.4570
68553.2,28.4271
68554.8,28.4027
68556.3,28.3841
68557.8,28.3709
68559.4,28.3625
68560.9,28.3583
68562.4,28.3573
68564.0,28.3587
68565.5,28.3619
68567.0,28.3664
68570.1,28.3774
68575.7,28.4005
68581.2,28.4244
68592.3,28.4722
68614.6,28.5655
68684.9,28.8192
68755.3,29.0353
68896.1,29.3038
69014.6,29.3377
69110.1,29.2290
69205.6,29.0110
69301.1,28.6935
69396.6,28.2829
69492.1,27.7848
69587.6,27.1983
69683.1,26.5497
69778.6,25.8445
69969.6,24.3640
70160.6,22.8051
70351.6,21.2575
70542.6,19.7624
70648.1,18.9729
70753.7,18.2129
70798.2,17.9018
70809.4,17.8249
70820.5,17.7488
70826.1,17.7116
70828.8,17.6940
70830.2,17.6858
70831.6,17.6782
70833.0,17.6716
70834.4,17.6664
70835.8,17.6632
70837.2,17.6628
70838.6,17.6660
70840.0,17.6739
70841.4,17.6877
70842.8,17.7083
70844.2,17.7382
70845.6,17.7769
70847.1,17.8251
70848.5,17.8810
70854.3,18.1357
70856.1,18.1968
70857.8,18.2358
70859.3,18.2477
70859.9,18.2464
70861.1,18.2325
70862.4,18.2035
70863.6,18.1608
70864.4,18.1280
70866.5,18.0211
70868.7,17.8995
70870.8,17.7770
70872.9,17.6648
70874.5,17.5933
70876.0,17.5323
70877.1,17.4958
70878.1,17.4642
70879.2,17.4368
70880.2,17.4130
70881.3,17.3925
70882.4,17.3747
70883.4,17.3592
70884.5,17.3456
70885.6,17.3334
70886.6,17.3224
70887.7,17.3124
70888.7,17.3030
70890.9,17.2858
70893.0,17.2698
70897.2,17.2395
70901.5,17.2102
70909.9,17.1528
70918.4,17.0963
70922.7,17.0683
70926.9,17.0408
70929.1,17.0274
70931.2,17.0147
70933.3,17.0031
70934.4,16.9979
70935.4,16.9934
70936.5,16.9897
70937.5,16.9871
70938.6,16.9857
70939.7,16.9858
70940.7,16.9878
70941.8,16.9918
70942.8,16.9981
70943.9,17.0071
70945.3,17.0223
70946.6,17.0421
70949.3,17.0936
70952.0,17.1543
70954.7,17.2109
70956.3,17.2362
70958.0,17.2504
70959.3,17.2519
70959.9,17.2496
70960.0,17.2491
70960.2,17.2479
70960.4,17.2465
70960.7,17.2431
70961.5,17.2343
70962.0,17.2256
70962.2,17.2231
70962.7,17.2126
70964.9,17.1565
70967.2,17.0849
70969.9,16.9874
70972.7,16.8959
70974.1,16.8557
70975.5,16.8200
70976.9,16.7890
70978.3,16.7623
70979.1,16.7488
70979.9,16.7364
70980.7,16.7251
70981.5,16.7148
70983.1,16.6966
70984.7,16.6809
70986.3,16.6670
70987.9,16.6544
70989.5,16.6426
70991.1,16.6313
70994.3,16.6097
70997.5,16.5888
71003.9,16.5476
71029.4,16.3857
71080.6,16.0702
71182.9,15.4632
71387.6,14.3383
71543.3,13.5579
71699.0,12.8374
71854.7,12.1679
72010.4,11.5484
72046.0,11.4134
72054.9,11.3800
72063.8,11.3469
72068.3,11.3308
72070.5,11.3231
72071.6,11.3196
72072.7,11.3162
72073.9,11.3132
72075.0,11.3105
72076.1,11.3085
72077.2,11.3071
72078.3,11.3066
72079.4,11.3071
72080.5,11.3089
72081.6,11.3122
72083.2,11.3199
72084.8,11.3315
72086.4,11.3473
72088.0,11.3670
72094.4,11.4620
72096.2,11.4815
72097.9,11.4931
72099.2,11.4953
72099.9,11.4940
72100.0,11.4938
72100.2,11.4928
72100.5,11.4915
72101.0,11.4883
72101.6,11.4832
72103.1,11.4668
72104.5,11.4444
72107.2,11.3893
72109.9,11.3277
72112.7,11.2698
72114.0,11.2444
72115.4,11.2219
72116.6,11.2037
72117.9,11.1879
72119.1,11.1742
72120.4,11.1626
72121.9,11.1507
72123.3,11.1407
72124.8,11.1321
72126.3,11.1245
72127.8,11.1176
72129.3,11.1112
72132.2,11.0993
72135.2,11.0880
72138.2,11.0769
72144.1,11.0552
72167.8,10.9697
72215.2,10.8025
72310.0,10.4797
72499.6,9.86781
72619.4,9.50234
72666.8,9.36120
72678.7,9.32621
72690.5,9.29149
72696.5,9.27429
72702.4,9.25746
72705.4,9.24939
72706.8,9.24560
72708.3,9.24207
72709.8,9.23897
72711.3,9.23653
72712.8,9.23507
72714.2,9.23506
72715.3,9.23636
72716.4,9.23910
72717.5,9.24363
72718.6,9.25039
72719.7,9.25991
72720.8,9.27249
72721.9,9.28866
72723.0,9.30884
72724.1,9.33359
72725.2,9.36267
72727.4,9.43427
72729.5,9.52103
72731.7,9.61579
72734.2,9.71968
72736.7,9.79873
72738.7,9.83244
72739.9,9.83653
72741.3,9.82551
72742.5,9.80307
72743.7,9.76968
72745.9,9.68737
72747.3,9.62171
72748.3,9.57545
72752.1,9.39322
72754.1,9.31538
72756.0,9.25076
72757.0,9.22333
72757.9,9.19950
72758.9,9.17876
72759.8,9.16085
72760.8,9.14547
72761.8,9.13231
72762.7,9.12108
72763.7,9.11147
72765.0,9.10012
72766.4,9.09090
72767.7,9.08318
72769.1,9.07654
72770.4,9.07066
72771.8,9.06532
72774.5,9.05563
72777.2,9.04664
72779.9,9.03804
72785.3,9.02138
72796.1,8.98898
72806.9,8.95720
72850.2,8.83198
72936.6,8.58424
73109.6,8.08137
73186.4,7.84570
73263.3,7.59304
73340.2,7.31063
73378.6,7.15255
73417.0,6.97627
73445.9,6.82833
73474.7,6.66239
73503.5,6.47239
73532.4,6.24872
73550.6,6.08361
73568.9,5.89458
73587.1,5.67452
73596.3,5.55011
73605.4,5.41417
73615.9,5.23953
73626.5,5.04340
73637.1,4.82188
73647.6,4.57083
73652.9,4.43254
73658.2,4.28561
73663.5,4.12933
73668.8,3.96459
73674.1,3.79185
73679.4,3.61423
73684.6,3.43589
73689.9,3.26636
73694.3,3.14432
73696.4,3.09355
73698.6,3.05254
73700.7,3.02420
73702.9,3.01210
73705.1,3.02055
73706.1,3.03405
73707.2,3.05469
73708.9,3.10321
73710.6,3.17394
73712.3,3.27070
73713.9,3.39738
73714.8,3.47322
73715.6,3.55810
73716.5,3.65256
73717.3,3.75715
73718.1,3.87240
73719.0,3.99885
73719.8,4.13700
73720.7,4.28737
73721.8,4.52009
73723.0,4.77666
73724.2,5.06242
73725.4,5.37323
73726.5,5.71482
73727.7,6.08150
73728.9,6.47923
73730.1,6.90057
73731.6,7.47414
73733.0,8.08585
73734.5,8.73099
73736.0,9.40358
73739.0,10.8019
73742.0,12.2094
73744.4,13.2982
73746.2,14.1112
73748.1,14.8568
73750.0,15.5290
73751.9,16.1104
73753.8,16.6005
73755.7,16.9912
73757.6,17.2874
73759.4,17.4898
73761.0,17.5939
73762.4,17.6385
73763.8,17.6444
73766.5,17.5565
73769.3,17.3614
73772.0,17.0899
73777.5,16.4115
73783.0,15.6743
73787.2,15.1185
73791.5,14.5971
73795.7,14.1164
73799.9,13.6780
73806.9,13.0464
73813.8,12.5101
73820.7,12.0518
73827.6,11.6587
73836.1,11.2484
73844.6,10.9009
73853.0,10.6025
73861.5,10.3442
73873.8,10.0242
73886.1,9.75629
73898.4,9.52778
73910.7,9.33025
73929.2,9.07888
73947.7,8.86859
73966.2,8.68933
73984.6,8.53415
74012.3,8.33449
74040.0,8.16541
74067.7,8.01907
74095.4,7.89012
74109.3,7.83097
74123.1,7.77494
74130.1,7.74816
74133.5,7.73527
74135.2,7.72904
74137.0,7.72306
74138.7,7.71744
74140.4,7.71250
74141.3,7.71037
74142.2,7.70859
74143.0,7.70719
74143.9,7.70630
74144.8,7.70601
74145.6,7.70646
74146.5,7.70781
74147.4,7.71020
74148.2,7.71387
74149.1,7.71893
74150.0,7.72569
74150.8,7.73422
74152.4,7.75466
74153.9,7.78253
74155.4,7.81840
74157.0,7.86221
74160.1,7.96920
74163.1,8.08464
74165.2,8.15123
74167.2,8.19870
74169.0,8.21901
74169.9,8.22004
74171.5,8.20735
74172.7,8.18426
74174.0,8.15086
74174.6,8.13063
74174.9,8.11994
74175.8,8.08498
74176.8,8.04734
74179.3,7.93836
74180.5,7.88364
74183.0,7.78237
74184.3,7.73810
74185.5,7.69888
74186.8,7.66287
74188.2,7.63253
74189.5,7.60740
74190.8,7.58698
74192.2,7.57024
74193.5,7.55664
74194.8,7.54552
74196.1,7.53637
74197.5,7.52856
74198.8,7.52180
74200.1,7.51580
74201.4,7.51036
74202.8,7.50525
74204.1,7.50040
74206.8,7.49124
74212.1,7.47390
74217.4,7.45726
74228.0,7.42518
74249.2,7.36421
74270.5,7.30637
74337.9,7.13904
74405.4,6.98989
74540.3,6.73080
74675.2,6.50481
74810.1,6.30263
75000.0,6.04910
75189.9,5.82049
75379.8,5.61130
75569.7,5.41816
75759.6,5.23869
75949.4,5.07201
76329.2,4.76886
76409.2,4.70972
76544.1,4.61314
76611.5,4.56624
76628.4,4.55466
76645.3,4.54318
76662.1,4.53186
76670.6,4.52635
76679.0,4.52105
76683.4,4.51848
76687.8,4.51614
76689.9,4.51514
76692.1,4.51433
76694.3,4.51387
76696.5,4.51403
76697.6,4.51450
76698.7,4.51535
76699.8,4.51672
76700.9,4.51878
76702.0,4.52177
76703.1,4.52594
76704.2,4.53164
76705.2,4.53929
76706.3,4.54948
76707.4,4.56258
76708.5,4.57929
76709.6,4.60025
76710.7,4.62637
76711.8,4.65781
76712.9,4.69530
76714.0,4.73923
76715.2,4.79426
76716.3,4.85637
76718.7,5.00035
76723.4,5.32032
76725.4,5.43937
76727.4,5.52477
76729.4,5.56469
76729.9,5.56678
76731.8,5.54785
76733.3,5.50056
76734.9,5.42869
76736.6,5.32331
76738.4,5.20333
76742.0,4.95964
76743.8,4.84719
76745.7,4.75187
76746.9,4.69870
76748.2,4.65371
76749.4,4.61638
76750.7,4.58597
76751.9,4.56158
76753.1,4.54243
76754.1,4.53073
76755.0,4.52104
76755.9,4.51304
76756.9,4.50644
76757.8,4.50098
76758.7,4.49645
76759.6,4.49267
76760.6,4.48952
76761.8,4.48600
76763.0,4.48309
76764.3,4.48064
76765.5,4.47851
76768.0,4.47492
76770.5,4.47188
76775.4,4.46665
76780.4,4.46207
76786.6,4.45683
76792.8,4.45193
76805.2,4.44273
76817.5,4.43398
76829.9,4.42553
76839.8,4.41893
76844.8,4.41569
76849.7,4.41254
76853.3,4.41039
76855.1,4.40942
76856.9,4.40857
76858.7,4.40795
76859.5,4.40777
76860.4,4.40772
76861.3,4.40782
76862.2,4.40811
76863.1,4.40866
76864.0,4.40952
76864.9,4.41077
76865.8,4.41248
76866.7,4.41474
76867.6,4.41766
76868.5,4.42136
76869.3,4.42594
76870.2,4.43153
76871.1,4.43824
76872.0,4.44618
76872.9,4.45545
76874.7,4.47823
76876.5,4.50675
76878.2,4.54050
76882.0,4.62043
76883.8,4.65927
76885.7,4.69201
76888.1,4.72030
76889.3,4.72573
76889.9,4.72640
76891.2,4.72295
76893.2,4.70466
76893.4,4.70136
76893.9,4.69415
76894.4,4.68635
76896.2,4.65354
76897.9,4.61543
76901.4,4.53636
76904.0,4.48427
76905.3,4.46239
76906.6,4.44370
76907.9,4.42788
76909.3,4.41488
76910.6,4.40440
76911.9,4.39614
76913.2,4.38961
76914.5,4.38452
76915.8,4.38057
76917.1,4.37749
76918.4,4.37503
76919.7,4.37306
76921.0,4.37139
76922.3,4.36998
76924.7,4.36777
76927.1,4.36583
76931.8,4.36234
76941.3,4.35588
76950.7,4.34968
76960.2,4.34364
76998.1,4.31999
77073.8,4.27424
77225.3,4.18642
77528.2,4.02353
77910.9,3.84068
78229.8,3.70850
78389.2,3.65102
78469.0,3.62563
78548.7,3.60397
78612.5,3.59134
78652.3,3.58725
78692.2,3.58843
78732.1,3.59894
78752.0,3.61012
78771.9,3.62768
78790.9,3.65368
78809.8,3.69381
78819.3,3.72181
78828.7,3.75727
78838.2,3.80270
78847.7,3.86195
78857.6,3.94578
78862.6,3.99885
78867.6,4.06170
78872.6,4.13690
78877.6,4.22734
78882.5,4.33748
78887.5,4.47331
78890.3,4.56188
78893.0,4.66248
78895.7,4.77729
78898.5,4.90896
78901.2,5.06078
78904.0,5.23681
78906.7,5.44210
78909.4,5.68294
78911.3,5.87165
78913.2,6.08347
78915.1,6.32179
78916.9,6.58892
78918.8,6.89201
78920.7,7.23444
78922.5,7.62123
78924.4,8.05511
78925.8,8.43329
78927.3,8.84399
78928.7,9.29151
78930.2,9.77713
78931.6,10.3014
78933.1,10.8640
78934.5,11.4632
78936.0,12.0961
78937.9,12.9637
78939.8,13.8606
78943.5,15.6758
78945.4,16.5395
78947.3,17.3267
78949.2,18.0098
78950.1,18.3029
78951.1,18.5590
78952.2,18.8196
78953.4,19.0146
78954.5,19.1404
78955.7,19.1948
78956.3,19.1949
78957.7,19.1226
78959.0,18.9506
78960.4,18.6840
78961.8,18.3329
78963.2,17.9019
78964.6,17.4042
78965.9,16.8519
78967.3,16.2619
78972.6,13.7910
78975.3,12.5813
78976.6,12.0061
78978.0,11.4562
78979.1,10.9880
78980.3,10.5437
78981.5,10.1239
78982.7,9.73198
78983.9,9.36116
78985.1,9.01710
78986.3,8.69315
78987.4,8.39379
78988.5,8.13565
78989.6,7.89423
78991.8,7.45768
78994.0,7.07654
78996.2,6.74498
78998.3,6.45336
79000.5,6.19857
79002.7,5.97317
79004.9,5.77492
79007.8,5.53925
79010.8,5.33784
79013.8,5.16453
79016.7,5.01489
79019.7,4.88398
79022.7,4.76918
79025.6,4.66794
79028.6,4.57849
79033.0,4.46407
79037.3,4.36684
79041.7,4.28331
79046.0,4.21100
79054.7,4.09267
79063.4,4.00055
79072.1,3.92713
79080.8,3.86756
79089.5,3.81840
79098.2,3.77731
79115.6,3.71276
79133.0,3.66476
79150.4,3.62764
79167.8,3.59800
79202.6,3.55377
79237.5,3.52216
79272.3,3.49830
79316.6,3.47491
79360.9,3.45662
79449.5,3.42970
79626.7,3.39809
79728.0,3.38887
79778.6,3.38636
79943.2,3.38773
80107.7,3.40330
80272.3,3.43527
80354.6,3.45857
80436.9,3.48747
80466.9,3.49953
80497.0,3.51245
80512.0,3.51932
80519.5,3.52290
80527.0,3.52659
80534.6,3.53048
80542.1,3.53467
80545.8,3.53699
80549.6,3.53958
80551.5,3.54107
80553.4,3.54277
80555.2,3.54482
80557.1,3.54742
80558.4,3.54971
80559.7,3.55260
80561.0,3.55629
80562.3,3.56105
80563.5,3.56729
80564.8,3.57538
80566.1,3.58598
80567.4,3.59951
80568.7,3.61687
80570.0,3.63866
80571.3,3.66555
80572.5,3.69783
80573.8,3.73642
80575.1,3.78084
80577.7,3.88717
80581.2,4.05866
80583.0,4.14391
80584.8,4.21972
80586.5,4.27734
80588.2,4.31599
80589.9,4.33245
80592.1,4.31608
80594.0,4.27414
80595.8,4.21135
80598.1,4.10936
80600.5,3.99861
80601.2,3.96515
80602.6,3.90103
80604.1,3.84192
80605.5,3.78966
80607.0,3.74492
80608.4,3.70797
80609.9,3.67789
80611.3,3.65436
80612.8,3.63616
80614.2,3.62260
80615.6,3.61257
80617.1,3.60538
80618.5,3.60032
80620.0,3.59686
80621.4,3.59451
80622.9,3.59299
80624.3,3.59204
80625.8,3.59150
80628.1,3.59120
80630.5,3.59135
80635.2,3.59243
80639.9,3.59407
80644.6,3.59605
80654.0,3.60064
80663.4,3.60575
80672.8,3.61120
80682.2,3.61692
80701.0,3.62898
80738.6,3.65495
80776.2,3.68322
80799.3,3.70176
80860.1,3.75484
80920.8,3.81427
80981.5,3.88115
81042.3,3.95584
81103.0,4.03959
81163.8,4.13389
81224.5,4.23942
81285.3,4.35782
81348.9,4.49858
81412.5,4.65765
81476.2,4.83862
81539.8,5.04582
81603.4,5.28165
81667.1,5.55363
81698.9,5.70398
81730.7,5.86716
81762.5,6.04162
81794.3,6.22850
81836.7,6.50166
81879.0,6.80433
81921.3,7.14027
81963.7,7.51009
82006.0,7.92471
82048.3,8.38668
82090.7,8.90329
82133.0,9.47789
82155.9,9.81616
82178.8,10.1747
82201.6,10.5542
82224.5,10.9558
82247.4,11.3815
82270.3,11.8310
82316.0,12.8017
82361.8,13.8702
82407.5,15.0247
82499.0,17.4898
82556.2,18.9816
82584.8,19.6519
82613.4,20.2378
82642.0,20.7143
82670.6,21.0652
82699.2,21.2504
82713.5,21.2793
82727.8,21.2641
82743.0,21.1986
82758.3,21.0826
82776.4,20.8804
82794.5,20.6112
82812.6,20.2792
82830.7,19.8882
82866.9,18.9612
82903.1,17.8950
82975.6,15.5575
83011.8,14.3854
83048.0,13.2559
83071.3,12.5649
83094.5,11.9040
83117.8,11.2742
83141.0,10.6809
83164.3,10.1220
83187.5,9.59534
83210.8,9.10384
83234.0,8.64534
83257.3,8.21564
83280.5,7.81621
83303.8,7.44564
83327.0,7.09937
83350.3,6.77762
83373.5,6.47993
83396.8,6.20223
83420.0,5.94384
83443.3,5.70494
83466.5,5.48239
83489.8,5.27491
83513.0,5.08295
83536.3,4.90438
83559.5,4.73763
83582.8,4.58317
83606.0,4.43975
83629.3,4.30577
83652.5,4.18154
83699.0,3.95928
83722.3,3.85995
83745.5,3.76852
83792.0,3.60569
83830.1,3.49299
83868.1,3.39942
83906.1,3.32680
83925.2,3.29990
83944.2,3.28131
83952.6,3.27621
83971.7,3.27375
83990.7,3.28784
84000.2,3.30339
84009.7,3.32645
84019.2,3.35917
84028.7,3.40467
84039.8,3.47976
84045.4,3.52910
84050.9,3.58861
84056.5,3.66067
84062.0,3.74840
84067.6,3.85593
84073.1,3.98894
84076.0,4.07139
84078.9,4.16404
84081.8,4.26925
84084.7,4.38833
84087.7,4.52457
84090.6,4.67999
84093.5,4.85931
84096.4,5.06569
84098.6,5.24820
84100.9,5.45351
84103.1,5.68503
84105.4,5.94548
84107.6,6.24166
84109.8,6.57590
84112.1,6.95668
84114.3,7.38635
84115.8,7.69635
84117.2,8.02940
84118.7,8.38891
84120.1,8.77602
84121.6,9.19453
84123.1,9.63912
84124.5,10.1124
84126.0,10.6135
84127.9,11.3168
84129.8,12.0595
84133.6,13.6155
84137.5,15.1653
84139.4,15.8887
84141.3,16.5417
84143.4,17.1710
84144.5,17.4327
84145.6,17.6528
84146.7,17.8323
84147.8,17.9667
84148.8,18.0540
84149.9,18.0930
84150.9,18.0859
84151.9,18.0371
84152.9,17.9473
84153.9,17.8177
84154.9,17.6479
84155.9,17.4434
84157.9,16.9354
84159.9,16.3115
84161.9,15.6036
84163.9,14.8318
84165.9,14.0299
84168.6,12.9349
84171.3,11.8690
84174.0,10.8669
84175.4,10.3969
84176.7,9.95302
84178.5,9.39992
84180.3,8.89170
84182.1,8.42201
84183.8,7.99462
84185.6,7.60254
84187.4,7.24762
84189.2,6.92312
84190.9,6.62993
84193.4,6.26761
84195.8,5.95099
84198.3,5.67254
84200.7,5.42700
84203.1,5.20982
84205.6,5.01708
84208.0,4.84544
84210.5,4.69206
84214.2,4.48498
84218.0,4.30911
84221.8,4.15815
84225.6,4.02760
84229.3,3.91392
84233.1,3.81430
84236.9,3.72650
84240.6,3.64870
84246.9,3.53839
84253.1,3.44633
84259.3,3.36853
84265.5,3.30215
84271.7,3.24498
84277.9,3.19528
84290.3,3.11332
84300.1,3.06144
84309.9,3.01802
84329.4,2.94975
84348.9,2.89895
84368.4,2.86030
84389.7,2.82784
84411.0,2.80277
84453.6,2.76861
84496.2,2.74974
84538.8,2.74119
84577.9,2.74084
84616.9,2.74645
84695.0,2.77343
84773.1,2.81791
84851.2,2.87813
84929.2,2.95494
85007.3,3.04670
85085.4,3.15418
85163.5,3.27849
85241.6,3.41884
85319.7,3.57767
85397.8,3.75536
85475.9,3.95239
85538.0,4.12494
85600.1,4.31200
85662.2,4.51433
85724.3,4.73270
85786.5,4.96806
85848.6,5.22131
85910.7,5.49212
85972.8,5.78403
85998.2,5.90950
86023.6,6.03870
86036.3,6.10493
86049.0,6.17255
86055.3,6.20731
86058.5,6.22512
86061.7,6.24355
86064.8,6.26332
86066.4,6.27411
86068.0,6.28583
86069.6,6.29911
86071.2,6.31443
86072.8,6.33290
86074.4,6.35542
86075.4,6.37318
86076.4,6.39380
86077.5,6.41778
86078.5,6.44534
86079.5,6.47752
86080.6,6.51455
86081.6,6.55685
86082.7,6.60426
86084.7,6.71730
86086.8,6.85175
86091.0,7.16435
86093.8,7.37410
86096.6,7.53760
86099.1,7.61570
86099.9,7.62623
86102.1,7.61461
86104.0,7.56177
86105.8,7.47702
86108.2,7.33464
86110.7,7.17845
86113.4,7.00992
86114.8,6.93592
86116.1,6.87094
86117.5,6.81566
86118.9,6.77011
86120.2,6.73380
86121.6,6.70590
86123.0,6.68535
86124.4,6.67105
86125.7,6.66188
86127.1,6.65681
86128.5,6.65496
86129.8,6.65557
86131.2,6.65803
86132.6,6.66182
86135.1,6.67131
86137.6,6.68269
86142.7,6.70826
86147.7,6.73557
86152.7,6.76377
86162.8,6.82177
86172.9,6.88117
86193.1,7.00294
86213.2,7.12799
86283.4,7.58693
86353.5,8.07806
86423.6,8.60137
86493.7,9.15788
86563.9,9.75109
86634.0,10.3755
86704.1,11.0212
86774.3,11.6979
86872.5,12.6813
86921.6,13.1845
86933.8,13.3114
86946.1,13.4390
86952.2,13.5036
86958.4,13.5691
86961.4,13.6030
86964.5,13.6385
86966.1,13.6575
86967.6,13.6777
86969.1,13.6998
86970.6,13.7245
86971.9,13.7467
86973.1,13.7718
86974.3,13.8008
86975.5,13.8342
86976.7,13.8737
86977.9,13.9196
86979.1,13.9738
86980.3,14.0367
86981.5,14.1100
86982.7,14.1935
86983.9,14.2888
86985.1,14.3943
86987.5,14.6359
86989.9,14.9051
86993.0,15.2493
86994.5,15.4037
86996.1,15.5334
86997.5,15.6246
86998.9,15.6858
86999.9,15.7104
87002.0,15.7029
87004.0,15.6288
87006.0,15.5010
87009.5,15.2016
87012.0,14.9793
87014.4,14.7799
87015.7,14.6937
87016.9,14.6184
87018.1,14.5543
87019.3,14.5015
87020.6,14.4587
87021.8,14.4254
87023.0,14.4006
87024.3,14.3831
87025.5,14.3717
87026.7,14.3654
87027.9,14.3632
87029.2,14.3642
87030.8,14.3697
87032.5,14.3785
87034.2,14.3896
87035.8,14.4023
87039.1,14.4306
87042.5,14.4611
87049.1,14.5249
87055.8,14.5905
87069.1,14.7239
87082.4,14.8583
87135.7,15.3962
87256.1,16.5613
87376.6,17.6051
87436.8,18.0657
87497.0,18.4641
87557.2,18.8134
87617.4,19.1071
87681.8,19.3332
87746.2,19.4847
87810.5,19.5676
87874.9,19.5769
87942.7,19.4964
88010.4,19.3426
88078.2,19.1261
88145.9,18.8527
88213.7,18.5241
88281.5,18.1479
88417.0,17.3022
88552.5,16.3824
88688.0,15.4294
88823.6,14.4807
88959.1,13.5617
89147.5,12.3645
89241.7,11.8049
89335.9,11.2732
89430.1,10.7714
89524.3,10.2971
89618.5,9.84863
89712.7,9.42548
89769.2,9.18394
89803.3,9.04227
89837.5,8.90374
89854.6,8.83568
89871.6,8.76860
89880.2,8.73558
89888.7,8.70318
89893.0,8.68733
89897.2,8.67198
89899.4,8.66461
89901.5,8.65768
89903.6,8.65141
89905.8,8.64624
89907.0,8.64411
89908.1,8.64273
89909.3,8.64233
89910.5,8.64319
89911.7,8.64570
89912.8,8.65029
89914.0,8.65749
89915.2,8.66777
89916.4,8.68197
89917.6,8.70072
89918.7,8.72473
89919.9,8.75443
89921.1,8.79092
89922.3,8.83446
89923.4,8.88532
89924.6,8.94295
89927.0,9.07931
89929.3,9.23481
89932.6,9.45449
89934.2,9.55237
89935.8,9.63306
89937.4,9.69038
89939.0,9.71949
89939.9,9.72264
89942.1,9.69156
89943.9,9.62248
89945.8,9.52150
89948.2,9.36144
89950.5,9.18534
89952.9,9.01279
89955.2,8.85901
89957.1,8.75507
89959.0,8.66943
89959.9,8.63272
89960.8,8.60048
89961.8,8.57202
89962.7,8.54703
89963.6,8.52496
89964.6,8.50593
89965.5,8.48936
89966.4,8.47492
89967.4,8.46219
89968.3,8.45116
89969.2,8.44144
89970.1,8.43282
89972.0,8.41806
89973.9,8.40584
89975.7,8.39518
89977.6,8.38564
89981.3,8.36837
89985.1,8.35242
89989.9,8.33280
89994.7,8.31385
90004.3,8.27707
90013.9,8.24123
90023.6,8.20604
90042.8,8.13678
90062.0,8.06880
90139.0,7.80661
90292.9,7.32051
90424.9,6.94043
90556.8,6.58833
90688.8,6.26392
90820.7,5.96205
90952.7,5.68143
91084.6,5.42154
91216.6,5.17812
91348.5,4.94977
91423.9,4.82592
91478.9,4.73847
91492.6,4.71697
91506.4,4.69568
91509.8,4.69042
91513.2,4.68528
91515.0,4.68280
91516.7,4.68043
91518.4,4.67825
91520.1,4.67635
91521.0,4.67554
91521.8,4.67487
91522.7,4.67434
91523.6,4.67399
91524.4,4.67386
91525.3,4.67398
91526.1,4.67439
91527.0,4.67511
91527.8,4.67621
91528.7,4.67771
91529.6,4.67967
91530.4,4.68212
91532.1,4.68861
91533.9,4.69729
91535.2,4.70591
91536.6,4.71579
91539.4,4.73858
91542.1,4.76249
91544.8,4.78287
91547.8,4.79554
91549.1,4.79689
91549.9,4.79633
91549.9,4.79628
91550.0,4.79614
91550.1,4.79600
91550.2,4.79568
91550.6,4.79491
91551.3,4.79269
91552.0,4.78967
91552.2,4.78854
91552.6,4.78593
91553.1,4.78307
91554.0,4.77637
91555.8,4.75997
91561.6,4.69434
91564.5,4.66335
91565.9,4.64985
91567.3,4.63790
91568.9,4.62661
91570.5,4.61718
91572.1,4.60930
91572.9,4.60589
91573.6,4.60282
91574.4,4.59999
91575.2,4.59742
91576.0,4.59506
91576.8,4.59291
91577.6,4.59090
91578.4,4.58903
91579.9,4.58566
91581.5,4.58260
91583.1,4.57979
91584.7,4.57713
91586.2,4.57458
91589.4,4.56964
91592.5,4.56482
91605.1,4.54588
91617.7,4.52714
91668.1,4.45335
91768.9,4.31057
91960.3,4.05432
92151.6,3.81310
92534.3,3.35334
92643.6,3.21916
92753.0,3.07680
92862.3,2.91782
92917.0,2.82690
92971.6,2.72361
93009.2,2.64206
93046.8,2.54793
93065.6,2.49461
93084.4,2.43599
93103.2,2.37089
93122.0,2.29795
93140.8,2.21503
93159.6,2.11948
93169.0,2.06598
93178.4,2.00809
93187.8,1.94516
93197.1,1.87679
93205.3,1.81284
93213.4,1.74427
93221.5,1.67094
93229.6,1.59355
93237.7,1.51345
93245.8,1.43440
93249.9,1.39736
93254.0,1.36405
93258.0,1.33690
93262.1,1.31950
93265.5,1.31612
93268.9,1.32769
93271.7,1.35232
93274.5,1.39527
93277.2,1.46215
93278.6,1.50673
93280.0,1.55968
93281.4,1.62292
93282.8,1.69738
93284.2,1.78444
93285.6,1.88483
93286.9,2.00159
93288.3,2.13572
93289.7,2.28896
93291.1,2.46171
93292.7,2.68235
93294.2,2.93156
93295.7,3.21264
93297.3,3.52715
93298.8,3.87852
93300.4,4.26255
93301.9,4.68093
93303.4,5.13218
93305.2,5.68158
93306.9,6.26112
93308.7,6.86643
93310.4,7.48833
93313.9,8.73754
93315.6,9.34025
93317.4,9.91142
93318.6,10.3014
93319.9,10.6609
93321.0,10.9521
93322.1,11.2169
93323.2,11.4534
93324.3,11.6603
93325.5,11.8365
93326.6,11.9814
93327.7,12.0948
93328.8,12.1771
93329.9,12.2299
93331.1,12.2517
93332.2,12.2440
93333.3,12.2091
93335.6,12.0642
93337.9,11.8365
93340.2,11.5433
93342.4,11.2061
93347.0,10.4614
93353.2,9.43575
93356.3,8.96335
93359.4,8.52823
93362.5,8.13232
93365.6,7.77470
93368.8,7.45282
93371.9,7.16343
93375.0,6.90231
93378.1,6.66780
93381.2,6.45595
93384.3,6.26403
93387.4,6.08965
93390.5,5.93071
93393.6,5.78539
93396.8,5.65213
93402.1,5.44614
93407.5,5.26666
93412.9,5.10842
93418.3,4.96840
93423.6,4.84322
93429.0,4.73108
93434.4,4.62987
93439.7,4.53808
93446.5,4.43355
93453.3,4.33999
93466.9,4.17938
93480.5,4.04641
93494.1,3.93435
93506.5,3.84555
93518.9,3.76755
93543.8,3.63640
93568.7,3.52982
93593.6,3.44084
93620.8,3.35875
93647.9,3.28800
93675.1,3.22604
93702.2,3.17105
93756.5,3.07718
93810.8,2.99774
93901.4,2.88823
93991.9,2.79781
94077.9,2.72476
94163.8,2.66188
94249.8,2.60879
94335.8,2.56686
94381.1,2.55079
94403.7,2.54488
94426.3,2.54093
94439.9,2.54005
94446.7,2.54035
94453.5,2.54158
94456.9,2.54285
94460.3,2.54503
94462.0,2.54674
94463.7,2.54913
94465.4,2.55254
94467.1,2.55744
94468.8,2.56458
94470.5,2.57493
94472.2,2.58980
94473.0,2.59944
94473.8,2.61072
94474.7,2.62417
94475.5,2.63994
94477.2,2.67936
94478.9,2.73181
94480.6,2.79881
94482.1,2.87149
94483.6,2.95746
94485.1,3.05642
94486.6,3.16627
94492.5,3.65744
94494.8,3.81948
94495.9,3.88483
94497.0,3.93669
94498.3,3.97709
94499.6,3.99569
94499.9,3.99676
94500.9,3.99221
94501.8,3.97547
94503.6,3.91122
94505.4,3.81016
94507.6,3.65346
94509.8,3.47532
94512.0,3.29397
94514.2,3.12450
94515.8,3.01125
94517.4,2.91359
94519.1,2.83115
94520.7,2.76451
94522.3,2.71155
94524.0,2.67108
94525.6,2.64070
94527.2,2.61840
94528.1,2.60916
94529.0,2.60153
94530.7,2.58987
94532.4,2.58192
94534.1,2.57660
94535.9,2.57303
94537.6,2.57068
94541.0,2.56819
94544.5,2.56735
94547.9,2.56741
94554.8,2.56908
94568.6,2.57616
94582.4,2.58689
94610.1,2.61873
94637.7,2.66707
94651.5,2.69932
94665.3,2.73833
94679.1,2.78554
94692.9,2.84311
94708.8,2.92626
94716.8,2.97599
94724.8,3.03229
94732.8,3.09621
94740.8,3.16902
94748.8,3.25226
94756.8,3.34782
94763.0,3.43162
94769.1,3.52526
94775.3,3.63053
94781.5,3.74884
94787.7,3.88265
94793.8,4.03410
94800.0,4.20681
94806.2,4.40393
94810.2,4.54695
94814.2,4.70315
94818.2,4.87486
94822.2,5.06299
94826.2,5.27046
94830.2,5.49845
94834.2,5.75061
94838.1,6.02842
94842.1,6.33633
94846.1,6.67608
94850.1,7.05291
94854.1,7.46859
94858.1,7.92888
94862.1,8.43491
94866.1,8.99214
94870.1,9.59970
94874.9,10.3923
94879.6,11.2547
94884.4,12.1757
94889.1,13.1353
94893.9,14.1030
94898.7,15.0376
94903.4,15.8890
94905.8,16.2665
94908.2,16.6027
94911.1,16.9505
94914.0,17.2156
94917.0,17.3896
94919.9,17.4672
94922.3,17.4573
94924.7,17.3824
94927.1,17.2445
94929.4,17.0469
94931.8,16.7926
94934.2,16.4894
94936.6,16.1422
94939.0,15.7578
94943.7,14.9024
94948.5,13.9798
94958.0,12.1053
94962.8,11.2137
94967.6,10.3830
94972.3,9.61835
94977.1,8.92576
94981.9,8.30083
94986.7,7.74228
94991.4,7.24352
94996.2,6.79882
95001.3,6.37976
95006.3,6.00922
95011.4,5.67978
95016.4,5.38743
95021.5,5.12633
95026.5,4.89345
95031.6,4.68470
95036.6,4.49706
95041.7,4.32759
95046.7,4.17468
95051.8,4.03605
95056.8,3.91001
95061.9,3.79490
95067.0,3.68991
95072.0,3.59373
95077.1,3.50542
95086.2,3.36222
95095.4,3.23814
95104.6,3.12954
95113.8,3.03412
95123.0,2.94963
95132.2,2.87454
95141.4,2.80730
95150.5,2.74691
95162.5,2.67689
95174.4,2.61509
95186.4,2.56011
95198.3,2.51087
95222.2,2.42637
95246.1,2.35598
95266.3,2.30473
95286.5,2.25949
95326.9,2.18248
95367.3,2.11818
95407.8,2.06247
95451.9,2.00810
95495.9,1.95793
95567.6,1.88115
95639.3,1.80564
95675.1,1.76744
95710.9,1.72948
95728.8,1.71109
95746.7,1.69397
95764.6,1.67944
95782.6,1.66969
95789.9,1.66808
95805.5,1.67237
95813.3,1.68032
95821.1,1.69403
95828.9,1.71568
95836.8,1.74854
95840.7,1.77068
95844.6,1.79759
95848.5,1.83036
95852.4,1.87024
95856.3,1.91897
95860.2,1.97833
95864.1,2.05122
95868.0,2.14065
95869.9,2.19323
95871.9,2.25149
95873.8,2.31645
95875.8,2.38899
95877.8,2.47056
95879.7,2.56151
95881.7,2.66357
95883.6,2.77827
95886.1,2.94883
95887.4,3.04418
95888.7,3.14725
95889.9,3.25964
95891.2,3.38029
95892.4,3.51084
95893.7,3.65210
95895.0,3.80620
95896.2,3.97162
95897.5,4.15047
95898.8,4.34371
95900.0,4.55405
95901.3,4.77914
95902.5,5.02150
95903.8,5.28202
95905.5,5.66130
95907.2,6.07614
95908.9,6.52745
95910.6,7.01236
95912.2,7.53576
95913.9,8.08937
95915.6,8.67631
95917.3,9.28465
95921.3,10.8026
95923.3,11.5641
95925.4,12.2971
95927.4,12.9876
95929.4,13.6079
95931.4,14.1440
95933.4,14.5732
95934.5,14.7514
95935.5,14.8961
95936.9,15.0358
95938.3,15.1116
95939.5,15.1270
95940.6,15.1022
95941.7,15.0383
95942.8,14.9379
95944.0,14.8015
95945.1,14.6320
95947.3,14.2077
95949.6,13.6857
95951.9,13.0963
95956.4,11.8052
95960.1,10.7363
95963.7,9.72928
95965.6,9.25774
95967.4,8.81535
95969.3,8.40063
95971.1,8.01381
95973.1,7.62255
95975.1,7.26270
95977.1,6.93247
95979.1,6.62982
95981.2,6.35259
95983.2,6.09862
95985.2,5.86582
95987.2,5.65220
95989.0,5.47095
95990.9,5.30397
95992.7,5.14904
95994.6,5.00508
95998.2,4.74564
96001.9,4.52030
96005.6,4.32235
96009.3,4.14841
96013.0,3.99389
96016.7,3.85666
96022.0,3.68200
96027.4,3.53198
96032.7,3.40198
96038.1,3.28837
96043.5,3.18832
96048.8,3.09959
96054.2,3.02043
96059.5,2.94943
96067.6,2.85574
96075.6,2.77473
96083.7,2.70401
96091.7,2.64177
96099.7,2.58657
96107.8,2.53733
96123.9,2.45310
96138.6,2.38866
96153.4,2.33372
96168.1,2.28624
96182.8,2.24471
96212.3,2.17526
96241.8,2.11911
96275.3,2.06673
96308.8,2.02274
96342.3,1.98507
96375.8,1.95218
96442.8,1.89707
96509.8,1.85119
96595.6,1.80223
96681.3,1.76106
96761.8,1.72812
96842.2,1.70046
96922.6,1.67899
97003.0,1.66768
97043.2,1.66871
97083.4,1.67774
97103.5,1.68680
97123.6,1.70067
97143.7,1.72114
97163.8,1.75121
97173.1,1.76979
97182.5,1.79216
97191.9,1.81917
97201.3,1.85206
97210.7,1.89258
97220.0,1.94300
97229.4,2.00636
97234.1,2.04419
97238.8,2.08702
97243.8,2.13948
97248.9,2.19984
97253.9,2.26993
97258.9,2.35152
97263.9,2.44754
97269.0,2.56097
97271.5,2.62585
97274.0,2.69657
97276.5,2.77413
97279.0,2.85935
97282.4,2.98672
97285.7,3.13215
97289.1,3.29883
97290.7,3.39160
97292.4,3.49061
97294.1,3.59763
97295.8,3.71203
97297.4,3.83588
97299.1,3.96846
97300.8,4.11216
97302.5,4.26611
97304.1,4.43305
97305.8,4.61191
97307.7,4.82620
97309.5,5.05739
97311.3,5.30776
97313.2,5.57838
97315.0,5.87178
97316.9,6.18539
97318.7,6.52097
97320.5,6.87824
97323.0,7.39451
97325.5,7.94199
97330.5,9.10341
97335.4,10.2669
97337.9,10.8026
97340.4,11.2807
97342.8,11.6661
97344.0,11.8264
97345.2,11.9617
97346.3,12.0726
97347.5,12.1567
97348.7,12.2129
97349.9,12.2406
97351.2,12.2384
97352.5,12.2026
97353.8,12.1337
97355.1,12.0337
97356.3,11.9026
97357.6,11.7428
97358.9,11.5567
97360.2,11.3484
97362.8,10.8681
97365.4,10.3287
97370.5,9.15510
97374.1,8.34114
97377.6,7.56954
97379.4,7.20649
97381.1,6.86113
97382.9,6.53452
97384.7,6.22716
97387.3,5.80294
97390.0,5.42056
97392.6,5.07755
97395.3,4.77076
97397.9,4.49680
97400.6,4.25223
97403.2,4.03379
97405.9,3.83844
97409.1,3.62701
97412.4,3.44164
97415.6,3.27856
97418.8,3.13457
97422.1,3.00695
97425.3,2.89343
97428.6,2.79206
97431.8,2.70148
97435.0,2.61973
97438.3,2.54594
97441.5,2.47910
97444.7,2.41836
97448.0,2.36301
97451.2,2.31242
97457.7,2.22362
97464.2,2.14823
97470.7,2.08375
97477.1,2.02814
97483.6,1.97988
97494.8,1.91011
97506.0,1.85365
97517.2,1.80704
97528.4,1.76801
97539.6,1.73494
97550.7,1.70660
97573.1,1.66056
97595.5,1.62477
97617.9,1.59610
97640.3,1.57226
97662.6,1.55212
97707.4,1.51957
97752.1,1.49388
97827.5,1.45996
97926.5,1.42552
98025.4,1.39822
98124.3,1.37688
98173.8,1.36898
98223.3,1.36368
98268.0,1.36259
98312.8,1.36721
98335.2,1.37292
98357.5,1.38203
98379.9,1.39576
98402.3,1.41660
98423.5,1.44613
98434.1,1.46596
98444.7,1.49035
98455.3,1.52050
98465.9,1.55805
98476.5,1.60538
98481.8,1.63376
98487.1,1.66599
98493.3,1.70936
98499.5,1.76006
98505.6,1.81987
98511.8,1.89070
98518.0,1.97549
98521.1,2.02408
98524.2,2.07752
98527.3,2.13646
98530.4,2.20162
98533.5,2.27389
98536.6,2.35427
98539.8,2.44856
98543.0,2.55470
98546.3,2.67461
98549.5,2.81012
98552.7,2.96478
98556.0,3.14146
98557.6,3.23923
98559.2,3.34403
98560.8,3.45643
98562.5,3.57635
98565.0,3.78732
98567.6,4.02429
98570.2,4.29084
98572.8,4.59092
98574.1,4.75486
98575.4,4.92881
98576.6,5.11333
98577.9,5.30897
98579.2,5.51628
98580.5,5.73580
98581.8,5.96802
98583.1,6.21141
98585.5,6.71674
98588.0,7.27263
98590.5,7.87877
98592.9,8.53237
98595.4,9.22744
98597.8,9.95419
98602.8,11.4397
98604.8,12.0352
98606.8,12.5993
98608.8,13.1209
98610.8,13.5858
98612.8,13.9823
98614.8,14.2943
98616.8,14.5144
98618.9,14.6357
98619.8,14.6570
98620.6,14.6578
98621.8,14.6302
98622.9,14.5714
98624.0,14.4821
98625.1,14.3645
98627.4,14.0451
98629.6,13.6300
98631.8,13.1326
98634.1,12.5757
98636.3,11.9735
98638.5,11.3492
98642.2,10.3127
98645.8,9.30997
98647.7,8.83399
98649.5,8.37936
98651.3,7.94812
98653.2,7.54359
98655.0,7.16178
98656.8,6.80485
98658.6,6.47220
98660.5,6.16294
98662.3,5.87593
98664.1,5.60990
98666.0,5.36350
98667.8,5.13657
98669.5,4.94310
98671.1,4.76377
98672.8,4.59643
98674.4,4.44021
98676.1,4.29342
98677.8,4.15703
98681.1,3.90989
98684.4,3.69212
98687.7,3.50067
98691.1,3.33114
98694.4,3.18046
98698.7,3.00836
98703.0,2.85908
98707.3,2.72882
98711.7,2.61452
98716.0,2.51369
98720.3,2.42428
98724.6,2.34458
98728.9,2.27321
98732.6,2.21840
98736.3,2.16817
98743.6,2.07959
98750.9,2.00408
98758.2,1.93913
98765.5,1.88275
98772.8,1.83358
98780.1,1.79034
98787.4,1.75211
98800.7,1.69298
98814.0,1.64431
98827.3,1.60352
98840.6,1.56901
98853.9,1.53943
98867.2,1.51386
98893.8,1.47182
98920.4,1.43885
98947.0,1.41203
98973.6,1.38973
99000.2,1.37088
99053.3,1.34052
99106.5,1.31680
99159.7,1.29758
99212.9,1.28129
99319.2,1.25470
99425.6,1.23343
99531.9,1.21553
99765.9,1.18392
99882.9,1.17088
99941.4,1.16489
99970.7,1.16150
99974.3,1.16010
99978.0,1.15717
99981.6,1.15119
99983.5,1.14643
99985.3,1.14014
99987.1,1.13200
99988.9,1.12181
99990.8,1.10946
99992.6,1.09506
99996.3,1.06051
99999.9,1.02154
100000,0.874315
100120,0.974600
100290,1.24100
100470,1.00700
100640,0.714300
100810,1.30600
100990,0.939500
101160,1.08300
101340,1.13700
101510,0.775600
101690,1.33700
101870,0.981000
102040,1.23500
102220,1.08200
102400,1.03100
102570,1.04600
102750,1.08100
102930,1.17900
103110,1.62800
103290,1.30600
103470,1.67000
103650,1.61000
103840,2.61800
104020,2.34500
104200,1.52000
104380,1.65800
104570,1.58300
104750,1.20500
104930,1.96500
105000,1.94363
105120,1.90700
105300,1.77100
105490,2.08700
105680,1.62500
105860,1.93700
106050,2.07600
106240,2.16600
106430,2.00200
106610,2.19600
106800,2.29500
106990,2.28300
107180,2.91000
107380,2.37500
107570,2.35600
107760,2.82500
107950,2.45500
108140,2.55300
108340,2.63800
108530,3.33300
108720,2.90900
108920,3.30000
109110,3.01600
109310,3.82600
109510,4.20000
109710,3.65000
109900,4.23500
110000,4.69250
110100,5.15000
110300,6.32400
110500,8.66700
110700,10.1100
110900,8.88200
111100,7.60100
111300,7.08300
111500,6.82800
111700,6.77700
111910,6.59800
112110,6.84200
112310,6.78400
112520,7.33900
112720,7.33600
112930,7.98600
113140,8.54200
113340,8.11600
113550,8.01300
113760,8.84600
113970,8.96700
114180,9.11500
114390,10.1000
114600,10.6900
114810,11.1400
115020,9.93400
115230,10.2600
115450,10.1600
115660,10.4500
115870,10.6300
116090,11.1100
116300,11.7100
116520,11.9600
116730,10.2600
116950,8.83700
117170,9.01100
117390,10.4000
117600,10.9500
117820,11.3000
118040,12.1100
118260,12.6000
118490,14.9100
118710,15.8300
118930,15.0700
119150,14.0500
119380,13.5500
119600,12.8500
119820,13.2000
120000,13.4191
120050,13.4800
120280,12.9200
120500,12.7400
120730,13.8300
120960,13.0900
121190,13.2500
121420,13.2700
121650,13.3100
121880,13.5300
122110,13.0600
122340,12.9500
122570,12.9100
122810,12.8900
123040,13.3800
123280,13.0800
123510,12.4700
123750,12.3500
123980,12.8000
124220,12.1700
124460,12.6400
124700,11.8400
124940,11.7600
125180,11.5400
125420,11.1700
125660,11.5800
125900,11.1300
126150,10.4400
126390,10.8700
126630,10.4500
126880,10.0100
127120,9.73400
127370,9.33300
127620,8.91100
127870,8.59400
128110,8.50100
128360,7.87600
128610,7.46300
128860,7.53600
129120,6.90900
129370,7.12200
129620,7.05200
129880,5.93500
130000,5.57500
130130,5.18500
130380,4.70200
130640,4.66300
130900,4.92700
131150,4.49600
131410,3.17100
131670,2.14000
131930,1.62000
132190,1.01200
132450,0.747100
132720,0.845400
132980,1.14400
133240,2.32700
133510,3.22000
133770,4.26700
134040,5.69000
134310,7.19000
134570,8.10200
134840,9.08300
135110,11.7300
135380,11.5300
135650,11.6400
135920,10.8900
136200,10.2900
136470,9.87500
136740,9.80500
137020,9.37000
137290,9.20900
137570,8.62100
137850,8.58300
138130,8.22100
138400,8.71000
138690,8.40000
138970,8.41800
139250,9.08500
139530,8.78600
139810,9.18900
140000,9.35017
140100,9.43500
140380,10.5000
140670,10.6400
140960,11.4200
141240,11.7000
141530,12.0700
141820,11.4100
142110,9.86200
142400,8.50200
142700,6.88000
142990,5.53600
143280,4.19300
143580,3.86900
143870,2.32600
144170,1.77700
144470,1.37700
144770,1.33300
145070,2.28000
145370,5.72900
145670,8.11900
145970,8.97800
146270,7.28300
146580,5.71000
146880,4.85000
147190,4.02800
147500,3.76100
147810,2.97300
148110,2.39900
148420,2.50100
148740,1.95800
149050,1.47500
149360,1.73300
149670,1.07400
149990,0.736000
150000,0.730041
150310,0.545300
150620,0.474900
150940,1.48300
151260,2.55300
151580,3.70500
151900,5.33700
152220,6.50300
152540,8.32900
152870,9.07400
153190,9.04700
153520,9.26700
153850,8.25200
154170,7.36300
154500,7.18600
154830,6.42300
155170,5.71000
155500,5.14900
155830,4.93500
156170,4.31200
156500,4.05300
156840,3.41900
157180,3.28300
157520,3.04600
157860,2.54300
158200,2.32100
158540,2.55900
158880,3.42900
159230,4.93900
159570,6.87600
159920,8.83300
160000,9.40374
160270,11.3300
160610,11.4200
160960,11.4600
161320,12.1500
161670,12.0300
162020,12.7300
162380,13.2200
162730,11.9300
163090,11.1200
163450,10.4100
163810,10.3300
164170,10.6800
164530,11.3100
164890,11.3100
165260,10.8500
165620,9.97500
165990,9.92600
166360,9.81600
166720,9.96800
167100,9.73900
167470,10.1200
167840,9.39100
168210,9.63300
168590,8.99900
168970,7.98800
169340,6.02900
169720,4.59400
170000,3.38337
170100,2.95100
170480,2.91300
170870,3.77300
171250,4.42800
171640,5.54500
172020,5.79400
172410,6.16000
172800,6.54900
173190,6.71300
173580,7.05700
173980,6.85700
174370,6.81200
174770,6.21600
175160,5.19400
175560,4.58200
175960,5.88400
176370,7.33000
176770,7.88100
177170,8.41800
177580,7.74600
177980,7.62500
178390,6.98200
178800,7.03500
179210,7.09200
179630,8.00600
180000,8.49422
180040,8.54700
180460,8.77100
180870,7.99800
181290,8.96600
181710,9.37400
182130,10.1600
182560,10.5200
182980,11.1200
183400,12.2100
183830,12.1700
184260,12.3100
184690,11.9500
185120,9.94300
185560,7.88700
185990,5.83500
186430,4.36100
186870,4.43300
187310,5.63000
187750,8.08900
188190,11.1700
188630,13.7200
189080,13.8100
189520,13.6300
189970,12.8900
190000,12.8227
190420,11.8800
190880,10.5000
191330,9.92300
191780,9.29000
192240,8.50200
192700,7.72500
193160,7.37400
193620,6.87700
194090,6.60500
194550,6.37200
195020,5.78300
195490,4.99200
195960,5.19400
196430,5.61500
196900,5.05900
197380,3.78900
197850,3.04600
198330,2.45900
198810,3.25900
199290,5.18300
199780,7.32500
200000,7.56431
200270,7.85800
200750,8.25300
201240,8.64000
201730,9.34100
202220,10.2000
202720,10.6700
203220,10.5000
203710,11.0300
204220,10.9500
204720,10.5400
205220,10.3600
205730,9.85700
206230,9.11100
206740,8.38800
207260,8.04000
207770,7.56000
208280,7.17400
208800,6.27200
209320,5.81200
209840,5.15200
210360,4.71100
210890,5.40800
211410,7.09800
211940,8.13000
212470,8.08100
213010,7.55100
213540,6.31100
214080,5.69500
214620,4.80500
215160,4.58200
215700,4.25000
216250,3.92800
216790,3.76300
217340,3.43500
217890,3.16100
218450,3.21800
219000,2.73800
219560,2.37300
220000,2.13969
220000,3.69604
220600,3.93000
221600,3.15000
222600,3.05000
223600,2.99000
224600,2.53000
225000,2.57800
225600,2.65000
226600,3.08000
227600,3.29000
228600,3.70000
229600,3.74000
230600,4.79000
231600,5.62000
232600,7.01000
233600,6.57000
234600,6.70000
235600,7.55000
236600,7.28000
237600,7.61000
238600,7.94000
239600,7.70000
240600,7.89000
241600,7.38000
242600,7.08000
243600,7.26000
244600,7.07000
245600,7.02000
246600,6.97000
247600,5.60000
248600,5.65000
249600,5.74000
250000,5.66000
250010,1.92780
250100,4.00350
250200,4.38010
250300,4.32410
250400,4.19140
250500,4.46150
250600,4.26760
250710,10.0310
250800,4.23520
250900,5.45040
251000,5.41510
251100,5.16510
251200,5.70690
251300,5.74620
251410,10.0240
251500,6.87220
251600,6.59950
251700,6.28310
251800,6.49450
251900,5.84130
251990,13.4000
252100,3.81980
252200,5.61710
252290,7.53680
252340,8.92650
252400,5.43700
252500,5.36840
252610,10.8050
252700,4.82020
252800,2.53050
252900,5.22540
253000,4.33590
253100,4.45610
253200,3.85580
253310,9.59240
253400,5.40200
253470,2.20590
253500,4.94230
253600,3.63660
253700,4.23210
253800,3.55210
253900,3.56960
254000,3.01080
254100,3.09590
254200,3.60520
254300,3.26900
254400,2.98320
254500,3.89600
254600,3.06350
254700,2.81330
254800,2.76440
254900,2.84700
255000,2.76050
255100,3.08870
255200,2.87220
255300,2.14700
255400,2.63580
255500,2.30150
255600,2.92450
255700,2.78570
255800,2.18240
255900,2.35210
256000,2.53860
256100,2.47130
256200,2.25140
256300,2.42870
256400,2.35720
256500,2.37720
256600,2.41430
256700,2.24080
256800,2.28470
256900,2.09290
257000,2.23450
257100,2.05030
257200,1.68110
257300,1.82650
257400,1.21390
257500,1.89040
257600,2.32090
257700,2.74000
257800,3.71930
257890,6.55030
258000,3.27370
258060,1.64280
258100,2.19240
258200,2.15580
258300,1.89290
258400,1.57480
258500,1.77100
258600,1.46780
258700,1.59350
258800,1.77780
258900,1.56430
259000,1.68620
259100,1.52720
259160,0.853130
259200,2.02050
259300,1.92350
259400,2.97780
259500,4.80860
259590,7.40840
259700,3.52480
259800,1.99180
259820,0.915440
259900,2.64190
260000,2.71260
260100,2.04460
260200,2.18520
260300,2.71020
260400,2.54990
260500,3.48820
260600,2.88100
260700,3.56530
260800,3.90290
260900,4.22630
261000,4.86680
261100,6.16280
261200,6.74110
261300,7.17220
261370,10.6980
261500,6.75770
261600,6.20040
261700,5.81220
261760,3.71870
261800,5.21250
261900,4.50180
262000,4.84230
262090,5.65590
262100,5.00820
262150,6.74910
262200,4.52970
262300,4.45500
262400,4.26610
262500,4.93070
262600,4.34260
262640,2.04630
262700,3.88640
262800,3.66850
262900,3.70770
263000,3.73670
263100,1.88540
263200,3.29150
263300,3.39100
263350,8.27210
263400,3.10450
263500,3.12840
263520,1.02560
263600,2.72720
263700,2.62880
263800,3.51260
263900,2.97940
264000,2.24200
264100,3.03700
264200,3.96340
264300,6.06150
264400,6.49730
264500,5.23960
264560,8.91360
264600,5.61060
264700,3.86150
264800,3.41000
264900,2.19020
265000,1.78920
265100,1.85440
265200,1.33370
265300,1.72950
265400,1.79490
265500,1.59040
265600,1.45950
265700,1.43980
265800,1.03440
265900,1.48640
266000,1.77960
266100,1.76330
266200,0.884860
266300,1.22390
266400,1.01420
266500,1.11270
266600,1.24000
266700,0.976910
266800,1.24580
266900,1.14770
267000,0.466550
267100,0.660440
267200,1.55340
267300,0.779710
267400,1.07020
267500,1.08610
267600,0.985830
267700,0.746730
267800,1.07850
267900,1.71910
268000,1.16590
268100,1.02580
268200,0.837700
268300,0.663000
268400,1.37890
268500,0.707500
268600,0.758030
268700,1.23250
268800,1.09380
268900,0.960600
269000,0.909510
269100,1.37020
269200,1.50480
269300,2.37610
269400,2.62750
269500,6.13310
269600,2.70810
269700,2.29890
269800,1.38240
269900,1.54240
270000,1.48530
270100,1.51950
270200,1.43200
270300,2.93370
270370,5.00400
270400,3.30840
270500,2.45980
270600,2.35860
270700,1.96600
270800,2.26780
270900,2.44770
271000,2.82360
271100,3.12690
271200,3.06750
271300,3.37870
271400,3.79660
271500,3.65290
271600,3.98910
271700,4.26790
271800,4.37020
271900,5.39770
272000,5.80000
272120,8.04690
272200,5.96320
272300,5.52980
272400,5.93170
272500,6.51670
272600,6.28830
272700,6.37540
272800,7.02270
272830,8.78190
272900,6.76220
273000,6.44120
273100,5.71210
273200,5.35690
273300,5.25060
273400,5.51200
273500,5.62300
273600,5.56280
273700,5.12300
273800,5.39620
273900,5.46100
274000,5.10060
274100,5.37640
274200,4.95240
274300,5.34500
274400,5.39050
274500,5.23100
274600,5.11070
274700,5.17180
274800,4.69020
274900,5.79730
275000,4.88780
275100,5.32400
275200,4.96870
275300,5.66150
275400,5.50550
275500,5.13460
275600,4.52780
275700,4.96200
275800,4.99990
275900,5.06350
276000,5.29780
276100,4.08690
276130,2.31260
276200,4.54870
276300,4.96810
276400,4.04530
276500,4.76000
276550,2.65330
276600,4.73500
276700,4.75090
276800,4.92010
276900,5.36560
277000,5.14630
277100,6.48890
277210,9.19320
277300,6.36260
277400,4.73010
277450,3.22300
277500,4.88190
277600,5.34820
277700,5.11810
277800,6.25840
277900,6.95360
278000,8.27960
278050,11.4370
278100,7.08630
278200,7.13430
278260,12.9990
278300,7.47820
278400,6.76000
278500,6.74950
278560,4.38240
278600,6.25670
278700,6.44740
278800,6.00220
278890,8.63900
279000,6.00820
279100,6.67870
279200,6.81230
279320,5.30880
279400,6.43980
279470,8.73290
279500,6.60910
279560,3.85090
279600,6.31080
279700,6.04700
279800,6.34680
279900,6.22730
280000,6.01110
280100,5.26420
280200,5.44890
280300,5.48610
280400,5.85030
280500,5.39820
280600,5.97540
280700,5.37140
280810,7.81900
280910,3.77990
281000,5.51790
281100,4.92760
281200,5.84560
281300,5.23440
281400,5.33970
281500,4.95470
281600,4.74410
281700,4.91140
281800,4.81150
281900,4.58800
282000,2.95190
282100,3.00320
282190,1.03300
282300,1.89610
282400,3.01530
282500,3.19510
282600,3.18810
282700,4.10720
282800,4.70320
282900,4.95690
283000,4.58740
283100,5.23240
283200,4.48060
283300,5.56250
283400,5.37250
283440,7.21180
283500,4.87660
283600,4.91400
283700,4.88240
283800,4.50310
283900,4.79790
284000,5.29230
284100,4.92280
284200,4.83780
284300,5.41220
284400,5.70400
284500,5.20270
284600,5.23050
284700,4.62580
284800,5.77630
284900,5.36440
285000,5.79100
285100,5.16250
285210,8.17530
285300,5.85140
285400,5.38630
285500,5.71350
285600,3.77350
285700,5.41670
285800,5.91390
285900,5.92000
286000,5.23610
286100,6.78780
286200,9.42710
286240,14.0590
286300,8.54230
286400,7.21880
286500,6.01770
286600,3.89000
286700,5.13150
286800,5.30820
286900,5.34910
287000,5.50250
287100,5.27740
287200,5.21430
287300,4.98790
287410,8.51110
287500,5.28780
287600,5.03320
287670,3.12170
287800,5.18220
287900,4.48640
288000,5.10570
288100,4.93540
288200,4.82230
288300,5.06920
288400,4.73500
288500,5.27180
288600,5.78690
288700,7.58410
288790,9.32930
288900,7.24160
289000,5.44170
289100,5.79450
289200,5.49590
289300,5.63300
289370,3.67120
289500,5.24730
289600,5.31370
289700,5.23900
289800,4.77700
289900,4.91230
289960,6.50480
290000,5.06410
290120,3.76240
290200,5.20490
290300,4.75130
290400,4.64730
290480,7.17840
290600,5.07080
290670,3.86500
290800,5.20730
290900,4.91320
291000,4.66550
291100,4.87010
291140,7.39030
291180,3.81750
291200,5.26470
291280,7.84060
291300,6.69060
291400,5.93890
291490,3.93970
291500,5.03430
291600,5.20570
291700,5.27890
291800,7.80120
291900,4.69550
292000,4.98700
292100,4.62330
292200,4.86350
292300,4.72220
292400,4.76530
292500,4.48230
292600,4.31740
292700,4.50680
292800,4.96810
292900,4.32600
293000,3.48800
293100,2.90460
293200,2.41700
293300,1.24990
293400,3.26730
293500,4.90370
293600,5.58110
293700,5.39230
293800,5.62220
293890,7.79010
294000,5.44520
294100,6.03400
294180,2.56390
294300,6.04800
294400,5.59130
294500,5.86050
294600,5.51060
294700,6.38190
294790,8.92390
294900,6.37160
295000,6.08640
295100,6.53850
295200,6.13490
295300,6.13070
295400,6.17720
295500,5.84250
295600,5.85540
295700,5.73140
295800,6.83040
295900,6.79140
296000,5.80420
296100,6.12040
296200,5.80440
296300,6.52190
296400,6.33270
296500,6.41150
296600,6.10610
296700,6.20220
296800,6.00650
296900,6.16220
297000,6.19710
297100,6.20000
297200,5.73280
297300,6.13380
297400,6.35320
297500,6.10660
297600,6.10490
297700,6.27480
297800,6.05620
297900,6.55680
298000,6.35760
298100,5.97270
298200,6.27150
298300,6.35080
298400,6.26870
298500,5.97850
298600,5.30960
298700,5.54210
298800,6.59080
298880,9.57120
299000,8.36840
299100,7.80800
299200,7.43500
299300,8.08920
299400,7.59330
299500,7.88850
299560,6.24570
299600,7.09840
299700,7.44300
299800,7.36330
299900,7.59240
300000,7.63810
300050,5.74200
300100,8.24470
300200,7.32390
300300,7.28260
300400,8.45320
300500,12.5430
300600,9.23500
300700,8.30420
300800,8.15860
300900,9.42440
300940,11.0590
301000,7.94790
301100,7.19550
301180,5.59330
301200,7.07450
301250,8.38310
301300,6.89000
301400,7.24400
301510,8.52480
301600,6.98480
301710,5.85090
301800,7.24940
301900,7.55290
302000,7.32950
302100,6.52600
302200,7.19640
302300,6.75420
302400,6.81190
302500,7.55280
302600,6.96410
302700,6.75590
302800,6.63110
302900,6.79210
303000,6.65280
303100,6.08470
303200,6.72280
303300,6.63940
303400,6.43010
303500,6.43410
303600,5.90040
303700,6.03200
303800,5.87200
303900,5.63610
304000,5.80630
304100,5.52090
304200,5.28210
304300,4.86210
304400,5.55700
304500,5.13010
304600,4.47470
304700,4.69780
304800,4.14510
304900,4.42140
305000,4.53420
305100,3.88600
305200,4.08040
305300,3.90600
305400,3.85460
305500,3.19980
305570,2.05760
305660,1.87210
305700,2.99170
305800,2.90290
305900,3.44190
306000,3.01270
306100,3.07260
306200,2.96230
306300,3.02280
306400,3.45500
306500,3.58520
306600,3.24360
306700,3.53730
306800,3.29150
306900,4.16530
307000,3.76500
307100,4.34790
307200,4.74560
307300,4.56440
307400,4.73230
307500,4.93830
307600,4.96230
307700,5.24580
307800,5.06240
307900,5.23740
308000,5.34530
308100,5.25380
308200,5.57790
308300,5.83320
308400,5.26720
308500,7.19020
308600,5.32350
308700,5.67860
308800,5.63740
308900,5.36430
309000,5.68760
309100,5.66050
309170,6.87210
309300,5.35230
309400,5.31400
309500,5.48490
309600,5.06040
309690,3.73810
309800,4.84260
309870,3.39370
309950,3.31650
310100,4.28720
310200,4.40040
310320,5.34250
310400,4.13020
310500,4.33550
310600,4.37710
310720,2.44280
310800,4.32470
310900,4.39510
311000,4.11170
311100,4.52630
311200,4.18100
311300,3.93290
311400,4.09770
311500,4.30050
311600,4.39020
311700,4.98180
311800,4.51950
311900,5.63060
312000,5.96210
312100,6.14740
312200,6.08750
312300,6.49290
312400,6.97530
312490,9.26050
312600,6.95940
312700,7.60240
312780,9.54510
312900,7.33310
312950,5.50110
313000,7.37240
313100,7.41620
313200,7.64600
313300,7.02550
313400,7.04600
313500,7.54340
313530,8.99840
313600,6.98680
313660,5.94200
313700,6.96660
313800,7.25680
313900,7.51770
314000,6.83510
314100,7.19050
314200,8.07650
314300,9.25000
314350,10.1840
314400,7.34450
314500,6.60430
314600,6.69190
314700,6.27800
314800,6.22540
314900,6.30880
314980,7.48600
315100,6.04500
315200,6.14040
315300,5.73050
315400,6.03090
315500,6.20810
315600,6.12360
315700,5.48920
315800,5.43970
315900,5.45590
316000,5.17930
316100,5.28900
316200,5.07590
316300,4.95530
316400,5.17820
316500,4.73950
316600,5.15960
316700,5.89090
316800,5.88340
316890,6.63350
317000,4.71160
317100,4.41560
317200,4.83820
317300,4.12700
317400,4.14810
317500,3.90360
317600,3.68470
317700,3.76060
317800,4.39240
317900,3.96100
318000,3.70460
318100,3.36800
318200,3.61850
318300,3.42380
318400,3.33140
318500,3.29470
318600,2.64180
318700,2.80550
318800,2.64530
318810,1.52790
319000,2.83730
319100,2.50140
319200,2.77140
319300,3.11210
319400,3.71940
319500,4.59320
319600,5.48090
319660,6.95020
319700,5.17350
319800,3.55040
319900,2.55500
320000,2.09360
320100,2.07580
320200,1.82510
320300,0.909517
320300,1.91926
320400,2.38160
320500,2.35390
320600,2.78970
320700,2.80350
320800,3.63230
320900,5.14760
321000,5.48370
321100,6.25250
321200,7.35520
321300,8.16740
321460,10.7040
321500,8.55460
321600,7.61840
321700,7.82510
321800,7.12520
321900,6.81160
322000,6.54990
322100,6.27630
322200,6.08840
322300,6.17030
322400,6.12590
322500,5.65190
322600,5.25200
322700,5.29720
322800,5.32740
322900,5.21960
323000,5.09630
323100,4.79900
323200,4.96730
323300,4.58550
323400,4.17570
323500,4.09530
323600,3.97090
323700,3.86380
323800,4.15120
323900,3.81770
324000,3.43000
324100,3.47690
324200,3.37560
324310,2.42530
324400,3.62130
324500,3.22200
324600,3.32810
324680,2.47100
324800,3.15070
324900,2.72850
325000,3.07450
325100,3.10980
325200,3.51270
325300,3.91770
325400,3.42570
325500,3.60360
325600,3.57490
325700,3.85500
325800,3.88490
325900,4.40540
326000,4.96910
326100,4.49880
326200,5.10440
326300,4.99630
326400,5.65320
326420,5.59676
326421,5.59540
326421,5.59511
326438,5.54596
326500,5.37100
326600,5.45680
326700,6.15650
326800,6.67880
326900,7.48410
326990,9.30690
327110,5.65660
327210,8.06270
327300,6.14390
327350,5.45790
327400,5.96290
327490,7.48990
327600,6.21490
327700,6.47250
327800,5.95050
327900,5.91840
328000,6.18760
328090,8.12610
328240,4.94610
328300,5.96430
328400,8.13050
328500,6.26180
328600,5.24110
328700,6.15220
328800,6.31500
328900,6.14390
329000,6.19160
329100,6.20870
329200,6.03250
329300,5.74130
329400,6.28650
329500,5.86650
329600,6.20030
329650,7.70440
329700,5.96570
329760,5.08510
329900,6.07950
330000,6.32450
330100,5.76300
330200,5.98820
330300,5.81300
330400,5.45250
330500,5.64510
330600,5.76040
330700,5.39740
330800,5.57120
330900,5.29970
331000,5.73400
331100,5.42520
331200,5.26780
331300,5.50350
331400,5.90790
331500,5.77840
331600,5.46680
331710,4.05780
331800,5.70030
331900,5.14640
332000,5.13620
332100,4.78870
332200,5.36440
332300,5.13610
332400,5.52370
332500,5.56750
332600,5.69160
332700,5.21140
332800,5.26420
332900,6.39000
333000,7.22860
333070,8.49410
333200,5.97710
333300,5.68640
333400,5.13110
333510,4.52630
333600,5.67370
333690,6.35310
333800,4.68800
333900,4.61630
333960,3.97050
334100,4.72930
334200,4.22100
334300,4.56710
334400,4.19490
334500,4.30190
334600,4.48900
334700,4.97320
334770,6.58900
334900,4.64740
334980,3.80580
335090,3.58940
335200,4.31290
335300,4.19210
335400,4.36540
335490,3.67690
335600,4.13380
335700,4.87360
335810,6.36800
335900,5.53830
336000,4.47610
336100,4.46970
336200,4.17470
336270,3.63140
336400,4.30820
336500,3.71630
336600,3.99300
336700,3.78940
336800,3.80800
336900,4.19150
337000,4.24980
337100,4.38210
337200,3.93060
337286,3.92914
337300,3.92890
337400,4.00790
337500,4.15690
337600,4.54070
337700,4.88410
337800,4.77680
337880,6.08520
337950,3.90750
338000,5.00350
338100,5.37710
338170,6.24020
338300,5.08780
338400,5.41340
338510,4.50230
338600,5.35740
338700,5.47580
338800,5.18620
338880,6.88580
339000,5.69410
339100,5.28930
339200,4.71910
339300,4.92450
339400,5.02250
339500,4.65010
339600,4.79010
339700,4.73590
339800,4.42450
339900,4.59090
340000,4.59740
340100,4.36350
340200,4.42990
340300,4.00090
340400,4.36800
340500,4.09270
340600,4.14970
340700,4.16210
340800,4.12490
340900,4.03150
340980,3.28760
341100,4.28070
341200,4.75330
341320,6.43920
341400,4.82500
341500,4.03000
341600,3.83280
341700,3.84070
341800,3.77230
341900,3.64080
342000,3.79120
342100,3.51820
342200,3.32720
342300,3.19850
342400,3.46880
342500,3.48400
342600,3.46410
342700,3.89640
342800,3.29980
342900,3.34220
343000,3.30390
343100,3.17340
343200,3.13280
343300,3.16360
343400,2.86600
343500,2.77740
343600,3.07720
343700,3.42820
343800,2.63430
343900,2.78510
344000,2.84240
344100,2.95410
344200,2.88190
344270,2.01650
344400,2.92210
344500,2.87380
344600,3.05720
344700,3.75090
344820,5.05730
344900,3.60900
345000,2.65260
345100,2.64980
345200,2.60830
345300,2.29720
345400,1.98900
345500,2.60150
345600,2.71660
345700,2.50440
345800,2.21500
345900,2.13660
346000,1.88420
346100,1.94080
346200,1.89420
346300,1.85170
346400,1.80150
346500,2.01070
346600,1.71990
346700,1.61230
346800,1.64260
346900,1.62690
347000,1.49850
347100,1.52590
347200,1.85730
347300,2.00990
347400,1.95750
347500,1.36240
347600,1.44290
347700,1.20220
347800,1.07950
347900,1.03110
348000,0.881300
348100,0.825690
348134,0.822300
348200,0.815720
348300,0.702510
348400,0.910380
348500,0.647220
348600,0.789940
348700,0.881660
348800,0.792610
348900,1.22730
349000,1.34080
349100,2.15980
349200,4.17090
349250,5.33930
349300,3.28810
349400,2.30010
349500,2.15200
349600,1.77930
349700,2.74760
349800,2.54920
349900,3.60380
350000,4.61650
350100,6.37500
350190,8.09010
350300,5.57350
350400,4.60750
350530,4.00230
350600,4.40050
350700,4.72020
350800,4.91860
350900,4.62980
351000,4.92150
351100,4.86120
351200,5.06710
351300,5.20600
351400,5.33630
351500,5.12130
351600,5.51690
351700,5.35610
351800,5.41660
351900,5.60730
352000,5.08730
352100,5.80650
352240,6.60120
352300,5.74990
352400,5.21300
352500,5.49720
352600,5.52080
352700,5.33890
352800,5.54000
352930,4.71490
353000,5.49500
353100,5.45310
353200,5.46930
353300,5.35840
353400,5.37320
353480,6.73370
353600,5.62410
353700,5.67160
353800,5.89760
353900,5.70200
353990,4.88980
354100,5.89480
354200,6.14140
354300,6.03540
354400,5.78430
354500,6.09010
354600,6.02990
354700,6.11830
354800,6.16720
354900,6.29140
355000,6.17480
355100,6.74140
355200,6.99070
355300,7.66540
355410,11.1460
355500,9.31680
355600,7.83230
355700,7.22080
355800,7.33100
355900,7.03440
356040,6.24790
356100,7.02910
356200,7.89060
356300,8.08520
356400,7.79500
356500,8.72290
356620,11.8090
356700,8.18310
356800,7.05810
356900,6.74160
357000,7.16570
357100,6.83000
357200,6.53700
357300,6.65870
357400,6.65380
357500,6.33590
357610,4.95110
357700,7.07750
357800,6.75390
357900,6.97490
358000,7.89030
358040,9.31300
358100,8.15310
358200,6.78640
358300,6.43030
358400,6.25540
358500,5.98050
358600,5.29930
358700,5.53440
358800,5.16190
358900,5.21370
359000,5.58900
359100,5.02580
359200,5.17290
359300,4.86520
359400,4.56770
359500,4.96420
359600,4.43650
359700,4.46290
359800,4.43750
359900,4.50570
360000,3.89740
360100,4.18730
360200,4.07180
360300,3.97650
360400,4.08090
360500,3.90210
360600,3.93970
360700,3.72370
360800,3.79110
360900,3.72030
361010,3.09340
361100,3.74130
361200,3.61470
361300,3.62670
361400,3.45540
361500,3.17800
361600,3.67810
361700,3.57460
361800,4.13990
361900,4.67810
362000,6.46450
362050,6.84030
362100,6.20340
362200,4.76700
362300,3.82110
362400,3.49050
362500,3.27490
362600,3.41450
362700,3.25900
362800,3.46450
362900,3.37240
363000,3.24940
363100,3.38000
363200,3.27230
363330,4.03850
363400,3.35630
363500,3.54850
363640,2.46000
363700,3.60570
363800,3.49610
363900,3.49520
363980,4.26540
364100,3.70170
364200,3.61580
364340,4.67180
364400,3.59690
364500,3.80300
364600,3.38760
364700,3.87610
364800,3.36490
364830,2.67490
365000,3.30050
365100,4.34110
365200,6.12900
365290,7.25680
365400,5.91200
365500,6.06060
365600,5.94290
365700,5.97010
365800,5.71170
365900,5.86480
366000,5.54850
366100,5.61120
366200,5.60590
366300,5.40340
366400,5.41000
366470,4.61700
366600,5.63340
366700,5.53880
366800,6.10760
366920,7.27140
367000,5.99760
367100,5.59540
367200,5.46110
367300,5.50020
367400,5.60940
367490,4.49640
367600,5.55500
367700,5.10210
367800,5.55670
367900,6.20830
368000,5.57010
368100,5.01850
368200,5.01800
368300,4.97590
368430,4.41630
368500,4.93490
368600,4.92050
368700,5.21780
368800,5.58080
368900,6.81850
369040,9.34420
369100,7.71750
369200,6.03790
369300,5.27350
369400,5.54600
369500,5.76070
369600,5.00010
369700,4.88300
369800,4.72890
369829,4.60486
369900,4.30120
370000,4.39430
370100,4.52480
370200,4.36540
370300,4.56240
370400,4.22340
370500,4.11520
370590,3.07890
370700,4.34150
370800,4.37400
370900,4.77400
371000,6.32840
371120,8.44420
371200,6.36140
371300,5.08930
371400,4.48800
371500,4.14590
371600,4.32030
371700,4.01770
371800,4.08570
371900,3.85430
372000,3.90560
372080,3.33040
372200,4.02610
372300,4.03880
372400,4.57110
372500,4.92050
372600,5.99420
372700,7.46490
372790,8.96700
372900,6.79340
373000,5.52080
373100,4.35930
373200,4.05140
373300,3.82310
373400,3.59700
373500,2.95100
373600,3.33070
373700,3.18610
373800,2.80870
373900,2.87880
374000,2.93430
374090,2.30380
374200,3.16970
374300,3.51540
374400,3.66280
374500,4.40000
374600,5.20220
374700,5.27050
374800,6.54170
374900,5.77540
375000,5.47010
375100,5.33630
375200,4.97880
375300,4.73950
375400,4.56100
375500,4.54640
375600,3.92200
375700,3.98580
375800,4.10450
375900,3.89960
376000,3.70670
376100,3.44810
376200,3.52550
376300,4.04330
376360,4.62370
376400,3.86770
376500,3.40030
376600,3.32190
376700,2.95400
376800,2.88640
376900,3.19070
377020,3.73680
377100,2.69180
377200,2.70360
377300,2.44950
377400,2.37690
377460,1.93940
377530,3.13400
377600,2.27890
377700,2.12080
377800,2.13140
377900,1.85640
378000,1.83920
378100,1.78250
378200,1.47450
378330,0.724910
378400,1.43510
378500,1.50360
378600,2.10080
378700,2.70960
378800,3.83350
378900,4.51600
379000,4.82900
379070,5.42240
379200,4.46610
379300,4.34780
379400,4.12880
379500,3.80300
379600,3.67830
379700,3.65260
379800,3.57500
379900,3.55640
380000,3.31430
380100,3.13200
380200,3.04950
380300,2.72880
380400,2.82930
380500,2.81780
380600,3.03590
380700,2.94680
380800,2.65300
380900,2.74170
381000,2.59920
381100,2.65630
381200,2.61870
381300,2.45660
381400,2.42590
381500,2.37720
381600,2.49180
381700,2.26450
381800,2.31340
381900,2.32060
382000,2.49990
382100,2.69260
382190,1.96570
382300,3.04850
382400,3.60850
382500,4.73130
382600,5.93790
382650,6.64420
382700,5.45490
382800,4.45860
382900,3.58410
383000,2.85270
383100,2.76700
383200,2.43510
383300,2.52260
383400,2.22270
383500,2.24460
383600,2.19120
383700,1.97420
383800,1.90050
383900,1.72350
384000,1.67620
384100,1.79050
384200,1.67780
384300,1.59520
384400,1.50360
384500,1.48710
384600,1.55420
384680,0.927500
384800,1.66120
384900,2.41050
385010,2.80640
385100,2.34270
385200,2.31410
385300,1.72650
385400,1.52690
385500,1.20660
385520,0.925560
385600,1.36820
385700,1.28340
385800,1.36010
385900,1.35800
386000,2.24460
386100,3.56790
386190,4.93410
386300,3.44710
386400,2.15230
386500,1.49210
386600,1.27720
386720,0.696500
386800,1.31400
386900,1.33370
387000,2.35290
387110,3.43870
387200,2.58510
387300,2.14900
387390,1.72960
387500,2.21550
387600,2.24230
387700,3.32480
387800,4.03410
387900,4.86140
388000,4.09900
388100,4.01290
388200,3.20850
388300,2.63630
388400,2.37340
388500,2.10110
388600,1.95460
388700,1.73600
388800,1.33000
388900,1.36480
389000,1.45490
389100,1.50450
389200,1.33680
389300,1.50870
389400,1.42810
389500,1.77530
389580,0.885630
389700,1.72630
389800,1.95950
389900,1.97670
390000,2.82400
390100,3.27330
390200,4.65310
390260,5.50090
390400,3.24940
390500,2.71840
390600,2.70260
390710,2.26820
390800,2.50710
390900,2.82160
391000,3.21010
391100,3.76760
391200,4.88490
391300,3.69730
391410,2.87050
391500,3.71790
391600,3.61410
391700,3.75670
391800,3.88010
391900,4.16710
392040,5.02330
392100,4.40110
392200,4.33350
392320,3.97200
392430,5.24030
392500,4.58360
392600,4.85170
392690,4.47730
392800,5.06870
392880,5.94960
393000,4.91840
393100,4.98620
393200,5.04110
393270,4.69290
393400,5.27760
393500,6.07360
393600,5.17670
393700,5.19800
393800,5.36820
393900,5.44610
394000,5.58220
394100,5.11900
394200,5.27920
394290,4.79180
394400,5.06260
394500,5.20730
394600,5.36310
394700,5.24000
394800,5.49130
394900,5.55580
395000,6.78880
395050,7.84790
395100,7.26970
395200,6.04630
395300,5.20950
395400,5.20040
395500,5.01460
395600,4.75720
395700,4.76850
395760,4.29410
395800,4.71740
395900,5.06190
396000,5.46590
396090,6.43990
396200,4.65280
396300,3.43730
396420,2.77130
396500,3.91760
396600,4.80670
396690,5.71080
396800,5.20870
396900,5.31570
397000,4.96110
397100,5.01120
397190,4.53840
397300,5.14950
397390,5.65660
397500,4.94400
397600,4.81570
397700,4.78700
397800,4.77350
397940,5.63740
398000,4.92160
398100,4.76190
398200,4.47750
398300,4.36650
398390,4.13470
398500,4.58350
398600,4.76920
398730,5.10900
398840,3.93930
398900,4.69680
399000,4.32210
399100,4.45800
399200,4.49660
399300,4.43050
399400,4.37020
399500,5.17220
399600,4.54520
399720,3.76910
399800,4.36220
399900,4.43390
400000,4.68270
400100,4.54590
400200,4.64580
400330,5.50130
400400,5.07390
400500,4.52210
400600,4.68270
400700,4.31530
400800,4.49380
400900,4.26590
401010,3.70050
401100,4.26920
401200,4.44850
401300,4.09670
401400,4.38070
401500,4.44830
401600,4.33960
401700,4.78200
401800,4.54940
401900,4.21570
402000,4.25700
402100,4.73730
402200,4.71290
402300,4.19260
402400,4.53850
402500,4.31280
402600,4.68110
402700,4.29920
402800,4.53940
402900,4.51310
403000,4.66600
403100,4.47150
403200,4.62170
403300,4.67880
403400,4.73680
403500,6.01842
403500,5.14386
403700,4.65960
403760,3.86960
403830,5.48660
403900,4.79940
403990,4.37550
404100,4.95680
404200,5.82800
404300,5.07520
404400,5.20950
404500,5.15240
404540,4.87180
404600,5.41440
404700,5.34900
404800,5.46980
404860,6.12510
404900,5.43360
405000,5.66080
405100,5.59430
405150,6.05840
405200,5.02190
405300,4.67670
405400,4.38140
405500,4.33560
405600,4.08480
405700,3.71550
405800,3.29890
405900,3.08580
406000,3.33500
406100,3.42660
406200,3.81160
406280,2.71680
406400,3.32040
406500,3.74160
406550,4.20080
406600,3.50600
406700,3.59970
406800,3.68200
406900,3.93670
406960,3.51410
407000,4.01380
407100,4.18150
407200,4.81200
407300,5.60580
407410,6.87320
407500,5.26790
407600,4.84350
407700,4.59810
407800,4.54070
407900,4.39050
408000,4.45550
408100,4.37370
408200,4.15250
408300,4.06500
408400,3.78610
408500,3.91370
408600,3.82490
408690,3.31600
408800,3.85470
408900,3.89630
409000,4.36820
409100,4.62800
409210,6.58020
409300,4.97320
409440,4.33540
409500,4.91810
409620,6.79370
409700,6.09090
409800,5.09630
409900,4.69660
410000,4.72420
410130,4.08500
410200,4.69250
410300,4.77210
410390,5.18290
410500,4.66670
410600,4.72950
410700,4.80290
410750,5.27720
410800,4.14580
410900,4.62230
411000,4.72390
411100,4.36610
411200,4.63040
411300,4.66030
411400,4.41210
411500,4.27700
411600,4.12810
411700,4.00040
411800,3.76130
411900,3.16240
412000,3.82830
412100,3.73720
412200,4.01170
412300,4.05310
412400,4.67460
412500,5.12290
412600,5.31540
412690,5.54360
412800,5.23600
412900,5.05990
413000,4.54700
413100,4.49860
413200,4.33060
413219,4.30806
413300,4.21200
413430,3.50010
413500,4.40420
413560,4.71610
413600,4.50650
413700,4.02600
413770,3.50510
413890,4.97490
414000,4.43010
414100,4.44120
414200,4.53590
414300,4.57510
414400,4.62630
414500,4.32880
414590,3.72370
414700,4.42330
414800,4.52060
414900,4.34600
415000,4.44770
415100,4.62080
415200,4.78030
415300,6.46980
415400,5.48440
415500,4.47220
415600,4.05510
415700,3.92100
415810,3.72200
415900,4.57330
415980,5.44720
416100,3.97520
416200,3.56490
416300,3.52180
416400,3.57260
416500,3.57120
416600,3.25200
416700,3.16890
416770,2.65090
416900,3.64470
417060,5.01710
417100,4.38740
417200,3.38860
417300,3.47860
417370,2.71950
417500,3.24050
417600,3.65600
417710,4.14890
417800,3.13050
417900,2.89290
418000,2.75610
418100,2.59110
418200,2.47560
418300,2.36050
418350,1.62850
418400,2.35980
418480,3.00130
418600,2.41000
418700,2.13370
418810,1.53190
418900,2.27800
419000,2.04060
419030,3.05210
419100,2.11820
419200,2.02480
419300,2.00100
419400,1.91230
419490,1.51430
419570,2.68890
419630,1.26000
419700,1.98380
419800,1.75460
419900,1.87610
420000,1.86790
420100,1.68050
420200,1.82580
420300,1.57940
420420,2.28490
420500,1.86340
420600,1.72060
420720,1.12410
420800,1.58260
420900,1.62330
421000,1.71330
421100,1.73840
421200,1.85970
421300,1.80070
421400,2.22380
421500,2.92770
421590,4.28190
421700,2.83410
421800,1.85720
421900,2.10980
422000,1.76650
422100,1.84740
422220,1.25900
422300,2.11800
422400,1.95940
422500,1.94540
422600,1.82740
422700,1.86660
422800,2.03120
422900,1.99990
423000,1.93080
423080,2.35820
423160,1.29060
423300,1.82840
423400,1.92120
423500,2.22930
423600,2.12610
423650,2.54680
423700,2.09270
423750,1.73140
423800,1.94780
423900,2.35800
424000,2.47690
424100,2.29380
424200,2.50550
424300,2.47740
424400,2.65150
424500,2.81690
424600,3.64870
424700,4.51570
424810,4.90090
424900,3.53020
425000,3.27030
425100,3.10270
425200,3.24280
425290,2.48940
425400,2.95410
425500,2.93160
425600,3.04820
425700,3.06950
425800,3.44080
425860,4.33630
425900,4.03050
426000,3.06740
426120,2.87170
426200,3.26860
426300,3.17480
426400,3.31230
426440,3.80020
426500,3.14060
426520,2.81490
426600,3.03230
426680,3.81230
426800,3.14650
426900,3.20510
427000,3.09130
427120,2.20950
427200,3.28490
427300,3.07640
427400,3.42180
427500,3.65330
427600,3.91080
427700,4.22490
427780,5.09690
427900,4.59690
428000,4.21250
428100,3.58020
428170,2.86750
428300,3.49750
428400,3.53900
428500,3.27590
428600,3.90420
428700,3.54470
428800,4.07470
428880,4.88700
428900,4.15240
429000,3.58360
429100,3.63180
429200,3.53250
429300,3.39320
429400,3.38210
429500,3.53700
429640,2.56680
429700,3.53500
429800,3.38270
429900,3.59530
429940,4.17870
430000,3.39651
430000,3.51601
430060,3.43561
430132,3.45461
430180,2.59000
430200,3.28280
430230,3.05155
430260,3.06071
430280,4.18090
430340,3.37170
430430,3.46673
430520,3.55829
430580,2.74290
430647,3.30291
430748,3.36677
430915,3.52517
431083,3.60663
431183,3.65250
431250,4.30630
431290,3.04160
431320,3.73607
431350,4.75170
431410,3.64600
431430,5.21150
431454,3.70080
431490,3.52701
431526,3.78535
431550,3.04290
431570,4.59680
431605,3.49782
431658,3.29738
431745,3.31500
431832,3.68605
431885,3.72471
431920,2.50870
432028,3.33723
432190,3.37925
432460,3.39294
432730,3.60395
432892,3.96575
433000,5.10240
433140,2.40760
433168,4.49601
433210,4.55438
433280,3.96483
433350,3.63415
433392,3.78967
433420,5.63600
433480,2.35640
433500,5.79160
433530,4.75162
433560,3.87640
433587,5.26375
433627,5.03507
433695,4.92608
433763,6.13670
433803,6.65872
433830,7.32420
433930,5.34821
434080,5.50409
434330,5.66096
434580,4.72217
434730,4.63106
434830,4.00880
434854,5.05928
434890,4.82265
434926,5.04275
434950,6.90520
434970,3.50340
435009,4.67677
435067,5.26620
435165,4.97692
435262,5.25404
435321,5.90686
435360,6.25150
435377,4.83173
435403,5.46818
435445,5.58705
435487,5.05280
435513,5.44131
435530,4.62660
435610,6.22300
435676,5.53908
435775,5.47292
435940,5.26277
436105,5.12236
436204,5.10164
436270,4.39110
436298,5.20325
436340,5.29296
436382,5.27357
436410,5.89180
436459,4.97249
436533,5.06360
436655,4.98406
436777,4.77391
436851,4.83672
436900,4.08110
436933,4.58008
436982,4.56743
437065,4.82864
437148,4.92439
437197,4.95396
437230,5.81680
437260,5.50150
437280,6.97830
437344,6.20557
437440,5.91994
437600,4.73464
437760,3.93805
437856,3.89153
437920,2.94220
437963,3.56466
438028,3.40417
438135,3.22085
438242,3.33952
438307,3.42664
438350,4.03590
438396,3.61118
438465,3.56190
438580,3.06763
438695,2.77801
438764,2.79592
438810,2.16060
438850,3.27390
438871,3.03514
438903,2.60727
438955,2.10423
439008,2.55621
439039,2.65045
439060,1.84680
439140,2.81830
439168,2.51056
439210,2.47562
439252,2.32532
439280,1.81250
439325,2.14336
439370,2.92260
439405,1.99856
439457,2.11292
439545,2.24164
439633,1.98532
439685,2.00584
439720,1.54340
439746,2.41227
439785,2.31509
439824,2.05793
439850,2.64240
439880,2.16476
439910,1.08420
439940,1.78655
439970,2.18940
439997,2.10070
440038,1.99160
440105,1.69865
440172,2.05751
440213,2.06047
440240,1.09650
440266,2.08240
440305,2.07167
440344,1.78268
440370,2.27390
440408,1.87398
440465,1.86921
440522,1.83096
440560,1.37150
440618,2.00288
440705,1.82322
440850,1.72499
440995,1.88867
441082,1.88162
441140,2.41710
441160,1.37700
441200,2.46940
441220,1.45580
441248,1.68607
441290,1.82644
441360,2.07980
441430,1.89039
441472,1.85783
441500,2.48860
441580,1.52410
441611,1.96172
441657,1.92840
441735,2.00828
441812,2.06529
441859,2.02199
441890,2.47820
441960,1.90990
442010,2.21324
442060,2.87950
442086,2.17154
442125,2.25315
442164,2.43898
442190,1.91630
442218,2.65799
442260,2.41960
442302,2.28713
442330,3.21710
442360,2.72810
442410,3.03475
442485,3.14265
442560,3.58791
442610,4.49430
442650,3.80620
442705,4.99181
442760,5.31560
442780,5.09610
442800,6.20490
442820,5.70760
442862,7.46702
442925,8.37739
442988,8.62648
443030,9.21030
443050,8.08340
443076,8.68750
443115,8.66792
443154,8.85184
443180,9.81770
443260,7.98500
443280,9.67900
443384,7.80518
443540,6.59472
443800,5.43493
444060,4.79408
444216,4.42910
444320,3.37460
444380,4.49020
444578,3.62548
444875,3.37936
445172,3.30164
445370,2.73630
445392,3.26800
445425,3.17704
445458,3.10251
445480,3.66340
445535,3.32424
445617,3.20017
445755,2.94159
445892,3.17639
445975,3.21600
446030,2.37240
446050,3.41380
446072,2.85138
446105,3.08840
446138,3.20479
446160,2.42790
446180,3.40790
446206,3.23095
446245,3.19604
446310,3.06045
446375,3.09612
446414,2.95782
446440,2.28460
446464,2.93793
446500,2.82361
446536,2.80335
446560,3.62390
446590,2.32350
446610,2.92565
446640,3.01116
446670,3.03863
446690,3.53760
446709,3.26856
446737,2.73915
446785,2.71517
446833,3.18436
446861,2.98696
446880,2.55130
446930,3.78330
446950,3.44938
446980,3.38250
447010,3.16647
447030,2.56740
447050,3.66730
447094,3.25478
447160,3.23012
447226,3.26024
447270,2.94510
447308,3.50669
447365,3.08672
447460,3.26676
447555,3.61140
447612,3.39538
447650,4.08810
447720,3.21360
447780,4.11660
447800,2.95790
447822,3.69665
447855,3.80670
447888,3.75950
447910,4.21870
447940,3.89611
447985,3.91710
448030,3.88712
448060,3.47390
448086,4.13303
448125,4.17111
448190,4.34069
448255,4.68065
448294,4.72864
448320,5.12010
448360,4.18200
448386,4.71392
448425,4.94012
448464,5.42130
448490,6.40650
448513,5.09350
448548,5.80807
448605,6.05087
448663,6.08797
448697,6.45890
448720,4.80410
448750,6.37695
448795,6.52830
448870,6.48649
448945,6.77470
448990,6.67888
449020,7.19930
449050,5.63990
449070,7.22330
449135,6.87499
449200,6.02320
449220,7.23970
449241,6.77394
449273,7.05445
449325,7.01282
449378,6.77717
449409,6.94964
449430,6.59470
449475,7.45196
449520,7.86080
449567,6.98039
449637,6.75082
449755,6.43901
449873,6.33177
449943,6.37894
449990,5.70810
450000,6.15025
450010,6.59240
450082,6.05733
450190,6.04738
450370,6.06287
450550,5.93329
450658,5.69545
450730,4.94830
450830,6.04810
450960,5.29580
450995,5.55996
451030,6.53410
451070,5.40060
451092,6.19121
451125,6.54050
451158,6.58721
451180,6.83990
451250,5.86411
451355,5.54513
451460,5.29172
451530,4.43250
451586,5.29141
451670,5.15992
451810,5.13322
451950,5.28940
452034,5.17451
452090,5.75810
452130,4.82070
452159,5.21329
452203,5.17002
452275,5.32377
452348,5.20967
452391,5.10152
452420,5.81600
452450,5.53136
452480,5.36630
452520,6.52550
452568,5.45350
452640,5.42121
452712,5.62357
452760,4.96870
452782,5.78374
452815,5.72774
452848,5.54337
452870,6.13020
452909,5.76870
452968,5.83770
453065,5.68831
453163,5.50968
453221,5.48874
453260,4.99630
453282,5.54897
453315,5.52998
453348,5.44823
453370,5.88930
453431,5.35457
453522,5.37721
453675,5.44028
453827,5.48660
453919,5.40213
453980,4.68090
454000,5.88410
454076,5.35045
454190,5.32251
454304,5.29666
454380,4.76670
454424,5.20968
454490,5.13415
454556,5.12497
454600,5.68590
454634,5.14200
454685,4.99947
454736,4.93637
454770,4.53370
454834,5.07648
454930,5.05088
455090,4.93904
455250,4.81839
455346,4.80276
455410,5.38040
455460,4.73138
455535,4.66947
455660,4.63894
455785,4.40303
455860,4.31714
455910,3.96660
455950,5.13680
456000,4.24530
456026,4.60830
456065,4.54641
456104,4.75682
456130,5.60390
456152,5.39717
456185,5.42670
456240,5.12071
456295,5.20405
456328,5.40360
456350,4.88070
456385,5.93400
456420,6.01630
456475,5.70523
456557,5.63002
456610,5.52272
456695,5.35065
456832,5.27715
456915,5.17695
456970,4.46840
457010,5.21242
457050,5.36690
457080,4.93290
457110,5.14996
457155,5.23959
457200,5.46826
457230,5.93250
457248,5.54625
457275,5.62844
457320,5.76917
457365,5.65460
457392,5.59320
457410,5.34990
457440,5.99755
457485,6.07550
457530,6.03930
457560,6.48400
457653,5.21778
457792,4.66684
458025,4.20417
458258,3.75945
458397,3.69394
458490,3.37060
458560,3.69117
458630,4.25470
458650,3.89950
458760,5.03440
458780,4.44730
458870,5.71070
458910,5.27100
458955,5.76094
459000,6.51160
459050,5.65510
459115,6.30710
459180,6.68670
459215,6.20439
459250,6.07810
459272,6.44958
459305,6.33918
459338,6.41530
459360,7.11840
459380,6.05410
459402,6.88761
459435,6.55469
459490,6.59657
459545,7.15429
459578,7.19920
459600,7.91970
459636,7.11934
459690,7.37860
459744,7.69859
459780,7.00620
459802,8.41383
459835,8.80806
459868,8.63280
459890,9.02800
460180,7.41586
460615,6.37048
461050,5.61513
461340,4.51860
461367,5.17463
461407,5.08034
461475,5.00167
461543,5.06800
461583,4.97852
461610,5.39950
461654,4.88110
461720,5.02565
461786,5.11799
461830,4.50680
461880,5.03908
461955,4.89125
462030,4.79004
462080,5.40520
462100,4.96811
462130,4.97615
462180,4.86581
462230,4.80922
462260,4.75460
462280,4.10120
462312,4.49165
462360,4.59863
462408,4.61421
462440,4.84220
462489,4.52350
462563,4.55468
462685,4.65025
462807,4.61585
462881,4.50175
462930,4.11110
462960,4.82230
463022,4.44405
463115,4.46294
463208,4.45199
463270,4.02070
463315,4.48858
463382,4.42088
463495,4.38403
463607,4.31557
463675,4.29046
463720,4.89710
463770,4.39940
463880,5.37340
463966,4.72045
464095,4.25836
464224,4.01247
464310,3.74390
464335,4.24619
464372,4.05618
464435,4.00028
464497,4.15417
464535,4.10719
464560,4.54220
464618,4.04993
464705,4.03664
464850,3.94745
464995,4.05060
465082,4.11699
465140,3.45990
465200,3.76766
465260,4.30910
465376,4.01675
465550,3.86365
465840,3.69240
466130,3.84690
466304,3.76478
466420,3.06500
466447,3.72375
466488,3.89449
466555,3.64787
466622,3.58845
466663,3.70473
466690,3.93840
466758,3.61132
466860,3.53746
466962,3.46416
467030,3.13810
467050,3.84480
467130,3.40391
467250,3.43715
467450,3.43133
467650,3.48503
467770,3.54582
467850,3.05970
467882,3.23895
467930,3.33474
467978,3.46481
468010,3.70500
468030,3.28440
468062,3.68838
468110,3.94465
468158,4.21230
468190,4.63650
468238,4.52425
468310,4.36754
468430,3.67078
468550,3.10563
468622,2.99315
468670,2.74750
468790,3.40550
468880,2.54850
468900,3.24530
468960,2.83655
469050,2.90324
469140,2.95320
469200,2.51470
469228,2.81709
469270,2.72403
469312,2.69797
469340,3.11950
469360,2.19360
469429,2.97983
469533,2.97968
469705,2.73667
469878,2.74305
469981,2.77588
470050,3.20740
470100,2.24810
470132,2.68566
470180,2.79357
470260,2.68125
470340,2.75494
470388,2.87266
470420,3.01600
470491,2.54562
470597,2.55232
470775,2.44375
470953,2.47042
471059,2.52088
471130,1.91000
471186,2.20670
471270,2.36161
471410,2.33869
471550,2.16793
471634,2.23135
471690,2.59410
471710,1.78540
471734,2.23797
471770,2.32017
471806,2.28214
471830,2.52100
471970,1.78310
472005,2.39116
472040,2.48220
472060,2.10020
472100,2.84390
472152,2.16262
472230,1.97139
472360,2.10416
472490,2.12963
472568,2.02737
472620,1.70550
472750,2.35860
472780,1.53430
472850,2.25210
472940,1.72250
472968,1.96770
473010,1.98927
473080,2.11987
473150,2.73098
473192,3.23848
473220,3.64700
473240,3.22670
473290,4.02430
473332,3.61789
473395,3.24022
473458,2.74020
473500,2.11630
473540,2.79410
473568,2.06734
473610,2.16355
473680,2.16166
473750,2.08546
473792,2.20312
473820,1.64480
473844,2.05938
473880,2.02730
473916,1.98889
473940,2.39220
473972,2.16768
474020,2.09513
474068,1.92662
474100,1.53150
474128,1.94911
474170,1.97051
474212,1.89848
474240,2.15000
474290,1.60370
474339,2.09075
474413,2.04544
474535,1.92879
474657,2.38948
474731,2.70656
474780,2.94590
474822,2.57518
474885,2.55816
474990,2.34130
475095,2.46092
475158,2.64656
475200,2.11430
475263,2.80866
475357,3.05687
475515,3.14691
475673,3.67918
475767,4.09306
475830,4.37330
475880,4.13600
475912,4.50496
475960,4.69534
476008,4.99507
476040,5.55840
476090,5.52360
476125,6.23847
476160,6.38440
476188,6.17603
476230,6.00755
476272,5.58592
476300,4.92750
476320,5.63070
476390,4.45350
476510,5.15340
476557,4.61872
476628,4.60951
476745,4.31266
476863,4.09551
476933,4.16044
476980,3.63990
477010,4.21140
477092,3.54588
477215,3.26310
477420,2.84680
477625,2.45813
477748,2.31645
477830,1.88720
477858,2.27460
477900,2.12313
477942,1.99868
477970,2.43410
478070,1.92820
478115,2.64143
478160,2.76390
478180,2.66660
478300,3.75371
478420,4.41640
478500,3.09284
478620,2.37105
478740,2.28636
478820,2.09540
478855,2.38846
478890,3.10180
478920,2.70560
478965,3.53128
479010,4.15590
479030,4.14230
479080,5.39520
479110,4.97280
479145,5.67016
479180,5.80060
479220,5.15090
479270,5.83140
479298,5.04722
479340,5.26327
479382,5.33401
479410,4.29150
479440,5.11510
479494,4.46306
479575,4.12681
479710,3.71843
479845,3.79661
479926,3.96304
479980,3.49770
480010,4.31430
480042,4.01638
480090,4.07409
480138,4.10546
480170,3.76070
480194,4.15340
480230,4.26586
480266,4.32532
480290,4.62380
480340,3.91470
480460,4.69870
480500,4.01680
480538,4.39406
480595,4.32885
480652,4.24412
480690,4.58670
480714,4.41610
480750,4.48272
480786,4.45321
480810,4.11170
480858,4.34676
480930,4.33046
481050,4.46683
481170,4.91877
481242,5.20552
481290,5.51560
481464,4.81030
481725,4.52911
482160,4.38583
482595,4.24560
482856,4.18075
483030,3.90400
483142,4.24166
483310,4.22470
483478,4.44054
483590,5.19210
483623,5.02863
483673,4.83513
483755,4.06081
483838,3.84919
483887,4.01773
483920,3.63050
483950,4.30390
484065,3.82866
484237,3.76792
484525,3.62622
484812,3.61935
484985,3.71744
485100,3.33310
485148,3.70370
485220,3.85589
485340,4.29408
485460,4.77956
485532,5.01083
485580,5.46020
485630,5.13850
485660,5.75680
485754,4.77206
485895,4.21421
486130,3.74630
486365,3.46488
486506,3.39661
486600,3.07870
486624,3.41952
486660,3.46012
486696,3.55140
486720,3.98230
486750,3.48290
486800,4.19381
486875,3.90396
487000,3.66439
487125,4.39132
487200,4.66276
487250,4.86800
487343,4.48060
487483,3.86874
487715,3.17995
487948,2.86507
488087,2.59178
488180,2.25220
488230,2.96680
488254,2.55209
488290,2.67640
488326,2.81205
488350,2.41750
488369,2.47340
488398,2.48649
488445,2.75615
488492,2.73747
488521,2.68695
488540,3.10190
488570,2.93180
488670,3.60040
488690,3.59430
488765,4.07511
488840,4.32570
488871,4.08483
488917,3.87459
488995,3.65998
489072,3.77534
489119,3.62168
489150,2.93740
489176,3.50873
489215,3.43984
489254,3.28862
489280,3.71360
489350,3.02370
489400,3.64270
489419,3.49606
489447,3.32030
489495,3.11182
489543,3.33883
489571,3.37073
489590,2.90550
489632,3.28454
489695,3.25122
489800,3.25177
489905,3.61842
489968,3.77371
490010,3.91310
490030,3.36610
490090,3.81277
490180,3.91721
490270,3.94906
490330,4.26670
490350,3.85180
490394,3.98164
490460,4.00986
490570,4.14167
490680,4.14055
490746,4.16056
490790,4.49830
490906,3.95826
491080,3.92648
491370,3.71311
491660,3.53254
491834,3.53997
491950,3.02320
491970,3.61370
492040,3.32451
492145,3.34214
492250,3.31193
492320,2.93770
492370,3.97410
492400,3.13484
492445,3.18703
492520,3.17479
492595,3.37447
492640,3.70859
492670,3.07690
492698,3.87988
492740,4.10055
492782,4.11004
492810,4.53760
492870,3.78348
492960,3.33274
493110,3.08532
493260,3.05086
493350,2.97598
493410,2.61600
493471,2.75389
493562,2.84836
493715,2.97648
493867,3.03099
493959,3.23733
494020,3.72370
494050,3.69060
494080,3.76898
494125,4.14513
494170,4.48066
494200,4.48680
494234,4.15898
494285,4.02064
494336,3.96485
494370,3.78380
494396,4.06357
494435,4.27864
494474,4.38687
494500,4.47670
494840,2.65790
494870,3.25080
495004,2.67707
495205,2.59133
495406,2.63805
495540,2.29980
495590,2.70417
495665,2.81376
495740,3.00968
495790,3.56750
495820,3.43090
495855,3.46292
495890,4.25570
495930,4.10060
495990,4.07506
496050,3.86778
496090,3.38960
496190,4.00720
496210,3.48790
496285,4.38459
496360,4.87670
496460,4.50148
496610,3.79733
496860,3.28010
497110,3.29212
497260,3.11771
497360,2.91140
497403,3.14990
497468,3.30236
497575,3.35514
497682,3.14254
497747,3.13092
497790,3.48830
497865,3.38141
497940,3.05410
497970,3.29810
498015,3.44375
498060,3.54415
498090,3.70770
498110,3.20920
498162,3.43990
498240,3.46972
498318,3.60260
498370,4.01650
498390,3.70560
498418,3.82236
498460,4.25375
498530,4.60115
498600,5.05862
498642,5.60375
498670,5.76280
498801,4.99753
498998,3.87338
499325,2.82978
499653,2.58804
499849,2.43234
499980,2.25550
500000,2.43640
500030,2.23370
500100,2.48650
500242,2.16572
500455,2.01962
500810,1.91569
501165,1.71284
501378,1.53569
501520,1.31960
501560,1.48644
501600,1.91840
501656,1.32504
501740,1.42106
501880,1.47287
502020,1.36184
502104,1.38926
502160,0.933200
502190,1.16072
502235,1.13424
502280,1.17480
502310,1.52150
502335,1.24932
502373,1.03287
502435,1.05059
502498,1.31223
502535,1.25362
502560,0.886280
502660,1.62430
502716,1.47030
502800,1.30262
502884,1.06965
502940,0.799580
502999,1.15790
503088,1.02270
503235,0.926757
503383,1.23122
503471,1.39180
503530,1.66740
503555,1.39056
503593,1.24804
503655,1.06566
503718,1.12956
503755,1.15330
503780,0.794140
503916,1.00725
504120,0.966581
504460,1.04940
504800,1.27350
505004,1.58109
505140,2.25400
505163,1.78591
505198,1.96784
505255,2.04371
505312,2.15573
505347,2.28549
505370,1.65180
505420,1.77904
505470,2.87240
505500,2.86710
505520,3.59380
505550,3.41580
505625,4.51745
505700,4.84020
505765,4.12271
505863,3.51561
506025,3.35760
506187,4.03794
506285,4.04212
506350,3.13540
506383,4.22572
506432,4.48780
506515,4.31445
506597,4.32279
506647,4.38590
506680,4.77070
506708,4.45431
506750,4.60253
506820,4.54172
506890,4.33341
506932,4.38634
506960,4.12780
507070,5.13840
507090,4.50830
507181,4.75404
507318,4.92843
507545,4.91532
507773,5.17819
507909,5.49472
508000,5.55970
508121,5.05996
508303,4.95756
508605,4.93143
508908,4.89925
509089,4.79238
509210,4.29390
509254,4.72403
509320,4.69205
509430,4.72544
509540,4.94308
509606,5.03371
509650,5.39870
509680,5.35750
509716,5.96261
509770,6.39907
509824,6.60008
509860,6.78660
509940,6.01020
510040,6.79080
510120,6.52460
510170,7.11590
510225,6.68209
510307,5.82789
510445,4.66817
510582,4.36607
510665,4.33182
510720,4.09460
510770,4.85750
510820,4.49510
510900,5.20240
510994,4.52032
511135,4.00300
511276,3.77826
511370,3.61630
511450,4.26940
511480,3.84760
511515,4.02634
511550,4.47280
511630,4.08840
511667,4.28732
511723,4.27102
511815,4.47492
511907,4.62384
511963,4.62750
512000,4.95920
512068,4.07196
512170,3.59034
512272,3.41790
512340,3.08030
512390,3.52590
512440,3.83660
512470,3.64200
512496,3.74077
512535,4.01777
512574,4.33328
512600,4.50050
512630,4.27800
512680,4.89011
512730,5.06930
512760,4.97410
512810,5.30351
512860,5.48820
512940,4.95650
512966,5.12696
513005,5.17286
513044,5.27527
513070,5.54620
513233,4.42796
513478,3.69122
513885,3.15796
514293,2.86781
514537,2.78327
514700,2.56230
514755,2.68708
514810,3.15530
514840,2.72320
514930,3.33143
515020,3.47810
515088,3.00430
515190,2.65916
515292,2.41593
515360,2.12330
515514,2.37087
515745,2.45652
516130,2.74315
516515,3.34012
516746,3.72005
516900,4.03390
516920,3.92390
516960,4.07844
517000,4.56470
517030,4.39380
517080,4.89730
517110,4.65670
517150,5.23690
517190,5.47090
517220,5.10440
517240,5.69260
517395,4.80365
517628,4.52733
518015,4.51790
518403,4.40717
518635,4.26963
518790,3.82980
518810,4.34190
519000,3.85400
519030,4.38370
519091,4.02990
519182,4.06199
519335,3.98166
519487,3.82829
519579,3.77851
519640,3.38380
519670,3.98550
519715,3.64931
519782,3.68767
519895,3.80435
520008,3.59625
520075,3.46013
520120,3.32220
520222,3.61629
520375,3.56403
520630,3.49998
520885,3.64868
521038,3.76928
521140,4.05090
521170,3.78030
521250,4.43510
521300,3.94210
521338,4.31438
521395,4.44778
521452,4.48709
521490,4.69210
521571,4.53558
521692,4.29819
521895,3.64781
522098,3.39895
522219,3.35126
522300,2.89750
522355,3.26850
522410,3.42420
522430,3.25830
522464,3.45716
522515,3.85322
522566,4.14925
522600,4.17030
522680,3.57243
522800,3.15648
522920,2.95115
523000,2.72770
523035,2.96983
523088,2.92941
523175,2.96250
523262,3.15106
523315,3.37084
523350,3.87230
523380,3.86250
523490,4.50750
523510,4.45630
523544,4.88556
523595,5.16435
523646,5.32297
523680,5.53860
523758,4.73506
523875,3.98883
524070,3.18406
524265,2.90060
524382,2.78891
524460,2.37780
524510,2.95670
524665,2.51841
524897,2.45543
525285,2.38987
525673,2.21125
525905,2.10202
526060,1.76180
526120,2.30200
526322,2.02745
526625,1.91550
527130,1.77928
527635,1.74516
527938,1.72192
528140,1.45290
528165,1.81710
528202,1.73385
528265,1.77209
528327,2.03298
528365,2.04476
528390,2.22380
528477,1.83210
528608,1.61445
528825,1.49759
529042,1.49399
529173,1.44622
529260,1.20400
529321,1.44895
529413,1.43016
529565,1.45986
529718,1.57639
529809,1.65737
529870,1.95580
529910,1.92595
529950,1.81910
530090,2.41110
530120,2.38140
530170,3.08250
530200,3.01800
530230,3.53530
530260,3.50310
530310,4.39580
530396,4.11209
530525,3.26356
530740,2.43616
530955,2.40168
531084,2.29714
531170,2.16690
531228,2.51390
531315,2.40485
531460,2.49126
531605,2.67905
531692,2.95325
531750,3.89750
531822,2.84501
531930,3.16917
532110,3.49649
532290,3.65254
532398,3.82387
532470,2.75400
532492,3.58386
532525,3.80716
532580,3.87110
532635,3.85321
532668,3.75214
532690,4.06980
532728,3.89211
532785,3.94354
532842,3.87751
532880,3.49100
532910,4.16460
533063,3.82685
533293,3.67471
533675,3.37787
534058,3.16763
534287,3.11037
534440,2.81670
534500,3.34370
534530,3.04070
534562,3.18387
534610,3.36947
534658,3.67807
534690,4.03990
534750,4.01890
534800,4.54710
534834,4.13046
534885,4.00089
534936,3.89736
534970,3.52700
535009,3.67232
535067,3.61858
535165,3.85940
535262,3.76931
535321,3.66428
535360,4.26520
535410,3.60920
535485,3.40609
535560,3.43994
535610,3.20520
535647,3.27196
535703,3.39802
535795,3.60262
535888,4.10798
535943,4.52220
535980,4.65910
536106,3.44880
536295,2.67082
536610,2.22483
536925,2.11488
537114,2.03943
537240,1.67050
537380,2.22260
537420,2.07236
537480,2.04712
537540,2.01344
537580,1.84820
537664,2.07759
537790,2.01327
537916,2.03869
538000,2.42760
538030,2.25920
538100,2.48649
538170,3.49670
538210,3.04474
538270,3.30680
538330,3.50586
538370,2.94190
538414,3.34578
538480,3.47516
538546,3.52666
538590,3.79210
538620,3.54570
538650,4.15280
538680,3.97280
538705,4.26346
538743,4.48754
538805,4.93453
538868,5.14995
538905,5.17823
538930,5.46710
539154,4.54536
539490,3.07654
540050,1.77755
540610,1.49117
540946,1.25814
541170,1.10510
541253,1.18009
541378,1.18991
541585,1.27987
541793,1.30717
541917,1.36449
542000,1.64050
542020,1.51390
542046,1.91314
542085,2.17573
542150,2.57470
542215,3.27896
542254,3.64391
542280,3.73320
542334,3.67586
542415,3.16924
542550,2.29077
542685,2.20906
542766,2.30408
542820,2.10840
542857,2.42452
542912,2.60478
543005,2.82299
543098,3.21190
543153,3.49971
543190,3.74340
543220,3.73290
543280,4.28190
543331,3.97037
543407,3.62392
543535,2.87734
543663,2.41507
543739,2.33104
543790,2.06580
543833,2.18229
543898,2.16413
544005,2.30848
544113,2.36049
544177,2.44038
544220,2.90930
544280,2.73680
544340,3.32550
544370,3.17040
544610,4.57309
544850,5.27430
545069,4.70101
545397,4.31667
545945,3.46947
546493,3.08189
546821,3.13343
547040,2.65840
547078,2.95746
547135,2.97370
547230,2.95418
547325,2.93893
547382,2.94488
547420,3.21610
547450,2.83960
547680,3.86530
547834,3.27242
548065,2.61390
548450,2.01017
548835,1.82574
549066,1.69498
549220,1.45260
549272,1.66920
549350,1.72391
549480,2.10386
549610,2.75830
549688,2.95642
549740,2.99730
549774,2.57399
549825,2.40416
549876,2.30997
549910,2.02110
549940,2.07090
550000,1.79038
550045,1.93900
550090,2.10768
550120,1.73150
550148,2.22021
550190,2.35290
550232,2.36297
550260,2.63370
550295,2.43112
550347,1.98996
550435,1.75033
550523,1.72265
550575,1.46140
550610,1.26180
550672,1.57621
550765,1.46200
550920,1.45380
551075,1.57855
551168,1.70696
551230,2.28340
551260,2.18100
551370,3.14250
551467,2.64796
551612,1.56968
551855,1.44829
552097,1.97563
552243,1.52922
552340,1.20670
552380,1.45059
552440,1.39077
552500,1.66351
552540,2.49860
552576,1.99442
552630,2.31628
552684,2.54071
552720,1.86330
552750,2.65902
552795,2.86296
552840,2.75718
552870,3.00230
553058,2.17507
553340,1.65222
553622,1.50465
553810,1.34460
553886,1.50284
554000,1.50045
554190,1.56950
554380,1.69697
554494,1.74515
554570,1.90620
554630,1.61060
554662,1.90118
554710,2.07615
554790,2.46727
554870,2.88020
554918,3.10987
554950,3.47330
554977,3.08646
555018,2.98767
555085,2.75347
555152,2.63531
555193,2.67706
555220,2.37620
555256,2.69885
555310,2.71783
555364,2.71385
555400,2.99570
555430,2.93210
555470,3.30489
555530,3.96009
555590,4.45434
555630,4.54100
555701,4.06066
555807,3.36046
555985,2.85039
556163,3.07363
556269,3.05817
556340,2.71310
556430,3.23160
556567,2.91297
556773,2.79602
557115,2.61095
557458,2.34069
557663,2.23151
557800,2.07220
557865,2.20205
557963,2.17089
558125,2.15539
558287,2.27343
558385,2.43074
558450,2.71310
558480,2.63940
558507,2.85265
558547,2.98971
558615,3.14646
558683,3.38553
558723,3.64638
558750,3.96890
558944,3.41554
559235,2.50275
559720,1.64864
560205,1.46202
560496,1.30373
560690,1.13660
560902,1.30222
561220,1.27156
561538,1.55082
561750,2.26740
561816,2.12326
561915,2.01934
562080,1.85747
562245,1.71164
562344,1.53886
562410,1.22960
562452,1.48112
562515,1.68934
562578,1.93914
562620,2.26460
562765,1.29982
562983,1.04860
563345,0.918438
563708,1.20476
563925,1.45858
564070,0.803480
564112,1.56519
564175,1.70697
564238,1.58740
564280,1.88450
564310,1.84830
564346,2.27779
564400,2.50268
564454,2.69522
564490,3.06720
564623,2.49279
564823,1.98418
565155,1.64625
565487,1.68128
565687,1.67215
565820,1.46970
565888,1.73716
565990,1.74604
566092,1.74445
566160,1.99330
566340,1.57920
566401,1.78207
566493,1.76405
566645,1.89940
566798,1.93778
566889,1.96186
566950,2.41280
567048,1.93689
567195,2.08543
567440,2.16190
567685,2.22436
567832,2.33392
567930,1.80350
567982,2.33421
568060,2.38873
568190,2.53464
568320,2.78678
568398,2.79756
568450,3.06130
568480,2.83380
568510,3.39910
568540,3.36820
568585,3.55144
568630,3.91610
568660,3.81040
568750,4.75980
568780,4.72510
569060,6.54860
569186,5.86397
569375,5.20639
569690,5.31545
570005,4.97255
570194,4.19285
570320,4.02610
570406,4.29918
570535,4.21853
570750,4.24335
570965,4.40630
571094,4.54396
571180,5.02160
571216,4.49439
571270,4.73342
571324,4.99666
571360,4.51250
571416,4.89702
571500,4.91437
571640,5.09111
571780,5.49395
571864,5.61633
571920,5.82990
572102,5.16294
572375,5.14254
572830,5.20750
573285,5.15302
573558,5.17238
573740,4.78670
573830,5.01420
573965,5.03303
574190,5.03532
574415,5.27981
574550,5.84335
574640,6.75420
574968,4.94655
575460,3.98010
576280,3.01408
577100,2.21081
577592,2.04782
577920,1.57630
577985,1.90985
578050,2.10830
578075,1.89158
578113,1.91737
578175,1.97804
578238,1.91906
578275,1.90793
578300,1.81910
578350,2.05244
578425,1.99255
578550,2.16150
578675,2.10904
578750,2.29239
578800,3.38700
579030,2.18877
579375,2.47828
579950,2.70310
580525,2.96684
580870,3.28559
581100,2.08030
581275,3.31284
581538,3.39550
581975,3.48684
582413,3.76234
582675,3.76400
582850,4.52340
582891,4.03088
582953,4.13979
583055,4.24900
583157,4.31407
583219,4.41830
583260,3.99090
583298,4.57492
583355,4.77620
583450,4.86889
583545,4.90754
583602,4.86110
583640,5.03970
583870,4.63996
584215,3.99240
584790,3.63331
585365,2.84628
585710,1.73129
585940,1.11660
585972,1.33296
586020,1.21258
586068,1.58398
586100,2.67460
586168,1.71854
586270,1.62696
586440,1.90636
586610,2.47013
586712,2.57010
586780,1.51820
586847,2.94614
586948,3.18758
587115,3.29875
587282,3.74832
587383,3.84710
587450,4.41800
587556,3.79779
587715,3.89153
587980,4.05306
588245,4.21228
588404,4.29400
588510,3.65360
588571,4.36973
588663,4.38394
588815,4.34539
588968,4.47979
589059,4.46455
589120,4.82980
589162,4.59273
589225,4.50222
589330,4.48699
589435,4.73701
589498,4.79252
589540,4.40060
589574,4.91985
589625,5.13360
589676,5.18769
589710,5.42310
589786,5.24680
589900,4.93970
590014,4.65999
590090,4.53240
590320,5.05410
590350,5.03890
590430,5.72979
590510,6.17170
590783,5.11066
591193,4.62585
591875,4.21656
592558,3.67360
592967,3.41586
593240,3.03560
593322,3.22463
593445,3.18846
593650,3.26743
593855,3.52972
593978,3.85885
594060,4.47090
594090,4.37060
594130,4.88127
594190,5.30114
594250,5.56856
594290,5.80820
594526,4.02852
594880,3.27494
595470,3.28545
596060,2.88777
596414,2.49700
596650,2.13350
596686,2.36704
596740,2.31589
596830,2.75160
596920,3.57991
596974,3.82343
597010,3.98520
597060,3.98279
597110,3.66110
597150,3.76068
597210,3.77890
597310,3.68994
597410,3.94313
597470,4.21615
597510,4.24920
597540,4.22470
597590,4.45350
597640,4.99510
597865,4.02337
598203,3.39453
598765,3.27756
599327,3.39996
599665,3.33181
599890,3.08020
599990,3.30030
600000,3.31099
600022,3.24740
600070,3.27625
600118,3.22414
600150,2.98770
600220,3.34760
600330,3.07317
600495,2.91723
600770,2.62074
601045,2.46450
601210,2.43350
601320,2.17290
601370,2.35386
601445,2.32535
601570,2.51195
601695,2.83460
601770,2.94081
601820,3.16230
601850,2.92000
601900,3.26841
601950,3.45700
601980,3.36830
602030,3.49459
602105,3.72796
602230,4.03945
602355,4.07736
602430,4.12776
602480,4.34890
602520,4.30790
602570,4.62903
602620,4.86310
602650,4.70750
602750,5.30589
602850,5.65680
602944,5.13174
603085,4.28077
603320,3.68539
603555,3.69772
603696,3.55488
603790,3.42400
603880,3.56720
604015,3.49189
604240,3.60159
604465,4.24574
604600,4.62849
604690,4.78810
605080,3.85310
605665,3.29860
606250,3.15314
606640,2.94530
606694,3.11606
606775,3.10219
606910,3.23850
607045,3.86119
607126,4.26901
607180,4.46440
607255,4.18541
607367,3.58732
607555,3.08681
607742,3.10158
607855,3.00629
607930,2.86580
608132,3.04506
608435,3.09207
608738,3.48136
608940,4.26910
609010,3.81014
609080,3.71300
609250,4.31890
609389,4.02929
609598,3.84560
609945,3.35868
610292,3.14525
610501,3.19085
610640,2.89940
610709,3.06610
610813,3.13153
610985,3.18937
611158,3.33649
611261,3.59456
611330,3.99680
611360,3.95090
611465,4.67073
611570,4.96370
611607,4.82484
611662,4.82821
611755,4.50378
611848,4.42155
611903,4.54199
611940,4.22910
612110,4.80750
612756,3.47667
613725,2.82154
614694,2.77290
615340,2.52030
615402,2.62358
615495,2.58368
615650,2.78767
615805,3.13774
615898,3.30600
615960,3.58010
616036,3.09932
616150,2.67509
616264,2.42313
616340,2.24860
616423,2.47546
616547,2.47699
616755,3.57699
616962,4.81744
617087,4.90050
617170,5.05380
617310,4.14935
617450,3.88920
617481,3.91394
617528,4.08503
617605,4.38879
617683,4.55015
617729,4.68024
617760,4.86310
618072,4.33011
618540,3.43779
619008,2.69988
619320,2.44140
619351,2.77955
619398,2.83796
619475,3.02611
619552,3.33430
619599,3.49565
619630,3.83760
619745,3.52557
619918,2.86885
620205,2.07174
620493,1.81015
620665,1.69942
620780,1.57830
620822,1.73483
620885,1.73314
620948,1.89683
620990,2.34740
621030,2.34720
621100,2.77526
621170,2.98160
621229,2.71624
621317,2.37489
621465,2.09488
621612,2.42486
621701,2.50471
621760,2.05440
621802,2.91902
621865,3.18453
621928,3.10755
621970,3.36330
622065,3.06408
622208,3.01791
622445,2.34228
622682,2.48954
622825,2.88769
622920,2.09060
623025,2.27072
623130,3.70280
623430,2.57426
623880,1.73217
624630,1.18226
625380,0.997284
625830,0.930263
626130,0.739720
626285,0.948945
626518,0.927610
626905,1.02469
627292,1.08382
627525,1.19958
627680,1.74770
627755,1.25461
627867,1.30733
628055,1.41330
628242,1.54467
628355,1.65702
628430,1.24060
628488,1.64588
628575,1.83531
628662,1.91914
628720,2.13670
628790,2.08660
628965,2.89397
629140,3.94540
629183,3.79757
629247,3.39454
629355,2.83132
629462,2.61156
629527,2.49430
629570,2.33980
629756,2.52945
630035,2.68129
630314,2.91857
630500,3.26010
630530,3.11450
630559,3.25459
630602,3.23213
630675,3.38056
630748,3.48497
630791,3.46827
630820,3.69420
630860,3.34530
630890,3.84950
630930,3.83220
631105,4.63032
631280,5.33130
631438,4.60293
631675,3.85639
632070,3.47481
632465,3.76711
632702,3.77768
632860,3.43000
632943,3.99503
633068,4.15709
633275,4.33955
633483,5.32287
633607,6.07152
633690,6.46110
633744,6.22772
633825,5.75352
633960,4.83308
634095,4.32356
634176,4.26956
634230,4.18520
634284,4.26784
634365,4.34808
634500,4.47954
634635,5.13700
634716,5.71949
634770,5.92140
634864,5.72156
635005,5.12307
635240,4.49173
635475,4.51522
635616,4.46290
635710,4.25300
635786,4.43559
635900,4.40693
636090,4.43462
636280,4.60929
636394,4.71278
636470,4.91230
636528,4.78632
636615,4.68621
636760,4.46719
636905,4.40996
636992,4.43546
637050,4.28830
637087,4.38094
637143,4.56942
637235,4.65819
637327,5.14653
637383,5.63992
637420,5.66960
637470,5.34130
637545,5.31223
637620,5.35334
637670,5.14980
637732,5.32560
637825,5.42156
637980,5.50716
638135,5.97986
638228,6.44549
638290,6.70920
638630,4.98845
639140,3.73410
639990,3.04495
640840,2.63514
641350,2.32836
641690,2.03590
641815,2.38191
642002,2.36624
642315,2.13337
642628,2.38106
642815,2.71471
642940,2.95010
643010,2.69760
643115,2.49868
643290,2.22404
643465,2.08368
643570,1.99646
643640,1.74130
643732,1.98308
643870,1.85255
644100,1.82410
644330,2.03297
644468,2.14200
644560,2.46360
644600,2.45810
644780,3.26350
645075,2.90988
645370,2.41940
645441,2.57885
645547,2.63505
645725,2.88752
645902,3.55474
646009,3.89441
646080,3.92230
646150,3.54170
646213,3.64148
646307,3.72893
646465,4.33367
646622,4.81737
646717,4.83023
646780,4.98470
646899,4.62130
647077,4.62503
647375,4.47236
647673,4.18922
647851,4.07398
647970,3.69220
648052,3.91928
648175,3.92611
648380,3.76895
648585,3.93334
648708,4.19587
648790,4.39300
648902,3.82715
649070,3.62554
649238,3.61380
649350,3.38550
649432,3.66032
649555,3.67991
649760,3.78401
649965,4.08965
650088,4.31014
650170,4.64760
650210,4.49290
650255,4.81235
650322,5.19050
650435,5.87668
650547,6.40176
650615,6.66586
650660,7.02850
650700,6.90700
650810,7.73860
650850,7.70650
650902,8.03940
650980,8.26560
651058,8.36861
651110,8.48250
651317,7.59955
651628,5.69897
652145,3.76447
652663,3.37867
652973,2.95906
653180,2.43170
653714,2.50899
654515,3.37361
655850,3.91486
657185,4.26015
657986,5.00774
658520,5.18110
658580,5.14034
658640,4.98300
658686,5.38817
658755,5.46807
658824,5.68536
658870,6.33480
659020,5.74860
659095,5.91027
659170,6.85060
659369,6.21204
659668,5.26467
660165,4.43106
660663,4.31409
660961,4.13793
661160,3.83620
661206,4.11485
661275,4.24829
661344,4.28764
661390,4.39900
661430,4.38380
661461,4.47203
661508,4.64048
661585,5.21641
661662,5.68682
661709,5.77110
661740,5.86860
661956,5.73941
662280,4.86492
662820,3.31950
663360,2.83097
663684,2.79736
663900,2.57050
664035,3.02239
664170,3.63980
664251,3.28918
664372,2.76031
664575,2.24649
664778,2.14932
664899,2.08979
664980,1.97700
665089,2.06931
665252,2.10397
665525,2.16308
665798,2.44425
665961,2.92643
666070,3.54120
666420,2.42671
666945,2.74976
667820,2.06293
668695,2.21234
669220,3.05103
669570,1.55910
669621,3.41287
669698,3.85054
669825,3.74307
669953,3.88395
670029,3.73447
670080,3.99200
670142,3.74612
670235,3.72199
670328,3.73801
670390,3.56350
670434,3.69777
670500,3.74828
670610,3.91851
670720,4.49661
670786,4.85606
670830,4.92140
670955,4.25756
671143,3.34923
671455,3.27897
671767,3.26051
671955,2.69609
672080,2.63430
672123,2.77566
672187,2.72084
672295,2.72379
672403,2.79455
672467,2.90681
672510,3.26870
673021,2.58124
673787,2.38742
675065,2.32724
676342,2.23715
677109,2.23621
677620,1.98590
677804,2.14945
678080,2.16929
678540,2.24562
679000,2.53873
679276,2.77962
679460,3.02050
679500,2.99860
679540,3.23949
679600,3.50909
679700,3.98779
679800,4.65829
679860,5.03580
679900,5.16940
680056,4.46890
680290,3.76111
680680,3.40647
681070,3.59779
681304,3.59151
681460,3.37610
681548,3.94434
681680,4.04030
681812,4.01429
681900,4.36570
681940,4.20960
681996,4.56303
682080,4.87839
682164,5.13486
682220,5.38360
682317,4.94916
682463,4.71983
682705,4.49923
682948,4.20612
683093,4.03269
683190,3.83270
683279,4.00259
683413,4.03197
683635,4.09194
683857,4.38753
683991,4.65209
684080,4.89590
684136,4.68283
684220,4.65610
684360,4.42768
684500,4.18076
684584,4.12738
684640,3.89210
684754,4.04590
684925,4.05587
685210,4.10287
685495,4.24346
685666,4.32644
685780,4.46870
685820,4.39870
685865,4.69392
685933,4.94548
686045,5.48459
686158,6.48275
686225,7.06921
686270,7.26120
686440,5.77859
686695,4.82616
687120,4.47500
687545,4.42058
687800,4.38681
687970,4.24520
688060,4.41316
688195,4.38751
688420,4.38734
688645,4.56985
688780,4.75597
688870,5.04020
688910,5.02610
688968,5.25533
689055,5.72116
689142,6.14072
689200,6.28770
689265,6.18270
689363,5.69171
689525,4.90156
689687,4.43558
689785,4.17669
689850,3.99000
689932,4.12109
690055,4.32475
690178,4.68955
690260,5.10710
690445,4.48004
690723,3.83916
691185,3.31235
691648,2.95309
691925,2.68414
692110,2.52000
692230,3.06453
692350,3.34080
692435,3.15074
692520,2.85870
692586,2.95350
692685,3.26050
692784,3.58200
692850,3.70260
692945,3.48105
693088,3.34624
693325,3.05816
693562,2.82265
693705,2.80701
693800,2.73570
693960,2.95595
694120,3.38010
694182,3.14983
694275,3.14719
694430,2.89561
694585,2.51709
694678,2.38856
694740,2.12010
694919,2.26877
695188,2.24935
695635,2.25062
696082,2.74340
696351,3.17671
696530,3.40360
696638,3.23372
696800,3.12048
697070,2.98746
697340,3.02625
697502,3.06058
697610,2.89660
697726,3.12050
697900,3.11691
698190,3.20022
698480,3.34756
698654,3.39905
698770,3.62530
698810,3.60320
698878,3.79036
698980,4.23779
699082,4.62543
699150,4.70630
699187,4.50234
699242,4.40223
699335,4.15764
699428,3.98481
699483,3.93594
699520,3.71360
699622,3.85988
699775,3.91634
699928,3.91646
700000,3.94899
700000,3.88202
700000,3.88215
700045,3.93898
700110,4.24130
700156,4.01184
700225,4.00239
700340,3.96839
700455,4.12422
700524,4.22676
700570,3.90150
700628,4.24152
700715,4.40590
700802,4.46980
700860,4.63120
701281,4.08528
701912,3.89256
702965,3.91588
704017,4.07914
704649,4.10029
705070,3.74700
705125,3.92408
705208,3.95216
705345,4.07502
705483,4.39648
705565,4.62924
705620,4.88150
705660,4.76540
705698,4.88194
705755,4.96779
705850,5.19202
705945,5.44912
706002,5.52825
706040,5.57590
706517,4.45630
707233,4.13128
708425,3.48079
709617,3.03491
710333,2.87379
710810,1.73750
710969,2.00433
711207,1.87549
711605,2.11253
712003,2.82766
712241,3.18435
712400,3.61780
712480,3.60730
712590,4.07273
712700,4.26640
712885,4.07809
713162,3.86717
713625,3.44989
714088,3.23824
714365,3.20563
714550,3.02780
714619,3.19622
714722,3.20357
714895,3.14778
715067,3.36341
715171,3.63597
715240,3.87810
715370,3.49514
715500,3.03190
715586,3.12519
715715,3.43334
715844,3.72857
715930,3.79890
715990,3.53281
716080,3.44372
716230,3.33319
716380,3.17167
716470,3.12013
716530,3.01540
716621,3.16926
716758,3.14784
716985,3.25220
717213,3.36300
717349,3.35806
717440,3.53410
717570,3.47060
717705,3.76474
717840,4.36430
718035,3.99809
718230,3.81190
718430,3.98635
718730,4.09578
719030,4.33534
719230,4.74110
719316,4.63082
719445,4.35330
719574,4.10116
719660,4.03600
719700,4.11631
719760,4.36444
719860,4.67082
719960,5.02403
720020,5.28501
720060,5.31210
720313,4.01900
720693,3.20489
721325,2.54025
721957,2.18773
722337,2.17599
722590,1.96480
722660,2.08420
722765,2.18136
722940,2.14746
723115,2.35996
723220,2.78409
723290,3.14320
723340,3.12600
723405,3.66583
723470,3.83340
723775,3.06010
724080,2.68910
724280,2.80374
724480,3.20280
724570,3.09431
724660,2.78090
724765,2.94080
724923,3.15131
725185,3.70039
725448,4.19442
725605,4.37498
725710,4.56770
725949,4.40469
726307,4.21328
726905,4.21686
727503,4.14381
727861,3.90753
728100,3.78390
728238,3.86082
728445,3.89710
728790,3.81644
729135,4.40678
729342,5.26215
729480,5.84890
729685,5.18585
729992,4.14797
730505,2.80308
731018,2.57543
731325,2.68655
731530,2.44170
731584,3.02180
731665,3.10318
731746,3.05159
731800,3.39530
731840,3.33380
731876,3.62472
731930,3.70075
732020,4.01872
732110,4.38213
732164,4.42910
732200,4.58510
732263,4.49222
732357,4.19130
732515,3.66112
732672,3.35979
732767,3.16468
732830,2.89770
732973,3.08776
733188,3.01314
733545,3.36771
733903,3.86828
734117,4.02462
734260,4.43130
734359,4.00674
734507,4.06489
734755,4.02032
735002,3.99292
735151,4.15619
735250,3.91340
735314,4.48922
735410,4.69869
735506,4.77410
735570,5.11160
735900,3.99491
736395,3.24296
737220,2.91305
738045,2.86279
738540,2.73430
738870,2.39560
739010,2.55301
739220,2.51603
739570,2.61565
739920,2.91115
740130,3.14665
740270,3.51980
740320,3.40040
740384,3.58155
740480,3.71561
740576,3.85042
740640,4.03290
741111,2.87575
741817,2.45340
742995,2.26590
744172,1.78939
744879,1.54399
745350,1.22930
745510,1.38451
745670,1.77740
745720,1.76300
745830,2.33482
745940,2.56260
746305,2.07329
746852,2.09275
747765,1.73491
748677,1.29057
749225,1.36848
749590,1.14230
749641,1.32909
749718,1.44082
749845,1.67310
749972,2.15723
750000,2.28411
750049,2.50615
750100,2.74350
750170,2.52938
750275,2.24704
750450,1.97930
750625,1.88382
750730,1.80098
750800,1.69610
750921,1.83477
751103,1.92125
751405,2.00337
751708,2.06680
751889,2.18227
752010,2.41060
752050,2.36270
752200,2.53332
752425,3.07019
752650,3.59098
752800,3.73300
752959,3.58523
753198,3.28357
753595,2.94088
753993,2.78358
754231,2.62928
754390,2.46410
754483,2.54194
754622,2.57283
754855,2.95849
755087,3.67112
755227,3.99377
755320,4.10480
755550,3.80853
755895,3.47837
756470,2.91124
757045,2.62342
757390,2.59932
757620,2.44530
757819,2.50602
758117,2.59091
758615,2.92424
759112,3.58031
759411,3.93207
759610,3.98320
759766,3.88920
760000,3.68314
760390,2.96733
760780,2.38975
761014,2.21347
761170,1.94590
761246,2.02051
761360,2.07710
761550,2.46570
761740,3.56426
761854,4.18805
761930,4.20170
762101,3.23510
762357,2.33630
762785,1.76603
763213,1.61335
763469,1.51524
763640,1.44920
763712,1.53470
763820,1.49001
764000,1.76134
764180,2.31459
764288,2.58753
764360,2.83410
764546,2.52545
764825,2.08856
765290,1.67544
765755,1.61905
766034,1.58058
766220,1.46870
766373,1.57823
766603,1.60041
766985,1.68328
767368,1.82659
767597,2.05500
767750,2.47600
767800,2.45440
767895,2.89525
767990,3.12390
768096,3.05652
768255,2.84999
768520,2.52486
768785,2.45699
768944,2.44357
769050,2.32920
769263,2.34098
769583,2.54116
770115,2.58106
770648,2.59543
770967,3.31918
771180,4.42370
771500,3.03861
771980,2.24759
772780,2.51759
773580,2.91373
774060,2.66449
774380,2.15270
774438,2.67937
774525,2.79154
774670,3.00257
774815,3.34320
774902,3.35430
774960,3.45960
775010,3.30640
775064,3.40292
775145,3.49807
775280,3.67457
775415,4.06674
775496,4.42824
775550,4.69480
775590,4.68950
775715,5.12584
775840,5.29750
776021,4.73340
776293,4.12019
776745,3.70418
777198,3.82657
777469,3.78541
777650,3.45960
777757,3.57712
777918,3.65084
778185,3.85800
778453,4.56635
778613,5.22974
778720,5.68370
778942,4.76088
779275,3.81586
779830,3.22991
780385,3.09975
780718,2.91663
780940,2.75210
781004,2.85135
781100,2.82175
781260,2.83381
781420,3.01537
781516,3.18369
781580,3.39370
781649,3.36854
781752,3.11665
781925,2.84271
782097,2.76998
782201,2.66193
782270,2.58560
782369,2.63607
782517,2.63473
782765,2.90978
783012,3.78563
783161,4.31919
783260,4.42820
783428,3.89254
783680,3.43448
784100,2.95765
784520,2.51777
784772,2.30374
784940,2.19500
785440,2.78020
785530,2.61619
785665,2.24106
785890,1.89713
786115,1.77099
786250,1.65303
786340,1.63710
786454,1.73122
786625,1.77130
786910,2.03521
787195,2.35817
787366,2.54064
787480,2.82060
787530,2.71230
787590,2.79853
787680,3.01676
787770,3.20352
787830,3.23380
788156,1.93199
788645,1.68395
789460,1.77553
790275,1.93593
790764,2.07956
791090,1.44680
791160,2.16655
791265,2.21828
791440,2.15373
791615,2.35165
791720,2.39033
791790,2.64100
791840,2.62190
791895,2.77440
791977,3.14628
792115,3.53907
792253,3.44986
792335,3.47190
792390,3.73640
792440,3.65780
792800,4.61510
792906,4.51288
793065,3.91547
793330,3.11178
793595,2.80200
793754,2.64888
793860,2.60390
793940,2.66167
794060,2.67964
794260,2.83973
794460,3.16897
794580,3.33382
794660,3.40060
794777,3.03266
794953,2.74432
795245,2.20716
795538,1.90936
795713,1.90694
795830,1.70830
795916,1.74023
796045,1.82596
796260,1.96591
796475,2.49388
796604,2.99411
796690,3.20220
796736,3.04379
796805,2.77917
796920,2.35490
797035,2.10164
797104,1.97593
797150,1.80740
797257,2.04503
797417,2.06422
797685,2.20355
797952,2.49164
798113,2.61507
798220,2.81070
798270,2.80800
798320,2.88261
798395,3.09658
798470,3.30744
798520,3.37650
798571,3.32206
798648,3.29416
798775,3.26143
798902,3.31000
798979,3.33532
799030,3.25040
799142,3.54044
799310,3.70674
799478,3.83889
799590,4.06820
799720,3.92249
799850,3.57390
799900,3.66710
800000,3.27851
800002,3.27373
800080,3.18743
800158,3.09747
800210,2.96660
800260,3.02990
800360,2.88290
800482,2.99118
800665,3.25813
800848,3.75189
800970,4.26340
801230,4.05874
801490,3.56310
801577,3.68170
801708,3.75805
801925,4.20277
802143,5.04873
802273,5.45958
802360,5.57170
802550,4.98337
802835,4.45154
803310,3.37772
803785,2.25102
804070,1.87903
804260,1.70040
804337,1.79014
804453,1.81440
804645,2.04539
804838,2.63752
804953,3.19340
805030,3.73950
805227,2.81380
805523,2.78052
806015,2.89056
806508,3.35428
806803,3.58322
807000,2.58640
807098,3.62989
807245,3.78524
807490,4.38093
807735,5.18742
807882,5.17975
807980,5.54070
808030,5.50250
808210,6.00959
808390,6.20730
808609,5.24756
808938,4.69246
809485,4.24452
810032,3.50069
810361,3.15144
810580,3.10370
810637,3.23804
810722,3.25909
810865,3.54740
811008,3.80200
811093,3.76739
811150,3.84700
811548,3.36227
812145,2.82439
813140,2.52702
814135,2.32920
814732,2.10116
815130,2.06960
815325,2.25322
815617,2.34542
816105,2.96619
816592,3.64013
816885,3.76980
817080,3.93880
817191,3.80785
817357,3.52863
817635,3.16670
817913,2.99978
818079,2.88951
818190,2.76820
818264,2.85248
818375,2.95054
818486,3.17288
818560,3.47810
818856,2.81865
819300,2.69860
820040,2.87591
820780,2.45731
821224,2.16496
821520,2.16570
821568,2.46933
821640,2.53199
821760,2.69670
821880,2.96246
821952,3.04657
822000,3.22270
822454,2.90168
823135,2.81344
824270,2.38180
825405,1.89449
826086,1.82842
826540,1.64580
826810,1.87318
827080,2.34700
827134,2.35008
827215,2.14072
827350,1.78124
827485,1.65466
827566,1.61504
827620,1.56540
827679,1.66077
827768,1.68065
827915,2.01370
828063,2.63155
828151,2.94280
828210,3.14170
828339,2.80671
828533,2.26401
828855,1.79374
829177,1.86655
829371,1.88276
829500,1.75180
829608,2.17417
829770,2.30420
830040,2.30112
830310,2.55884
830472,2.75052
830580,2.85640
830689,2.68302
830852,2.28994
831125,1.65908
831397,1.44823
831561,1.45251
831670,1.36700
832210,1.94680
832370,1.73134
832530,1.58330
832666,1.76502
832870,1.75225
833210,1.82043
833550,2.15139
833754,2.33271
833890,2.46010
833950,2.38810
834015,2.45719
834112,2.49257
834275,2.72196
834437,2.82954
834535,3.05645
834600,3.71510
834938,2.82587
835445,2.70902
836290,2.82871
837135,3.34727
837642,3.52875
837980,2.56450
838073,3.62754
838213,3.85106
838445,3.73527
838678,3.91172
838817,3.95449
838910,4.16200
838970,4.08450
839030,4.20934
839120,4.33751
839270,4.67087
839420,5.09194
839510,5.26672
839570,5.33700
839791,4.60079
840123,3.34933
840675,2.26537
841227,2.13863
841559,2.04113
841780,2.00310
841906,2.29664
842095,2.37613
842410,2.88068
842725,3.31059
842914,3.28376
843040,3.49010
843100,3.43260
843295,3.76710
843490,4.21830
843540,4.20250
843606,4.34675
843705,4.64461
843804,4.96089
843870,5.13790
843931,5.04799
844022,4.89384
844175,4.25253
844327,3.70587
844419,3.59847
844480,3.44260
844525,3.53581
844593,3.55227
844705,3.77066
844818,4.10971
844885,4.19332
844930,4.21750
845169,3.18632
845528,2.58265
846125,2.33073
846722,2.27813
847081,2.28793
847320,2.15030
847470,2.41311
847695,2.59759
848070,3.27636
848445,4.09436
848670,4.29162
848820,4.34510
848990,4.19070
849063,4.24471
849173,4.30102
849355,4.54422
849537,4.88913
849647,5.06152
849720,5.17660
849781,5.10716
849873,5.06129
850025,4.86201
850178,4.65008
850269,4.59083
850330,4.51590
850670,5.09250
850904,4.17121
851255,3.24381
851606,2.62740
851840,2.25900
851902,2.29854
851995,2.29225
852150,2.33800
852305,2.65482
852398,2.86028
852460,2.86690
852612,2.58563
852840,2.39927
853220,2.11517
853600,1.91100
853828,1.82428
853980,1.60790
854206,1.71045
854545,1.70275
855110,1.73335
855675,2.03330
856014,2.29004
856240,2.46820
856319,2.26992
856438,2.06996
856635,1.66662
856832,1.49100
856951,1.54117
857030,1.46010
857138,1.63137
857300,1.74422
857570,1.79491
857840,2.28335
858002,2.72722
858110,2.82340
858178,2.76044
858280,2.53997
858382,2.32719
858450,2.27790
858638,2.30708
858920,2.65968
859390,2.85936
859860,2.74290
860142,2.88637
860330,3.02970
860398,2.97225
860500,2.84619
860670,2.56664
860840,2.46733
860942,2.46355
861010,2.34710
861124,2.37315
861295,2.48157
861580,2.64779
861865,3.14101
862036,3.61342
862150,3.81740
862346,3.38690
862640,3.13663
862934,3.07814
863130,2.98860
863261,3.10185
863457,3.16621
863785,3.23667
864113,3.41404
864309,3.57483
864440,3.70100
864500,3.61410
864850,4.29280
865080,4.01689
865310,3.64310
865731,3.79393
866362,3.70326
867415,4.14814
868468,4.50562
869099,4.45191
869520,4.82430
869630,4.76110
869769,5.03483
869978,5.38319
870325,6.02526
870673,6.48345
870881,6.59538
871020,6.70540
871381,6.47644
871922,5.58947
872825,4.82694
873728,4.38258
874269,3.71894
874630,3.40080
874759,3.56141
874953,3.88234
875275,4.11597
875597,4.10307
875791,4.17349
875920,4.24790
876237,4.13126
876713,4.04589
877505,3.95892
878298,3.56738
878773,3.12520
879090,2.80720
879160,2.94126
879265,3.01684
879370,3.29075
879440,3.77740
879599,3.01577
879838,2.96481
880235,3.21097
880632,3.57317
880871,3.62230
881030,2.86550
881084,3.58803
881165,3.90084
881300,3.90977
881435,4.00943
881516,4.11214
881570,4.26040
881685,4.09131
881800,4.03440
881848,4.07001
881920,4.05671
882040,4.39378
882160,4.80248
882232,4.88735
882280,4.99890
882350,4.73605
882455,4.51305
882560,4.37775
882630,4.27080
882677,4.39845
882747,4.45247
882865,4.68974
882982,4.80078
883053,4.77089
883100,4.94330
883370,4.41848
883640,4.15210
883705,4.21108
883803,4.27867
883965,4.54829
884127,4.82681
884225,4.96349
884290,5.14600
884468,5.05007
884735,4.76552
885180,4.59560
885625,4.72057
885892,4.62577
886070,4.41260
886148,4.62923
886265,4.64071
886460,4.76355
886655,5.05549
886772,5.10493
886850,5.11230
887385,4.16496
887920,3.53390
887968,3.56517
888040,3.63637
888160,4.01580
888280,4.36935
888352,4.50837
888400,4.71930
888532,4.62782
888730,4.01623
889060,3.28259
889390,3.14883
889588,3.04788
889720,2.96780
889846,3.04764
890035,3.12234
890350,3.31417
890665,3.80078
890854,4.12619
890980,4.21120
891329,3.54682
891853,3.24214
892725,3.34314
893597,3.29842
894121,3.16281
894470,3.08330
894561,3.68448
894698,3.91974
894925,3.91625
895153,3.90825
895289,3.94203
895380,4.14690
895525,4.01141
895743,3.63758
896105,3.20200
896467,3.08897
896685,3.01988
896830,2.95100
896939,3.10204
897102,3.16669
897375,3.48494
897648,4.18092
897811,4.48083
897920,4.46610
898103,3.91679
898377,3.17644
898835,2.53763
899292,2.42572
899567,2.38844
899750,2.35950
900000,2.53026
900000,2.53905
900000,2.53919
900205,2.82511
900420,3.26760
900597,2.93577
900863,2.90439
901305,2.94574
901747,2.72406
902013,2.62572
902190,2.60350
902300,2.70797
902465,2.97792
902630,3.21758
902740,3.26820
902802,3.23913
902895,3.13962
903050,3.01188
903205,3.00132
903298,2.99327
903360,2.94980
903421,3.04625
903513,3.07439
903665,3.30976
903818,3.54594
903909,3.57040
903970,3.65810
904090,3.37708
904210,3.29100
904358,3.39882
904580,3.53872
904950,4.61714
905320,5.75549
905542,5.93653
905690,6.02570
905974,5.40465
906400,4.98238
907110,4.74087
907820,4.14903
908246,3.74101
908530,3.73970
908697,3.81796
908948,3.90956
909365,4.09754
909783,4.54455
910033,4.92712
910200,5.15160
910486,5.03611
910915,4.60110
911630,3.69585
912345,3.19859
912774,3.11714
913060,3.02200
913184,3.06294
913370,3.14078
913556,3.32974
913680,3.56820
914200,3.20964
914980,2.91708
916280,2.86414
917580,2.53693
918360,2.14801
918880,2.05910
919214,2.20642
919715,2.15761
920550,3.02294
921385,3.90216
921886,3.90689
922220,4.13810
922594,4.12692
923155,3.87385
924090,3.73531
925025,3.72976
925586,3.50514
925960,3.32660
926470,3.99550
926540,3.87507
926645,3.90066
926820,3.86719
926995,3.70165
927100,3.63593
927170,3.55530
927336,3.64473
927585,3.69559
928000,4.14097
928415,4.66275
928664,4.80184
928830,4.93920
929020,4.87140
929290,5.09166
929695,5.68072
930100,6.28089
930370,6.52090
930588,6.31997
930915,5.96989
931460,5.48648
932005,5.24183
932332,4.84905
932550,4.15960
932745,4.36689
932940,4.70890
933036,4.56344
933180,4.04326
933420,3.38179
933660,3.15982
933804,3.06198
933900,3.02160
934010,3.09276
934175,3.00413
934450,3.37005
934725,4.23347
934890,4.64541
935000,4.88060
935200,4.20134
935500,3.30345
936000,2.66756
936500,2.61108
936800,2.51637
937000,2.46960
937137,2.72687
937342,2.91769
937685,3.45149
938027,3.70732
938233,3.63390
938370,3.83050
938448,3.77727
938565,3.67772
938760,3.32394
938955,3.05492
939072,2.98489
939150,2.84780
939364,2.90951
939685,3.04659
940220,3.00554
940755,3.75961
941076,4.79877
941290,5.32720
941539,4.43122
941912,3.55420
942535,2.99691
943158,2.84906
943531,2.74423
943780,2.70540
943878,2.79830
944025,2.85863
944270,3.14660
944515,3.65272
944662,3.95985
944760,4.17940
945020,3.90950
945119,3.95492
945267,3.99562
945515,4.09313
945763,4.37635
945911,4.60915
946010,4.72630
946365,3.94439
946898,2.94418
947027,2.88537
947027,2.88532
947047,2.87604
947088,2.85729
947090,2.85639
947785,2.53858
948672,2.42000
949205,2.05329
949560,2.05710
950196,2.21978
951150,2.78038
952104,3.40961
952740,3.69430
952810,3.66690
952896,3.79807
953025,3.92345
953240,4.06794
953455,4.14521
953584,4.21675
953670,4.35340
953917,4.23617
954288,4.05952
954905,3.73064
955523,3.37551
955893,3.20538
956140,3.14550
956234,3.23032
956375,3.48977
956516,3.77803
956610,3.91410
956690,3.68409
956810,3.29653
956930,3.01500
957010,2.97350
957102,3.02650
957240,3.24849
957378,3.51264
957470,3.64060
957611,3.32164
957822,2.95658
958175,2.59530
958527,2.47571
958739,2.41624
958880,2.30210
959378,2.44224
960125,2.43983
961370,2.42369
962615,2.62536
963362,2.79317
963860,2.90700
963930,2.86380
964269,3.40516
964777,3.36692
965625,3.43484
966473,4.03979
966981,4.23265
967320,4.33110
967930,3.93717
968540,3.75570
968670,3.86786
968865,4.21837
969190,4.63169
969515,4.69741
969710,4.78875
969840,4.96790
969900,4.95190
969982,5.17740
970105,5.33912
970310,5.71456
970515,6.09393
970638,6.19197
970720,6.28320
971070,5.69741
971595,4.41512
972470,3.45721
973345,2.59707
973870,1.67061
974220,1.63320
974378,1.63826
974615,1.76592
975010,2.27516
975405,4.08158
975642,5.42146
975800,5.66780
975931,5.43013
976127,4.83578
976455,4.05367
976783,3.73373
976979,3.62357
977110,3.57670
977206,3.65431
977350,3.79706
977590,4.07421
977830,4.53355
977974,4.88597
978070,5.07650
978479,4.42009
979092,4.01702
980115,3.89484
981137,3.58034
981751,3.24489
982160,3.04860
982405,3.47640
982650,3.78770
982768,3.57302
982945,3.26791
983240,2.92305
983535,2.82621
983712,2.79647
983830,2.71530
984122,2.84225
984560,3.11466
984998,3.42666
985290,3.62400
985521,3.39209
985867,3.15075
986445,2.78271
987022,2.27971
987369,2.04685
987600,2.05970
987754,2.22010
987985,2.34897
988216,2.54323
988370,2.81990
988450,2.73920
988534,3.04132
988660,3.18316
988870,3.41413
989080,3.79136
989206,3.99042
989290,4.16050
989918,3.64919
990860,3.40693
992430,3.36135
994000,2.91158
994942,2.54146
995570,2.45590
995705,2.54890
995908,2.60533
996245,2.67702
996583,3.37355
996785,4.19051
996920,4.75380
997198,4.80731
997615,3.99128
998310,2.77912
999005,2.48448
999422,2.33619
999700,2.18010
999999,2.30696
1.00000E+06,2.32811
1.00000E+06,2.32917
1.00020E+06,2.54020
1.00030E+06,2.42890
1.00080E+06,2.90750
1.00094E+06,2.82232
1.00115E+06,2.64012
1.00150E+06,2.45008
1.00185E+06,2.41065
1.00206E+06,2.38143
1.00220E+06,2.34880
1.00237E+06,2.48495
1.00263E+06,2.61740
1.00305E+06,3.34872
1.00347E+06,4.67686
1.00373E+06,5.49360
1.00390E+06,5.99450
1.00418E+06,5.52004
1.00460E+06,4.86611
1.00530E+06,3.57969
1.00600E+06,2.77580
1.00642E+06,2.66209
1.00670E+06,2.45640
1.00720E+06,3.01760
1.00760E+06,2.83170
1.00772E+06,2.90387
1.00790E+06,3.24685
1.00808E+06,3.71039
1.00820E+06,3.99690
1.00837E+06,3.78768
1.00863E+06,3.35591
1.00905E+06,2.82891
1.00947E+06,2.73203
1.00973E+06,2.73519
1.00990E+06,2.67210
1.01030E+06,2.85738
1.01070E+06,3.38320
1.01100E+06,3.11187
1.01130E+06,2.92470
1.01148E+06,2.99023
1.01175E+06,3.10613
1.01220E+06,3.86980
1.01265E+06,4.31241
1.01292E+06,4.20828
1.01310E+06,4.37450
1.01319E+06,4.31577
1.01332E+06,4.13076
1.01355E+06,3.78611
1.01378E+06,3.61943
1.01391E+06,3.53387
1.01400E+06,3.37420
1.01414E+06,3.37361
1.01435E+06,3.52160
1.01470E+06,3.80915
1.01505E+06,4.53458
1.01526E+06,5.16688
1.01540E+06,5.39830
1.01566E+06,5.05853
1.01605E+06,4.95260
1.01670E+06,4.43727
1.01735E+06,3.55962
1.01774E+06,3.19063
1.01800E+06,2.93490
1.01820E+06,3.01739
1.01850E+06,3.05481
1.01880E+06,3.19356
1.01900E+06,3.45620
1.02010E+06,2.71620
1.02035E+06,2.92611
1.02060E+06,3.28900
1.02090E+06,3.11010
1.02135E+06,2.99236
1.02210E+06,2.66578
1.02285E+06,2.47518
1.02330E+06,2.50129
1.02360E+06,2.38130
1.02377E+06,2.65761
1.02403E+06,2.69848
1.02445E+06,2.58564
1.02488E+06,2.72643
1.02513E+06,2.95427
1.02530E+06,3.17740
1.02544E+06,3.06213
1.02565E+06,2.58821
1.02600E+06,2.05259
1.02635E+06,1.98706
1.02656E+06,1.92817
1.02670E+06,1.85170
1.02682E+06,1.89993
1.02700E+06,2.16913
1.02730E+06,2.44635
1.02760E+06,2.62400
1.02778E+06,2.82280
1.02790E+06,2.89790
1.02806E+06,2.74862
1.02830E+06,2.41328
1.02854E+06,2.08127
1.02870E+06,1.93790
1.02878E+06,1.96022
1.02890E+06,1.97104
1.02910E+06,2.12897
1.02930E+06,2.68583
1.02942E+06,3.10478
1.02950E+06,3.27210
1.02966E+06,3.08718
1.02990E+06,2.69591
1.03030E+06,2.12062
1.03070E+06,2.14093
1.03094E+06,2.23415
1.03110E+06,2.01550
1.03126E+06,2.53127
1.03150E+06,2.80575
1.03174E+06,2.84457
1.03190E+06,2.94140
1.03208E+06,2.63193
1.03235E+06,2.37924
1.03262E+06,2.21995
1.03280E+06,2.07650
1.03288E+06,2.08748
1.03300E+06,2.14684
1.03320E+06,2.18049
1.03340E+06,2.40717
1.03352E+06,2.62165
1.03360E+06,2.61790
1.03382E+06,2.27162
1.03415E+06,2.12295
1.03448E+06,2.09855
1.03470E+06,1.97320
1.03482E+06,2.10800
1.03500E+06,2.16085
1.03530E+06,2.30945
1.03560E+06,2.55526
1.03578E+06,2.71732
1.03590E+06,2.90700
1.03617E+06,2.60557
1.03658E+06,2.12830
1.03725E+06,1.61814
1.03792E+06,2.41948
1.03833E+06,2.66934
1.03860E+06,1.61250
1.03875E+06,2.77995
1.03897E+06,2.99506
1.03935E+06,2.87409
1.03973E+06,3.20509
1.03995E+06,3.27312
1.04010E+06,3.38300
1.04039E+06,3.23614
1.04082E+06,3.12034
1.04155E+06,3.06362
1.04227E+06,2.64453
1.04271E+06,2.34620
1.04300E+06,2.44490
1.04395E+06,3.26927
1.04490E+06,4.67290
1.04513E+06,3.75899
1.04547E+06,2.76234
1.04605E+06,2.34776
1.04662E+06,2.12348
1.04697E+06,1.73703
1.04720E+06,1.72530
1.04733E+06,1.75215
1.04752E+06,1.77453
1.04785E+06,1.96433
1.04818E+06,2.67053
1.04837E+06,3.11957
1.04850E+06,3.13040
1.04894E+06,2.55353
1.04960E+06,2.52267
1.05070E+06,2.61647
1.05180E+06,2.19447
1.05246E+06,1.96042
1.05290E+06,1.84660
1.05345E+06,1.92531
1.05428E+06,2.44320
1.05565E+06,2.80190
1.05703E+06,2.79324
1.05785E+06,3.04335
1.05840E+06,3.20510
1.05850E+06,3.15820
1.05864E+06,3.33772
1.05885E+06,3.81108
1.05906E+06,4.27326
1.05920E+06,4.43290
1.05944E+06,3.73447
1.05980E+06,3.34296
1.06040E+06,3.32304
1.06100E+06,3.25056
1.06136E+06,3.04228
1.06160E+06,2.79990
1.06180E+06,2.96737
1.06210E+06,2.89802
1.06260E+06,3.03596
1.06310E+06,3.47386
1.06340E+06,3.81921
1.06360E+06,4.31190
1.06410E+06,2.85289
1.06460E+06,2.46230
1.06467E+06,2.47044
1.06478E+06,2.49264
1.06495E+06,2.61794
1.06513E+06,3.00072
1.06523E+06,3.23487
1.06530E+06,3.23340
1.06544E+06,2.96825
1.06565E+06,2.54186
1.06586E+06,2.25050
1.06600E+06,2.22540
1.06608E+06,2.32214
1.06620E+06,2.31997
1.06640E+06,2.53735
1.06660E+06,2.93284
1.06672E+06,3.01931
1.06680E+06,2.99320
1.06692E+06,2.78782
1.06710E+06,2.59874
1.06728E+06,2.48023
1.06740E+06,2.40030
1.06750E+06,2.39812
1.06765E+06,2.47579
1.06790E+06,2.56101
1.06815E+06,2.92180
1.06830E+06,3.34721
1.06840E+06,3.57720
1.06860E+06,3.40461
1.06890E+06,3.31358
1.06940E+06,3.30080
1.06990E+06,3.38316
1.07020E+06,3.39101
1.07040E+06,3.25610
1.07065E+06,3.38476
1.07102E+06,3.34201
1.07165E+06,3.36313
1.07228E+06,3.54440
1.07265E+06,3.70811
1.07290E+06,3.98040
1.07304E+06,4.01050
1.07325E+06,3.75085
1.07360E+06,2.97585
1.07395E+06,2.51446
1.07416E+06,2.45115
1.07430E+06,2.34570
1.07436E+06,2.39828
1.07445E+06,2.42132
1.07460E+06,2.60042
1.07475E+06,2.86863
1.07484E+06,2.96152
1.07490E+06,3.00380
1.07500E+06,2.93770
1.07510E+06,2.96536
1.07525E+06,2.99934
1.07550E+06,3.37686
1.07575E+06,3.75432
1.07590E+06,3.84572
1.07600E+06,3.98860
1.07620E+06,3.84922
1.07650E+06,3.60333
1.07700E+06,3.06093
1.07750E+06,2.73268
1.07780E+06,2.70979
1.07800E+06,2.65610
1.07824E+06,2.79814
1.07860E+06,3.08565
1.07896E+06,3.59662
1.07920E+06,4.13590
1.07933E+06,3.95864
1.07953E+06,3.61483
1.07985E+06,3.26480
1.08018E+06,3.32249
1.08037E+06,3.35532
1.08050E+06,3.24510
1.08069E+06,3.41338
1.08098E+06,3.63911
1.08145E+06,3.67820
1.08193E+06,3.84308
1.08221E+06,4.18206
1.08240E+06,4.36510
1.08278E+06,3.93650
1.08335E+06,3.50781
1.08430E+06,3.27775
1.08525E+06,3.18837
1.08582E+06,3.07381
1.08620E+06,3.03760
1.08647E+06,3.38255
1.08688E+06,3.80926
1.08755E+06,4.02099
1.08822E+06,4.18771
1.08863E+06,4.49092
1.08890E+06,4.66420
1.08914E+06,4.60409
1.08950E+06,4.34286
1.09010E+06,3.87594
1.09070E+06,3.46759
1.09106E+06,3.16172
1.09130E+06,2.91330
1.09156E+06,3.07203
1.09195E+06,2.98862
1.09234E+06,3.22423
1.09260E+06,3.95010
1.09280E+06,3.68753
1.09310E+06,3.39752
1.09360E+06,3.72339
1.09410E+06,3.63652
1.09440E+06,3.11168
1.09460E+06,3.07480
1.09500E+06,3.27018
1.09540E+06,3.74280
1.09555E+06,3.68894
1.09570E+06,3.66800
1.09582E+06,3.71831
1.09600E+06,3.80676
1.09630E+06,3.98278
1.09660E+06,4.37820
1.09678E+06,4.67535
1.09690E+06,4.77380
1.09715E+06,4.60016
1.09753E+06,3.70733
1.09815E+06,2.93445
1.09878E+06,2.88977
1.09915E+06,2.68153
1.09940E+06,2.65150
1.09960E+06,2.74017
1.09990E+06,2.80273
1.10000E+06,2.86371
1.10040E+06,3.10765
1.10090E+06,3.49762
1.10120E+06,3.66303
1.10140E+06,3.81440
1.10163E+06,3.64650
1.10197E+06,3.39638
1.10255E+06,2.68160
1.10312E+06,2.67791
1.10347E+06,2.91517
1.10370E+06,2.52440
1.10385E+06,3.19464
1.10407E+06,3.41864
1.10445E+06,3.45916
1.10482E+06,3.62596
1.10505E+06,3.72516
1.10520E+06,3.93210
1.10535E+06,3.85026
1.10550E+06,3.63670
1.10561E+06,3.71596
1.10577E+06,3.67576
1.10605E+06,3.83159
1.10633E+06,4.23355
1.10649E+06,4.43363
1.10660E+06,4.57930
1.10680E+06,4.32850
1.10689E+06,4.33788
1.10702E+06,4.40281
1.10725E+06,4.84931
1.10747E+06,5.20363
1.10761E+06,5.23704
1.10770E+06,5.33880
1.10884E+06,5.06374
1.11055E+06,4.59108
1.11340E+06,4.26184
1.11625E+06,4.09462
1.11796E+06,3.57867
1.11910E+06,2.94340
1.11972E+06,3.12633
1.12065E+06,3.31304
1.12220E+06,3.29607
1.12375E+06,3.82081
1.12468E+06,4.41024
1.12530E+06,4.48640
1.12580E+06,4.25017
1.12630E+06,4.10920
1.12644E+06,4.39780
1.12665E+06,4.63607
1.12686E+06,4.74264
1.12700E+06,4.79710
1.12724E+06,4.56289
1.12760E+06,4.65810
1.12820E+06,4.26974
1.12880E+06,3.60353
1.12916E+06,3.49258
1.12940E+06,3.31390
1.12990E+06,3.34742
1.13065E+06,3.42936
1.13190E+06,3.64906
1.13315E+06,3.58931
1.13390E+06,3.82300
1.13440E+06,4.63230
1.13519E+06,3.88231
1.13637E+06,3.66964
1.13835E+06,3.68529
1.14033E+06,3.12489
1.14151E+06,2.73660
1.14230E+06,2.60660
1.14249E+06,2.73036
1.14278E+06,2.67861
1.14325E+06,2.93291
1.14373E+06,3.45867
1.14401E+06,3.57998
1.14420E+06,3.59253
1.14420E+06,3.52214
1.14434E+06,3.69368
1.14455E+06,3.97652
1.14490E+06,4.79879
1.14525E+06,5.43376
1.14546E+06,5.53059
1.14560E+06,5.64650
1.14576E+06,5.32030
1.14600E+06,4.81075
1.14624E+06,4.41795
1.14640E+06,4.29930
1.14658E+06,4.52085
1.14685E+06,4.95478
1.14712E+06,5.37562
1.14730E+06,5.57390
1.14785E+06,5.09951
1.14867E+06,4.90318
1.15005E+06,4.08726
1.15142E+06,2.71642
1.15225E+06,2.14708
1.15280E+06,1.86130
1.15296E+06,1.91476
1.15320E+06,1.89968
1.15360E+06,2.26802
1.15400E+06,2.90226
1.15424E+06,3.09580
1.15440E+06,3.11880
1.15530E+06,2.85610
1.15546E+06,2.92539
1.15570E+06,3.29043
1.15594E+06,3.68350
1.15610E+06,3.80260
1.15625E+06,3.28529
1.15647E+06,2.90901
1.15685E+06,2.56186
1.15722E+06,2.50422
1.15745E+06,2.57732
1.15760E+06,2.47240
1.15772E+06,2.63755
1.15790E+06,2.68007
1.15820E+06,2.91384
1.15850E+06,3.64924
1.15868E+06,4.06719
1.15880E+06,4.13850
1.15896E+06,3.99127
1.15920E+06,3.59753
1.15960E+06,3.08501
1.16000E+06,2.85281
1.16024E+06,2.75079
1.16040E+06,2.71540
1.16054E+06,2.78307
1.16075E+06,2.87505
1.16110E+06,3.17353
1.16145E+06,3.66429
1.16166E+06,3.92268
1.16180E+06,3.99950
1.16196E+06,3.59465
1.16220E+06,3.28654
1.16244E+06,3.13057
1.16260E+06,2.99620
1.16275E+06,3.12521
1.16298E+06,3.18601
1.16335E+06,3.56986
1.16372E+06,4.36322
1.16395E+06,4.71928
1.16410E+06,4.74920
1.16446E+06,4.49023
1.16500E+06,4.39263
1.16590E+06,4.27194
1.16680E+06,3.79151
1.16734E+06,3.35122
1.16770E+06,3.01230
1.16779E+06,3.06717
1.16793E+06,3.07106
1.16815E+06,3.60254
1.16837E+06,4.31634
1.16851E+06,4.50748
1.16860E+06,4.63010
1.16884E+06,4.00624
1.16920E+06,3.10831
1.16980E+06,2.48760
1.17040E+06,2.44155
1.17076E+06,2.31794
1.17100E+06,2.27670
1.17116E+06,2.32025
1.17140E+06,2.42385
1.17180E+06,2.42235
1.17220E+06,2.64898
1.17244E+06,3.03568
1.17260E+06,3.26180
1.17268E+06,3.11794
1.17280E+06,3.06077
1.17292E+06,3.04345
1.17300E+06,2.97040
1.17313E+06,3.03022
1.17332E+06,3.04900
1.17365E+06,3.22869
1.17397E+06,3.58277
1.17417E+06,3.75960
1.17430E+06,3.84200
1.17438E+06,3.82507
1.17450E+06,3.73486
1.17470E+06,3.44718
1.17490E+06,3.29059
1.17502E+06,3.29362
1.17510E+06,3.24240
1.17544E+06,3.67332
1.17595E+06,3.64843
1.17680E+06,3.73341
1.17765E+06,4.28838
1.17816E+06,4.46847
1.17850E+06,4.51720
1.17873E+06,4.31534
1.17908E+06,4.16467
1.17965E+06,3.93226
1.18023E+06,3.46467
1.18057E+06,3.14994
1.18080E+06,3.01600
1.18094E+06,3.20111
1.18115E+06,3.69948
1.18136E+06,4.11337
1.18150E+06,4.14830
1.18225E+06,3.65701
1.18300E+06,3.43560
1.18317E+06,3.46422
1.18342E+06,3.46361
1.18385E+06,3.98344
1.18427E+06,4.31330
1.18453E+06,4.22899
1.18470E+06,4.41040
1.18520E+06,4.11100
1.18533E+06,4.18879
1.18552E+06,4.25154
1.18585E+06,4.39069
1.18617E+06,4.66629
1.18637E+06,4.83538
1.18650E+06,4.89610
1.18676E+06,4.91447
1.18715E+06,4.49568
1.18780E+06,4.35432
1.18845E+06,4.34054
1.18884E+06,3.87818
1.18910E+06,3.59390
1.18924E+06,3.59642
1.18945E+06,3.91720
1.18966E+06,4.38939
1.18980E+06,4.66110
1.19059E+06,3.58779
1.19178E+06,3.34518
1.19375E+06,3.49075
1.19572E+06,3.07102
1.19691E+06,2.76085
1.19770E+06,2.50600
1.19783E+06,2.53181
1.19802E+06,2.58046
1.19835E+06,2.54367
1.19867E+06,3.17037
1.19887E+06,3.81557
1.19900E+06,3.91770
1.19924E+06,3.54376
1.19960E+06,3.40531
1.20000E+06,3.49724
1.20020E+06,3.54320
1.20080E+06,3.48288
1.20116E+06,3.29010
1.20140E+06,3.14170
1.20158E+06,3.28355
1.20185E+06,3.74721
1.20212E+06,4.11841
1.20230E+06,4.09590
1.20240E+06,4.07030
1.20250E+06,4.16787
1.20265E+06,4.39986
1.20280E+06,4.63325
1.20290E+06,4.73330
1.20328E+06,4.19725
1.20385E+06,3.65106
1.20480E+06,3.68289
1.20575E+06,3.62377
1.20632E+06,3.22960
1.20670E+06,3.15180
1.20681E+06,3.19828
1.20697E+06,3.21268
1.20725E+06,3.28858
1.20752E+06,3.61402
1.20769E+06,3.83086
1.20780E+06,3.86210
1.20807E+06,3.60525
1.20847E+06,3.41088
1.20915E+06,3.24893
1.20982E+06,3.07289
1.21023E+06,2.96835
1.21050E+06,2.91540
1.21160E+06,3.22425
1.21270E+06,4.23540
1.21340E+06,4.00171
1.21445E+06,3.63514
1.21620E+06,3.30753
1.21795E+06,3.12050
1.21900E+06,2.83110
1.21970E+06,2.51490
1.21992E+06,2.63693
1.22025E+06,2.75189
1.22080E+06,2.66855
1.22135E+06,2.78782
1.22168E+06,3.11674
1.22190E+06,3.32580
1.22224E+06,2.74967
1.22275E+06,2.40157
1.22326E+06,2.33015
1.22360E+06,2.24590
1.22400E+06,2.26936
1.22460E+06,2.41700
1.22560E+06,3.27301
1.22660E+06,3.88789
1.22720E+06,3.96748
1.22760E+06,4.26140
1.22783E+06,4.06563
1.22818E+06,3.55311
1.22875E+06,3.16420
1.22933E+06,3.20663
1.22967E+06,3.09386
1.22990E+06,2.97160
1.23001E+06,3.02967
1.23018E+06,3.15249
1.23045E+06,3.33291
1.23073E+06,3.43635
1.23089E+06,3.48883
1.23100E+06,3.53580
1.23150E+06,3.18515
1.23200E+06,2.99480
1.23222E+06,3.05137
1.23255E+06,3.01736
1.23310E+06,3.43839
1.23365E+06,3.94799
1.23398E+06,4.09590
1.23420E+06,4.36770
1.23428E+06,4.32864
1.23440E+06,4.06298
1.23460E+06,3.62880
1.23480E+06,3.51179
1.23492E+06,3.50670
1.23500E+06,3.45480
1.23530E+06,3.54723
1.23575E+06,3.87536
1.23620E+06,4.34421
1.23650E+06,4.68680
1.23698E+06,4.50502
1.23770E+06,4.67983
1.23890E+06,3.71155
1.24010E+06,2.67285
1.24082E+06,2.69516
1.24130E+06,2.32650
1.24146E+06,2.41634
1.24170E+06,2.45963
1.24210E+06,2.68429
1.24250E+06,3.03377
1.24274E+06,3.14006
1.24290E+06,3.14560
1.24310E+06,3.06544
1.24340E+06,2.89504
1.24390E+06,2.79334
1.24440E+06,2.63011
1.24470E+06,2.40773
1.24490E+06,2.32720
1.24508E+06,2.38520
1.24535E+06,2.50859
1.24580E+06,2.67564
1.24625E+06,2.93589
1.24652E+06,3.30592
1.24670E+06,3.70110
1.24679E+06,3.68814
1.24693E+06,3.64613
1.24715E+06,3.46167
1.24737E+06,3.34379
1.24751E+06,3.34323
1.24760E+06,3.30100
1.24779E+06,3.31296
1.24808E+06,3.42648
1.24855E+06,3.77476
1.24903E+06,4.30746
1.24931E+06,4.63639
1.24950E+06,4.76900
1.25000E+06,4.38281
1.25006E+06,4.32990
1.25030E+06,4.07006
1.25070E+06,3.78773
1.25110E+06,3.78883
1.25134E+06,3.79157
1.25150E+06,3.69860
1.25170E+06,3.88670
1.25184E+06,3.71174
1.25205E+06,3.62511
1.25240E+06,3.53722
1.25275E+06,3.39952
1.25296E+06,3.33838
1.25310E+06,3.29860
1.25324E+06,3.36498
1.25345E+06,3.43327
1.25380E+06,3.64276
1.25415E+06,3.89381
1.25436E+06,3.97037
1.25450E+06,3.98320
1.25510E+06,3.83510
1.25521E+06,3.86700
1.25537E+06,3.95696
1.25565E+06,4.15698
1.25592E+06,4.54019
1.25609E+06,4.82902
1.25620E+06,4.95050
1.25637E+06,4.91602
1.25663E+06,4.57646
1.25705E+06,4.16495
1.25747E+06,3.95587
1.25773E+06,3.74517
1.25790E+06,3.62740
1.25804E+06,3.64056
1.25825E+06,3.80559
1.25860E+06,3.89919
1.25895E+06,4.26764
1.25916E+06,4.72230
1.25930E+06,4.85230
1.25971E+06,4.44078
1.26032E+06,3.89323
1.26135E+06,3.80854
1.26238E+06,3.73732
1.26299E+06,3.26900
1.26340E+06,2.99360
1.26362E+06,3.10056
1.26395E+06,2.99577
1.26450E+06,3.27254
1.26505E+06,3.79174
1.26538E+06,3.89175
1.26560E+06,4.00020
1.26598E+06,3.63165
1.26655E+06,3.31800
1.26750E+06,2.98521
1.26845E+06,2.67292
1.26902E+06,2.50260
1.26940E+06,2.38680
1.26974E+06,2.43329
1.27025E+06,2.73870
1.27076E+06,3.20833
1.27110E+06,3.54680
1.27142E+06,3.01980
1.27190E+06,2.54443
1.27270E+06,2.63740
1.27350E+06,2.55729
1.27398E+06,2.16633
1.27430E+06,2.10060
1.27465E+06,2.29589
1.27500E+06,2.77480
1.27510E+06,2.73071
1.27525E+06,2.39799
1.27550E+06,1.92636
1.27575E+06,1.76221
1.27590E+06,1.72176
1.27600E+06,1.74470
1.27625E+06,1.80200
1.27662E+06,2.02720
1.27725E+06,2.40776
1.27788E+06,3.07637
1.27825E+06,3.70036
1.27850E+06,4.07110
1.27861E+06,3.95778
1.27877E+06,3.90915
1.27905E+06,3.76827
1.27933E+06,3.32311
1.27949E+06,3.05000
1.27960E+06,3.00010
1.27969E+06,3.04518
1.27982E+06,3.17013
1.28005E+06,3.50616
1.28028E+06,3.92226
1.28041E+06,4.12403
1.28050E+06,4.18800
1.28105E+06,3.68537
1.28188E+06,3.85313
1.28325E+06,3.53034
1.28462E+06,3.02210
1.28545E+06,3.10537
1.28600E+06,2.74630
1.28608E+06,2.76870
1.28620E+06,2.79311
1.28640E+06,2.93809
1.28660E+06,3.20183
1.28672E+06,3.32368
1.28680E+06,3.34100
1.28719E+06,3.09783
1.28777E+06,2.73142
1.28875E+06,2.69194
1.28973E+06,2.67180
1.29031E+06,2.38351
1.29070E+06,2.26430
1.29105E+06,3.89281
1.29140E+06,4.03240
1.29195E+06,2.25891
1.29278E+06,2.72233
1.29415E+06,2.96812
1.29553E+06,3.40497
1.29635E+06,4.07989
1.29690E+06,2.40800
1.29712E+06,4.00150
1.29745E+06,4.29590
1.29800E+06,4.44795
1.29855E+06,5.11812
1.29888E+06,5.13720
1.29910E+06,5.30440
1.29971E+06,4.40082
1.30000E+06,4.28259
1.30062E+06,4.02981
1.30215E+06,3.34663
1.30367E+06,2.40762
1.30459E+06,2.15206
1.30520E+06,1.91160
1.30532E+06,1.93595
1.30550E+06,1.96491
1.30580E+06,2.52002
1.30610E+06,3.28947
1.30628E+06,3.50931
1.30640E+06,3.55460
1.30686E+06,3.48811
1.30755E+06,3.31109
1.30824E+06,3.14510
1.30870E+06,3.09820
1.30895E+06,3.11786
1.30933E+06,3.38221
1.30995E+06,4.02664
1.31058E+06,4.37628
1.31095E+06,4.42895
1.31120E+06,4.52170
1.31150E+06,4.26288
1.31195E+06,3.78364
1.31270E+06,3.48452
1.31345E+06,3.71062
1.31390E+06,3.68177
1.31420E+06,3.43960
1.31483E+06,3.94497
1.31577E+06,4.05885
1.31735E+06,3.71768
1.31892E+06,4.17247
1.31987E+06,4.77605
1.32050E+06,4.92000
1.32088E+06,4.60052
1.32145E+06,4.27313
1.32240E+06,3.59684
1.32335E+06,3.27452
1.32392E+06,3.18684
1.32430E+06,2.75060
1.32442E+06,2.76280
1.32460E+06,2.76467
1.32490E+06,2.95509
1.32520E+06,3.64116
1.32538E+06,4.12007
1.32550E+06,4.25220
1.32585E+06,3.90641
1.32638E+06,3.44429
1.32725E+06,3.09491
1.32813E+06,3.09193
1.32865E+06,3.06983
1.32900E+06,3.02170
1.32945E+06,3.06968
1.33013E+06,3.28657
1.33125E+06,4.12946
1.33238E+06,4.71242
1.33305E+06,4.91905
1.33350E+06,5.38510
1.33410E+06,4.91097
1.33500E+06,4.41033
1.33650E+06,3.79288
1.33800E+06,3.65580
1.33890E+06,3.66144
1.33950E+06,3.39170
1.33972E+06,3.58662
1.34005E+06,4.06312
1.34038E+06,4.56142
1.34060E+06,4.79510
1.34070E+06,4.61435
1.34085E+06,4.20718
1.34110E+06,3.74464
1.34135E+06,3.44391
1.34150E+06,3.22036
1.34160E+06,3.13470
1.34170E+06,3.13862
1.34185E+06,3.23308
1.34210E+06,3.32773
1.34235E+06,3.35728
1.34250E+06,3.50122
1.34260E+06,3.71420
1.34270E+06,3.71400
1.34279E+06,3.93798
1.34292E+06,4.23407
1.34315E+06,4.49542
1.34337E+06,4.83096
1.34351E+06,5.10385
1.34360E+06,5.15610
1.34398E+06,4.78841
1.34455E+06,4.08615
1.34550E+06,3.56850
1.34645E+06,3.47541
1.34702E+06,3.26079
1.34740E+06,3.15430
1.34764E+06,3.27470
1.34800E+06,3.37011
1.34836E+06,3.53866
1.34860E+06,3.78910
1.34889E+06,3.64211
1.34933E+06,3.59270
1.35005E+06,3.41051
1.35078E+06,2.99038
1.35121E+06,2.76246
1.35150E+06,2.65910
1.35159E+06,2.74459
1.35173E+06,2.80519
1.35195E+06,3.17015
1.35217E+06,3.75243
1.35231E+06,3.95567
1.35240E+06,3.96040
1.35274E+06,3.40627
1.35325E+06,2.99640
1.35376E+06,2.86739
1.35410E+06,2.81260
1.35430E+06,2.94100
1.35460E+06,3.07163
1.35510E+06,3.56589
1.35560E+06,3.98535
1.35590E+06,4.05524
1.35610E+06,4.18810
1.35652E+06,4.08782
1.35715E+06,3.69790
1.35778E+06,3.28105
1.35820E+06,3.13290
1.35834E+06,3.17475
1.35855E+06,3.50643
1.35890E+06,3.96361
1.35925E+06,4.43555
1.35946E+06,4.85686
1.35960E+06,5.05350
1.35979E+06,4.97403
1.36007E+06,4.36749
1.36055E+06,3.67818
1.36102E+06,3.48136
1.36131E+06,3.32503
1.36150E+06,3.31710
1.36168E+06,3.38081
1.36195E+06,3.43995
1.36240E+06,3.51242
1.36285E+06,4.04399
1.36312E+06,4.56425
1.36330E+06,4.77770
1.36353E+06,4.50982
1.36387E+06,4.30088
1.36445E+06,3.84783
1.36502E+06,3.15128
1.36537E+06,2.87532
1.36560E+06,2.88400
1.36572E+06,2.95498
1.36590E+06,3.17462
1.36620E+06,3.13966
1.36650E+06,3.00733
1.36668E+06,3.20862
1.36680E+06,3.40710
1.36722E+06,3.01881
1.36785E+06,2.73032
1.36848E+06,2.62549
1.36890E+06,2.56370
1.36899E+06,2.62636
1.36912E+06,2.67676
1.36935E+06,2.93984
1.36957E+06,3.22522
1.36971E+06,3.26958
1.36980E+06,3.28250
1.36999E+06,3.19958
1.37027E+06,3.15901
1.37075E+06,2.98262
1.37122E+06,2.74988
1.37151E+06,2.67647
1.37170E+06,2.62280
1.37205E+06,2.76504
1.37258E+06,2.95189
1.37345E+06,2.84756
1.37433E+06,2.85343
1.37485E+06,3.34138
1.37520E+06,3.90130
1.37571E+06,3.36348
1.37647E+06,2.91891
1.37775E+06,2.79638
1.37902E+06,2.94675
1.37979E+06,2.83684
1.38030E+06,2.50940
1.38039E+06,2.64559
1.38053E+06,2.81744
1.38075E+06,3.14812
1.38098E+06,3.35007
1.38111E+06,3.37976
1.38120E+06,3.44820
1.38155E+06,3.16563
1.38207E+06,3.03196
1.38295E+06,2.79002
1.38383E+06,2.84948
1.38435E+06,2.98451
1.38470E+06,2.73200
1.38485E+06,3.09518
1.38508E+06,3.12895
1.38545E+06,3.20752
1.38583E+06,3.55300
1.38605E+06,3.66879
1.38620E+06,3.74600
1.38670E+06,3.49158
1.38720E+06,3.26610
1.38731E+06,3.26032
1.38748E+06,3.30847
1.38775E+06,3.60584
1.38803E+06,3.87230
1.38819E+06,3.94025
1.38830E+06,4.02630
1.38858E+06,3.78163
1.38900E+06,3.85269
1.38970E+06,3.44494
1.39040E+06,2.95787
1.39082E+06,2.99577
1.39110E+06,2.81850
1.39120E+06,2.95686
1.39135E+06,2.97507
1.39160E+06,3.17882
1.39185E+06,3.48780
1.39200E+06,3.59341
1.39210E+06,3.72940
1.39265E+06,3.48451
1.39348E+06,3.32555
1.39485E+06,3.08772
1.39623E+06,2.95894
1.39705E+06,2.86046
1.39760E+06,2.55280
1.39775E+06,2.67510
1.39797E+06,2.76337
1.39835E+06,3.01871
1.39872E+06,3.40891
1.39895E+06,3.57356
1.39910E+06,3.62140
1.39928E+06,3.28467
1.39955E+06,2.74963
1.40000E+06,2.18488
1.40045E+06,2.03698
1.40072E+06,1.99080
1.40090E+06,1.93070
1.40105E+06,1.99962
1.40128E+06,1.97616
1.40165E+06,2.11130
1.40203E+06,2.46282
1.40225E+06,2.63710
1.40240E+06,2.73730
1.40290E+06,2.60740
1.40334E+06,2.78778
1.40400E+06,3.31607
1.40466E+06,4.01218
1.40510E+06,4.49090
1.40533E+06,4.12920
1.40568E+06,3.85493
1.40625E+06,3.65398
1.40682E+06,3.21390
1.40717E+06,2.92812
1.40740E+06,2.94690
1.40757E+06,2.95373
1.40783E+06,2.99543
1.40825E+06,3.19298
1.40867E+06,3.61975
1.40893E+06,3.92960
1.40910E+06,4.08720
1.40948E+06,3.77025
1.41005E+06,3.05153
1.41100E+06,2.83728
1.41195E+06,2.85765
1.41252E+06,2.45904
1.41290E+06,2.38790
1.41345E+06,2.54077
1.41427E+06,2.82223
1.41565E+06,3.25462
1.41702E+06,3.58919
1.41785E+06,3.82927
1.41840E+06,4.06420
1.41860E+06,4.05990
1.41879E+06,4.27681
1.41908E+06,4.62852
1.41955E+06,4.93216
1.42003E+06,4.94439
1.42031E+06,5.00176
1.42050E+06,5.12030
1.42086E+06,4.72610
1.42140E+06,3.81596
1.42230E+06,3.11356
1.42320E+06,3.09258
1.42374E+06,2.94034
1.42410E+06,2.91570
1.42443E+06,3.04988
1.42492E+06,3.00080
1.42575E+06,3.18130
1.42657E+06,3.92729
1.42707E+06,4.32013
1.42740E+06,4.38600
1.42782E+06,4.21370
1.42845E+06,3.55912
1.42908E+06,2.88902
1.42950E+06,2.68910
1.42972E+06,2.75723
1.43005E+06,2.95544
1.43060E+06,2.82938
1.43115E+06,3.10332
1.43148E+06,3.71104
1.43170E+06,3.92520
1.43185E+06,3.78591
1.43207E+06,3.47779
1.43245E+06,2.92751
1.43283E+06,2.67472
1.43305E+06,2.65587
1.43320E+06,2.59450
1.43333E+06,2.66028
1.43352E+06,2.86620
1.43385E+06,2.99383
1.43417E+06,2.89917
1.43437E+06,2.96186
1.43450E+06,3.11560
1.43460E+06,3.11120
1.43505E+06,3.67812
1.43550E+06,3.96220
1.43613E+06,3.58024
1.43708E+06,3.06143
1.43865E+06,2.91199
1.44023E+06,2.81373
1.44117E+06,2.42270
1.44180E+06,2.21050
1.44196E+06,2.22829
1.44220E+06,2.51395
1.44244E+06,2.92633
1.44260E+06,3.16940
1.44310E+06,3.04780
1.44331E+06,3.10688
1.44362E+06,3.20298
1.44415E+06,3.92811
1.44467E+06,4.58026
1.44499E+06,4.63249
1.44520E+06,4.72680
1.44556E+06,4.56675
1.44610E+06,4.40281
1.44700E+06,3.93771
1.44790E+06,3.52883
1.44844E+06,3.39652
1.44880E+06,3.20500
1.44924E+06,3.28112
1.44990E+06,3.76854
1.45056E+06,4.56733
1.45100E+06,5.19700
1.45138E+06,5.00372
1.45195E+06,4.49521
1.45290E+06,4.04458
1.45385E+06,4.08373
1.45442E+06,4.04093
1.45480E+06,3.95480
1.45502E+06,4.04993
1.45535E+06,4.27861
1.45568E+06,4.46186
1.45590E+06,4.47620
1.45620E+06,4.13468
1.45650E+06,4.05420
1.45668E+06,4.10081
1.45695E+06,4.44948
1.45722E+06,4.88125
1.45740E+06,5.07560
1.45790E+06,4.64720
1.45802E+06,4.71474
1.45820E+06,4.96675
1.45838E+06,5.17344
1.45850E+06,5.16040
1.45866E+06,4.96499
1.45890E+06,4.80762
1.45930E+06,4.44756
1.45970E+06,4.09625
1.45994E+06,3.97922
1.46010E+06,3.84990
1.46022E+06,3.89218
1.46040E+06,3.92350
1.46070E+06,3.97815
1.46100E+06,4.31443
1.46118E+06,4.62870
1.46130E+06,4.76300
1.46165E+06,4.37038
1.46218E+06,3.90464
1.46305E+06,3.68368
1.46392E+06,3.68329
1.46445E+06,3.57308
1.46480E+06,3.52100
1.46500E+06,3.60962
1.46530E+06,3.93792
1.46560E+06,4.37712
1.46580E+06,4.66290
1.46607E+06,4.60513
1.46647E+06,4.40686
1.46715E+06,3.88162
1.46782E+06,3.65941
1.46823E+06,3.71520
1.46850E+06,3.65540
1.46869E+06,3.78281
1.46897E+06,3.95137
1.46945E+06,4.08410
1.46992E+06,4.34539
1.47021E+06,4.62338
1.47040E+06,4.75320
1.47067E+06,4.32815
1.47107E+06,4.17056
1.47175E+06,4.08098
1.47243E+06,3.94492
1.47283E+06,3.91266
1.47310E+06,3.81730
1.47336E+06,4.06480
1.47375E+06,4.03476
1.47440E+06,4.04342
1.47505E+06,4.21067
1.47544E+06,4.26679
1.47570E+06,4.41940
1.47604E+06,4.41447
1.47655E+06,4.16730
1.47740E+06,3.60662
1.47825E+06,3.29547
1.47876E+06,3.17294
1.47910E+06,2.99680
1.47926E+06,3.01915
1.47950E+06,3.26029
1.47974E+06,3.56645
1.47990E+06,3.70440
1.48020E+06,3.56366
1.48050E+06,3.47690
1.48066E+06,3.54638
1.48090E+06,3.96906
1.48114E+06,4.33518
1.48130E+06,4.30410
1.48192E+06,3.61211
1.48285E+06,3.56164
1.48440E+06,3.44770
1.48595E+06,2.99403
1.48688E+06,2.83428
1.48750E+06,2.49650
1.48774E+06,2.63018
1.48810E+06,2.78052
1.48870E+06,3.22120
1.48930E+06,3.94795
1.48966E+06,4.29727
1.48990E+06,4.34710
1.49030E+06,4.10178
1.49090E+06,3.62124
1.49150E+06,3.24046
1.49190E+06,3.17250
1.49208E+06,3.20763
1.49235E+06,3.57932
1.49262E+06,3.93983
1.49280E+06,3.95510
1.49296E+06,3.86878
1.49320E+06,3.73779
1.49360E+06,3.49286
1.49400E+06,3.33175
1.49424E+06,3.27335
1.49440E+06,3.19110
1.49474E+06,3.25426
1.49525E+06,3.58076
1.49610E+06,3.58697
1.49695E+06,3.53078
1.49746E+06,3.80276
1.49780E+06,3.86190
1.49810E+06,3.53812
1.49855E+06,3.40343
1.49900E+06,3.27786
1.49930E+06,2.97030
1.49944E+06,2.99257
1.49965E+06,3.00063
1.49986E+06,3.14976
1.50000E+06,3.42085
1.50000E+06,3.34100
1.50000E+06,3.34264
1.50010E+06,3.50510
1.50080E+06,4.16130
1.50170E+06,3.52740
1.50200E+06,3.64870
1.50210E+06,3.62950
1.50220E+06,3.65970
1.50410E+06,2.70570
1.50420E+06,2.74770
1.50430E+06,2.63910
1.50450E+06,2.63940
1.50460E+06,2.55650
1.50470E+06,2.56270
1.50540E+06,2.44570
1.50580E+06,2.52950
1.50590E+06,2.70640
1.50620E+06,2.81300
1.50660E+06,3.17760
1.50670E+06,3.10880
1.50680E+06,3.11350
1.50710E+06,3.00140
1.50720E+06,3.02850
1.50740E+06,2.98740
1.50750E+06,3.03540
1.50830E+06,2.90770
1.50870E+06,3.14580
1.50910E+06,3.56450
1.50950E+06,3.22270
1.50990E+06,2.99690
1.51000E+06,3.07130
1.51060E+06,2.94870
1.51100E+06,3.05870
1.51110E+06,2.99230
1.51160E+06,3.56680
1.51210E+06,3.41740
1.51240E+06,3.56940
1.51250E+06,3.70960
1.51270E+06,3.70330
1.51280E+06,3.80600
1.51290E+06,3.76640
1.51350E+06,3.96960
1.51370E+06,3.87250
1.51390E+06,3.89470
1.51430E+06,3.74430
1.51440E+06,3.77920
1.51450E+06,3.69910
1.51470E+06,3.76670
1.51490E+06,3.52720
1.51510E+06,3.54520
1.51530E+06,3.42480
1.51550E+06,3.50960
1.51570E+06,3.33180
1.51610E+06,3.54830
1.51640E+06,3.47350
1.51670E+06,3.54790
1.51730E+06,3.14670
1.51750E+06,3.17980
1.51760E+06,3.13820
1.51830E+06,3.66360
1.51930E+06,4.19370
1.51950E+06,4.20080
1.52010E+06,3.61040
1.52030E+06,3.59220
1.52070E+06,3.81360
1.52110E+06,3.51780
1.52130E+06,3.15680
1.52190E+06,2.94820
1.52200E+06,2.94840
1.52210E+06,2.87190
1.52260E+06,3.16820
1.52300E+06,3.81330
1.52320E+06,4.07610
1.52340E+06,3.92700
1.52350E+06,3.92890
1.52390E+06,3.60880
1.52400E+06,3.62450
1.52440E+06,3.26910
1.52460E+06,3.27670
1.52480E+06,3.07630
1.52500E+06,3.14000
1.52540E+06,3.10140
1.52590E+06,3.60400
1.52600E+06,3.58790
1.52620E+06,3.58850
1.52750E+06,2.84300
1.52770E+06,2.86110
1.52790E+06,2.77410
1.52810E+06,2.77760
1.52820E+06,2.76400
1.52880E+06,2.92950
1.52890E+06,2.87240
1.52930E+06,3.10420
1.52970E+06,3.44290
1.52980E+06,3.39620
1.53000E+06,3.43570
1.53020E+06,3.36410
1.53040E+06,3.38360
1.53050E+06,3.36170
1.53060E+06,3.38670
1.53120E+06,3.05830
1.53130E+06,2.85840
1.53140E+06,2.88560
1.53230E+06,2.62710
1.53280E+06,2.86950
1.53290E+06,3.15780
1.53320E+06,3.33820
1.53330E+06,3.54180
1.53360E+06,3.61500
1.53430E+06,3.48470
1.53500E+06,3.81790
1.53570E+06,3.31380
1.53580E+06,3.28780
1.53630E+06,3.43390
1.53650E+06,3.37880
1.53660E+06,3.48910
1.53690E+06,3.42560
1.53720E+06,3.47410
1.53730E+06,3.42590
1.53740E+06,3.46670
1.53820E+06,3.09090
1.53870E+06,3.28070
1.53890E+06,3.47500
1.53990E+06,2.82940
1.54000E+06,2.88440
1.54010E+06,2.79610
1.54040E+06,2.84260
1.54070E+06,2.81400
1.54100E+06,3.07940
1.54110E+06,3.04570
1.54230E+06,3.71300
1.54280E+06,3.63010
1.54300E+06,3.36820
1.54330E+06,3.24340
1.54340E+06,3.25330
1.54380E+06,3.08120
1.54400E+06,3.13110
1.54430E+06,2.99240
1.54440E+06,3.03030
1.54540E+06,2.52050
1.54580E+06,2.43530
1.54620E+06,2.61850
1.54650E+06,2.91020
1.54670E+06,3.59070
1.54710E+06,4.29120
1.54730E+06,4.29580
1.54780E+06,3.63880
1.54810E+06,3.49410
1.54820E+06,3.28670
1.54840E+06,3.17180
1.54850E+06,3.17580
1.54880E+06,3.14350
1.54910E+06,3.36100
1.54930E+06,3.63430
1.54950E+06,3.52660
1.54960E+06,3.55450
1.54980E+06,3.46110
1.55050E+06,3.82040
1.55090E+06,3.61470
1.55130E+06,3.75950
1.55180E+06,4.34110
1.55210E+06,4.22760
1.55220E+06,3.98530
1.55280E+06,3.69570
1.55350E+06,4.10370
1.55390E+06,3.78910
1.55430E+06,3.29070
1.55470E+06,2.98650
1.55490E+06,3.04830
1.55500E+06,3.00270
1.55520E+06,3.01620
1.55580E+06,2.59160
1.55620E+06,2.48650
1.55640E+06,2.49430
1.55650E+06,2.45640
1.55710E+06,2.57890
1.55720E+06,2.64220
1.55740E+06,2.63660
1.55820E+06,2.90570
1.55830E+06,3.12150
1.55880E+06,3.42670
1.55930E+06,2.75680
1.55970E+06,2.52150
1.55990E+06,2.51410
1.56000E+06,2.52770
1.56010E+06,2.50550
1.56080E+06,3.07330
1.56110E+06,2.94310
1.56150E+06,3.16530
1.56180E+06,3.01220
1.56200E+06,3.01420
1.56240E+06,2.85820
1.56350E+06,3.44930
1.56400E+06,4.04650
1.56420E+06,4.07600
1.56490E+06,3.66000
1.56500E+06,3.47210
1.56600E+06,2.91960
1.56610E+06,2.74190
1.56690E+06,2.28910
1.56700E+06,2.25860
1.56710E+06,2.26030
1.56740E+06,2.17000
1.56770E+06,2.22840
1.56780E+06,2.21480
1.56840E+06,2.39180
1.56850E+06,2.38090
1.56900E+06,2.63220
1.56920E+06,2.89470
1.56970E+06,3.20680
1.57010E+06,3.57770
1.57120E+06,4.02960
1.57190E+06,4.69240
1.57250E+06,4.33890
1.57260E+06,4.01470
1.57280E+06,3.77720
1.57300E+06,3.22160
1.57370E+06,2.63970
1.57460E+06,2.38980
1.57470E+06,2.43190
1.57490E+06,2.41010
1.57560E+06,2.64760
1.57610E+06,3.29740
1.57640E+06,3.42670
1.57660E+06,3.38610
1.57680E+06,3.72800
1.57700E+06,3.84210
1.57780E+06,3.45540
1.57810E+06,3.57210
1.57830E+06,3.52160
1.57870E+06,3.83750
1.57940E+06,4.33950
1.58050E+06,5.20010
1.58070E+06,5.21730
1.58180E+06,4.38060
1.58220E+06,3.79750
1.58250E+06,3.70050
1.58280E+06,3.81110
1.58320E+06,4.49240
1.58340E+06,4.57900
1.58410E+06,3.74140
1.58480E+06,3.57810
1.58490E+06,3.62980
1.58570E+06,3.34530
1.58580E+06,3.34680
1.58640E+06,3.17130
1.58650E+06,3.17540
1.58660E+06,3.12060
1.58680E+06,3.19160
1.58690E+06,3.11700
1.58740E+06,3.17700
1.58770E+06,3.08660
1.58780E+06,3.10280
1.58790E+06,3.02150
1.58810E+06,3.09160
1.58840E+06,3.08180
1.58910E+06,3.99730
1.58920E+06,4.03470
1.58940E+06,3.98400
1.58980E+06,4.25720
1.59040E+06,4.70800
1.59110E+06,4.95390
1.59180E+06,4.51910
1.59190E+06,4.54590
1.59250E+06,4.17900
1.59310E+06,3.64830
1.59340E+06,3.74100
1.59370E+06,4.14740
1.59380E+06,4.66350
1.59410E+06,5.20580
1.59500E+06,4.47630
1.59550E+06,3.78610
1.59610E+06,3.42970
1.59630E+06,3.42920
1.59670E+06,3.51300
1.59700E+06,3.39520
1.59710E+06,3.43420
1.59760E+06,3.32760
1.59800E+06,3.49660
1.59830E+06,3.45810
1.59840E+06,3.57750
1.59860E+06,3.56510
1.59970E+06,4.38010
1.60000E+06,4.52869
1.60100E+06,5.02400
1.60120E+06,5.01480
1.60130E+06,5.06360
1.60280E+06,4.25630
1.60320E+06,3.95350
1.60330E+06,3.97560
1.60350E+06,3.95240
1.60380E+06,4.02500
1.60410E+06,3.94660
1.60420E+06,4.03740
1.60450E+06,3.96350
1.60460E+06,4.08440
1.60490E+06,3.95100
1.60510E+06,4.01710
1.60580E+06,3.62780
1.60670E+06,4.12370
1.60700E+06,4.00820
1.60710E+06,4.02440
1.60730E+06,4.00570
1.60760E+06,3.74590
1.60840E+06,2.88570
1.60870E+06,2.75340
1.60920E+06,2.94370
1.60960E+06,3.40630
1.60970E+06,3.35810
1.60990E+06,3.37310
1.61000E+06,3.20750
1.61020E+06,3.19960
1.61140E+06,3.54500
1.61160E+06,3.82190
1.61180E+06,3.85920
1.61210E+06,3.80620
1.61220E+06,3.89960
1.61270E+06,3.61770
1.61300E+06,3.68900
1.61310E+06,3.67630
1.61340E+06,3.87610
1.61380E+06,4.17850
1.61470E+06,3.53430
1.61520E+06,3.38050
1.61530E+06,3.43890
1.61560E+06,3.36940
1.61570E+06,3.41990
1.61620E+06,3.29350
1.61630E+06,3.31320
1.61650E+06,3.25050
1.61880E+06,4.84080
1.61910E+06,4.80280
1.61940E+06,5.02560
1.62000E+06,4.59730
1.62100E+06,3.49430
1.62120E+06,3.40070
1.62160E+06,3.84110
1.62180E+06,3.87760
1.62190E+06,3.79780
1.62210E+06,3.83330
1.62250E+06,3.65050
1.62270E+06,3.69400
1.62300E+06,3.61030
1.62330E+06,3.69370
1.62340E+06,3.68180
1.62460E+06,4.54790
1.62520E+06,4.01350
1.62560E+06,3.82960
1.62640E+06,4.00370
1.62770E+06,5.27580
1.62800E+06,5.53100
1.62830E+06,5.33930
1.62900E+06,4.13940
1.62960E+06,3.70180
1.62980E+06,3.72610
1.63010E+06,3.62040
1.63040E+06,3.84120
1.63050E+06,3.83210
1.63110E+06,4.50060
1.63140E+06,4.26360
1.63160E+06,4.28380
1.63200E+06,4.08380
1.63240E+06,4.15060
1.63260E+06,4.13540
1.63300E+06,4.32380
1.63350E+06,4.06210
1.63390E+06,3.54730
1.63470E+06,3.28710
1.63480E+06,3.34740
1.63500E+06,3.23510
1.63590E+06,3.47700
1.63600E+06,3.42110
1.63620E+06,3.45040
1.63650E+06,3.22170
1.63660E+06,3.22520
1.63690E+06,3.12160
1.63710E+06,3.15920
1.63720E+06,3.07860
1.63740E+06,3.15790
1.63750E+06,3.05670
1.63810E+06,3.49280
1.63890E+06,4.27760
1.63980E+06,3.94250
1.64010E+06,3.96790
1.64040E+06,3.88800
1.64050E+06,3.89600
1.64076E+06,3.85206
1.64080E+06,3.84530
1.64100E+06,3.90250
1.64109E+06,3.84346
1.64110E+06,3.83690
1.64110E+06,3.83824
1.64110E+06,3.83887
1.64160E+06,4.15020
1.64190E+06,4.16600
1.64250E+06,3.96170
1.64310E+06,4.10810
1.64340E+06,4.07230
1.64370E+06,4.22670
1.64380E+06,4.14500
1.64400E+06,4.15820
1.64490E+06,3.77040
1.64530E+06,3.97540
1.64650E+06,3.43210
1.64670E+06,3.48210
1.64700E+06,3.32440
1.64780E+06,3.63780
1.64790E+06,3.59090
1.64840E+06,3.81000
1.64900E+06,4.22140
1.65000E+06,3.62350
1.65050E+06,3.75460
1.65060E+06,3.68600
1.65090E+06,3.75750
1.65110E+06,3.66360
1.65120E+06,3.44660
1.65200E+06,3.15700
1.65220E+06,3.28530
1.65230E+06,3.27480
1.65240E+06,3.40110
1.65350E+06,2.96800
1.65370E+06,2.98170
1.65380E+06,2.91450
1.65440E+06,3.49450
1.65460E+06,3.50720
1.65520E+06,3.21090
1.65530E+06,3.20600
1.65560E+06,3.37050
1.65610E+06,3.31710
1.65690E+06,3.60000
1.65750E+06,3.12590
1.65760E+06,2.93410
1.65790E+06,2.71520
1.65810E+06,2.76450
1.65840E+06,2.65680
1.65880E+06,2.87250
1.65900E+06,2.84510
1.65910E+06,2.98690
1.65930E+06,2.97690
1.65990E+06,3.16830
1.66010E+06,3.13950
1.66020E+06,3.27550
1.66070E+06,3.18410
1.66080E+06,3.18490
1.66100E+06,3.09870
1.66210E+06,3.38500
1.66220E+06,3.37940
1.66250E+06,3.46400
1.66300E+06,3.37530
1.66390E+06,3.84790
1.66480E+06,3.46650
1.66500E+06,3.50720
1.66560E+06,3.31610
1.66570E+06,3.31920
1.66590E+06,3.29210
1.66670E+06,3.86850
1.66710E+06,4.29490
1.66730E+06,4.34210
1.66800E+06,3.85970
1.66870E+06,3.68010
1.66900E+06,3.70600
1.66930E+06,3.59790
1.66940E+06,3.62340
1.67040E+06,3.36090
1.67050E+06,3.38300
1.67070E+06,3.31000
1.67080E+06,3.32130
1.67100E+06,3.23980
1.67160E+06,3.49350
1.67190E+06,3.42950
1.67250E+06,3.57390
1.67280E+06,3.44130
1.67300E+06,3.44740
1.67310E+06,3.36940
1.67410E+06,3.67370
1.67450E+06,4.00230
1.67470E+06,4.27130
1.67480E+06,4.64160
1.67530E+06,4.97930
1.67670E+06,4.33690
1.67680E+06,4.34600
1.67790E+06,3.64170
1.67870E+06,3.45100
1.67920E+06,3.80550
1.67970E+06,3.60630
1.67980E+06,3.65140
1.68000E+06,3.52030
1.68030E+06,3.59230
1.68040E+06,3.45640
1.68060E+06,3.50860
1.68070E+06,3.45200
1.68140E+06,3.61360
1.68150E+06,3.57070
1.68250E+06,4.02580
1.68260E+06,4.26590
1.68290E+06,4.36240
1.68340E+06,4.06700
1.68400E+06,4.34570
1.68420E+06,4.30170
1.68430E+06,4.33080
1.68620E+06,3.06120
1.68640E+06,3.08230
1.68650E+06,3.03220
1.68670E+06,3.08940
1.68680E+06,3.08680
1.68840E+06,3.72130
1.68930E+06,3.47860
1.69000E+06,3.68250
1.69060E+06,4.26210
1.69180E+06,3.74740
1.69200E+06,3.74400
1.69220E+06,3.75020
1.69260E+06,3.66030
1.69280E+06,3.67130
1.69390E+06,3.24730
1.69500E+06,3.81830
1.69560E+06,4.40030
1.69580E+06,4.46920
1.69660E+06,3.89050
1.69670E+06,3.68860
1.69750E+06,3.20790
1.69780E+06,3.23320
1.69820E+06,3.10500
1.69850E+06,3.17250
1.69860E+06,3.16520
1.69890E+06,3.28000
1.69940E+06,3.68440
1.69960E+06,3.65020
1.69970E+06,3.67450
1.69990E+06,3.58250
1.70000E+06,3.63492
1.70050E+06,3.89700
1.70070E+06,4.09100
1.70150E+06,3.73750
1.70310E+06,5.45650
1.70400E+06,4.94380
1.70460E+06,4.17070
1.70560E+06,3.58690
1.70580E+06,3.52080
1.70610E+06,3.58830
1.70640E+06,3.33960
1.70670E+06,3.26550
1.70690E+06,3.28530
1.70720E+06,3.62440
1.70770E+06,3.37750
1.70850E+06,2.94280
1.70880E+06,2.89290
1.70910E+06,3.05230
1.70930E+06,3.11080
1.70990E+06,2.85130
1.71020E+06,2.86590
1.71040E+06,2.78370
1.71060E+06,2.83680
1.71150E+06,2.62630
1.71170E+06,2.61750
1.71220E+06,2.79520
1.71230E+06,2.75830
1.71250E+06,2.84850
1.71310E+06,2.48030
1.71360E+06,2.41100
1.71440E+06,2.70970
1.71470E+06,2.61660
1.71520E+06,2.78350
1.71580E+06,3.46300
1.71600E+06,3.50410
1.71630E+06,3.45100
1.71680E+06,3.57700
1.71710E+06,3.55360
1.71780E+06,3.90500
1.71810E+06,4.29170
1.71830E+06,4.27420
1.71840E+06,4.30800
1.71860E+06,4.29920
1.71940E+06,4.56330
1.71990E+06,5.01850
1.72169E+06,4.20219
1.72169E+06,4.20174
1.72170E+06,4.19628
1.72180E+06,4.15060
1.72200E+06,4.10510
1.72210E+06,4.14100
1.72310E+06,3.39340
1.72320E+06,3.40190
1.72450E+06,3.00790
1.72467E+06,3.07267
1.72550E+06,3.38890
1.72570E+06,3.35290
1.72650E+06,3.84700
1.72710E+06,4.05230
1.72780E+06,3.96580
1.72860E+06,4.17920
1.72890E+06,4.15920
1.72920E+06,4.26800
1.73010E+06,3.57790
1.73020E+06,3.57350
1.73090E+06,3.76940
1.73100E+06,3.74650
1.73280E+06,4.37110
1.73300E+06,4.29860
1.73310E+06,4.30530
1.73360E+06,3.98090
1.73380E+06,4.00500
1.73450E+06,3.92290
1.73490E+06,4.06730
1.73580E+06,3.44530
1.73590E+06,3.53390
1.73630E+06,3.38800
1.73660E+06,3.03710
1.73720E+06,2.88190
1.73770E+06,2.98340
1.73820E+06,3.49770
1.73890E+06,3.82110
1.73940E+06,4.06620
1.74000E+06,3.86180
1.74020E+06,3.86190
1.74080E+06,3.68980
1.74120E+06,3.77210
1.74250E+06,3.15820
1.74260E+06,3.22140
1.74300E+06,3.20260
1.74360E+06,3.46050
1.74380E+06,3.39640
1.74400E+06,3.41530
1.74410E+06,3.25070
1.74480E+06,3.16190
1.74580E+06,3.43010
1.74590E+06,3.40170
1.74810E+06,4.00420
1.74820E+06,3.97620
1.74840E+06,4.03780
1.74910E+06,3.90620
1.75000E+06,4.30698
1.75040E+06,4.48510
1.75100E+06,5.00750
1.75170E+06,4.67270
1.75190E+06,4.70050
1.75260E+06,4.37510
1.75270E+06,4.37750
1.75290E+06,4.31020
1.75300E+06,4.45100
1.75340E+06,4.28990
1.75370E+06,4.33720
1.75390E+06,4.23820
1.75400E+06,4.35490
1.75420E+06,4.32480
1.75450E+06,4.37760
1.75470E+06,4.31900
1.75500E+06,4.46130
1.75520E+06,4.43750
1.75540E+06,4.44350
1.75550E+06,4.36240
1.75620E+06,4.56090
1.75690E+06,4.21810
1.75700E+06,4.25790
1.75770E+06,4.02720
1.75790E+06,4.12190
1.75800E+06,4.07740
1.75870E+06,4.64990
1.75890E+06,4.65390
1.75970E+06,4.35470
1.75990E+06,4.40950
1.76050E+06,3.86570
1.76070E+06,3.86420
1.76090E+06,3.99040
1.76100E+06,3.98220
1.76170E+06,4.49630
1.76200E+06,4.54040
1.76270E+06,4.33280
1.76300E+06,4.41840
1.76350E+06,4.23210
1.76370E+06,4.26880
1.76470E+06,3.84550
1.76490E+06,3.87320
1.76520E+06,3.67640
1.76540E+06,3.68310
1.76660E+06,3.32140
1.76670E+06,3.38750
1.76710E+06,3.33620
1.76720E+06,3.37980
1.76810E+06,3.27320
1.76820E+06,3.34590
1.76860E+06,3.23900
1.76910E+06,3.49680
1.76920E+06,3.70910
1.77010E+06,3.50400
1.77030E+06,3.51500
1.77040E+06,3.46500
1.77180E+06,3.81940
1.77240E+06,4.18970
1.77340E+06,3.60930
1.77460E+06,3.17970
1.77550E+06,3.06420
1.77700E+06,3.69660
1.77840E+06,3.03360
1.77870E+06,2.97180
1.78020E+06,3.41190
1.78040E+06,3.48320
1.78120E+06,4.61760
1.78140E+06,4.67770
1.78160E+06,4.61590
1.78170E+06,4.63060
1.78190E+06,4.52670
1.78210E+06,4.63660
1.78230E+06,4.50040
1.78260E+06,4.58570
1.78280E+06,4.46490
1.78290E+06,4.51660
1.78520E+06,3.55050
1.78580E+06,3.09150
1.78640E+06,2.95500
1.78700E+06,3.30120
1.78740E+06,3.23820
1.78750E+06,3.31700
1.78770E+06,3.30870
1.78870E+06,3.65120
1.78930E+06,3.93900
1.79010E+06,3.38850
1.79080E+06,3.64400
1.79130E+06,3.98900
1.79200E+06,4.09760
1.79320E+06,3.60930
1.79340E+06,3.61890
1.79400E+06,3.32970
1.79420E+06,3.16770
1.79440E+06,3.20440
1.79460E+06,3.16310
1.79530E+06,3.56970
1.79540E+06,3.60420
1.79560E+06,3.57410
1.79650E+06,3.87300
1.79700E+06,4.08730
1.79750E+06,3.92850
1.79770E+06,3.96420
1.79780E+06,3.88590
1.79800E+06,3.89130
1.79830E+06,3.80150
1.79850E+06,3.89520
1.79970E+06,3.53440
1.80000E+06,3.73954
1.80020E+06,3.87630
1.80130E+06,3.45190
1.80140E+06,3.54500
1.80280E+06,3.24310
1.80300E+06,3.24890
1.80340E+06,3.18020
1.80350E+06,3.21990
1.80370E+06,3.12840
1.80390E+06,3.16920
1.80400E+06,3.13050
1.80440E+06,3.23430
1.80470E+06,3.15480
1.80540E+06,3.65900
1.80590E+06,4.05250
1.80700E+06,3.52420
1.80720E+06,3.54710
1.80730E+06,3.54450
1.80800E+06,3.76040
1.80820E+06,3.75890
1.80840E+06,3.78000
1.80890E+06,3.54330
1.80980E+06,3.96600
1.81030E+06,3.82640
1.81130E+06,4.31950
1.81220E+06,4.02900
1.81310E+06,4.47230
1.81340E+06,4.78590
1.81360E+06,4.68410
1.81430E+06,4.75280
1.81450E+06,4.72610
1.81480E+06,4.77880
1.81500E+06,4.66670
1.81520E+06,4.71490
1.81540E+06,4.57550
1.81550E+06,4.60770
1.81810E+06,3.33940
1.81870E+06,3.07530
1.81890E+06,3.08100
1.81920E+06,3.01230
1.81960E+06,3.25620
1.81970E+06,3.53970
1.82040E+06,4.03260
1.82080E+06,3.92980
1.82180E+06,2.97830
1.82200E+06,2.86020
1.82240E+06,2.97980
1.82320E+06,4.27300
1.82340E+06,4.38940
1.82480E+06,3.60710
1.82500E+06,3.61320
1.82550E+06,3.50250
1.82590E+06,3.59400
1.82610E+06,3.46510
1.82640E+06,3.52290
1.82660E+06,3.48820
1.82680E+06,3.49060
1.82710E+06,3.39720
1.82750E+06,3.48480
1.82760E+06,3.42630
1.82840E+06,3.72660
1.82870E+06,3.84090
1.82940E+06,3.66880
1.82960E+06,3.66890
1.83070E+06,3.47940
1.83100E+06,3.53420
1.83120E+06,3.51810
1.83150E+06,3.62140
1.83170E+06,3.57670
1.83190E+06,3.64880
1.83210E+06,3.61780
1.83220E+06,3.74710
1.83240E+06,3.73920
1.83260E+06,3.83450
1.83300E+06,3.73570
1.83380E+06,4.27110
1.83420E+06,4.29260
1.83440E+06,4.25810
1.83460E+06,4.32450
1.83470E+06,4.31710
1.83510E+06,4.41240
1.83530E+06,4.38220
1.83540E+06,4.41470
1.83740E+06,3.31110
1.83760E+06,3.32310
1.83790E+06,3.23110
1.83860E+06,3.53380
1.83880E+06,3.46080
1.83900E+06,3.48740
1.83950E+06,3.31980
1.84010E+06,3.48840
1.84080E+06,3.15690
1.84100E+06,3.12600
1.84110E+06,3.13210
1.84150E+06,3.02930
1.84170E+06,3.05330
1.84190E+06,3.04540
1.84200E+06,3.10020
1.84220E+06,3.05470
1.84280E+06,3.33790
1.84350E+06,3.09510
1.84420E+06,3.41030
1.84470E+06,3.81530
1.84490E+06,3.78140
1.84510E+06,3.79200
1.84630E+06,3.42120
1.84720E+06,3.60490
1.84740E+06,3.59910
1.84760E+06,3.61050
1.84830E+06,3.37570
1.84880E+06,3.56360
1.84900E+06,3.47737
1.84914E+06,3.41701
1.84915E+06,3.41207
1.84915E+06,3.41164
1.84940E+06,3.30490
1.84960E+06,3.36030
1.85030E+06,3.21630
1.85120E+06,3.53200
1.85190E+06,3.14120
1.85210E+06,3.18980
1.85370E+06,2.54360
1.85420E+06,2.68530
1.85440E+06,2.78190
1.85460E+06,2.76240
1.85530E+06,2.93360
1.85550E+06,3.06790
1.85570E+06,3.02790
1.85620E+06,3.12080
1.85640E+06,3.10710
1.85730E+06,3.34030
1.85790E+06,3.97070
1.85800E+06,4.21510
1.85820E+06,4.31130
1.86000E+06,3.56030
1.86060E+06,3.81110
1.86200E+06,3.38330
1.86220E+06,3.42280
1.86290E+06,3.10500
1.86440E+06,3.85840
1.86470E+06,3.88410
1.86510E+06,3.75910
1.86530E+06,3.78020
1.86620E+06,3.45180
1.86640E+06,3.48470
1.86750E+06,3.19390
1.86770E+06,3.19770
1.86790E+06,3.15780
1.86880E+06,3.69170
1.86890E+06,3.67860
1.86910E+06,3.76600
1.86950E+06,3.70040
1.86970E+06,3.70860
1.86990E+06,3.57980
1.87000E+06,3.58870
1.87060E+06,3.31040
1.87080E+06,3.34100
1.87110E+06,3.29940
1.87200E+06,3.73660
1.87320E+06,3.42550
1.87460E+06,4.21390
1.87550E+06,3.91040
1.87590E+06,3.97040
1.87610E+06,3.92030
1.87700E+06,4.16030
1.87760E+06,4.28600
1.87770E+06,4.22760
1.87790E+06,4.23750
1.87850E+06,4.07630
1.87870E+06,4.09100
1.87920E+06,3.89520
1.88000E+06,4.23830
1.88010E+06,4.16600
1.88030E+06,4.20360
1.88050E+06,4.16650
1.88110E+06,4.28650
1.88120E+06,4.26580
1.88220E+06,4.73860
1.88270E+06,4.97830
1.88360E+06,4.68090
1.88420E+06,4.80820
1.88620E+06,4.06550
1.88640E+06,4.22650
1.88660E+06,4.19050
1.88720E+06,4.26260
1.88810E+06,3.94760
1.88920E+06,4.26990
1.89050E+06,3.79960
1.89090E+06,3.89490
1.89100E+06,3.87590
1.89230E+06,4.70560
1.89250E+06,4.66160
1.89310E+06,4.80050
1.89380E+06,4.61000
1.89400E+06,4.63340
1.89510E+06,4.16750
1.89550E+06,4.17840
1.89590E+06,4.16310
1.89610E+06,4.23540
1.89630E+06,4.19720
1.89720E+06,4.64820
1.89780E+06,4.30500
1.89790E+06,4.37000
1.89870E+06,4.08140
1.89930E+06,4.18440
1.89940E+06,4.14960
1.90000E+06,4.28423
1.90020E+06,4.32910
1.90040E+06,4.29720
1.90060E+06,4.31570
1.90240E+06,3.40660
1.90260E+06,3.37670
1.90340E+06,3.98250
1.90360E+06,3.96940
1.90380E+06,4.04580
1.90410E+06,4.03200
1.90430E+06,4.10820
1.90450E+06,4.10800
1.90470E+06,4.11390
1.90580E+06,3.49540
1.90710E+06,3.18710
1.90750E+06,3.30850
1.90830E+06,4.10340
1.90860E+06,4.14530
1.90920E+06,4.03860
1.90940E+06,4.04090
1.90960E+06,4.02800
1.91070E+06,4.71830
1.91090E+06,4.91510
1.91300E+06,4.15640
1.91320E+06,4.22000
1.91430E+06,3.62750
1.91510E+06,3.81280
1.91600E+06,3.47710
1.91620E+06,3.57020
1.91660E+06,3.54280
1.91810E+06,4.10430
1.91830E+06,4.09090
1.91870E+06,4.24810
1.91880E+06,4.24730
1.91900E+06,4.25520
1.91960E+06,4.12340
1.92020E+06,4.22090
1.92070E+06,4.13950
1.92090E+06,4.14460
1.92110E+06,4.07070
1.92130E+06,4.14450
1.92230E+06,3.90990
1.92300E+06,3.44500
1.92320E+06,3.45390
1.92440E+06,2.82150
1.92470E+06,2.74290
1.92530E+06,3.12730
1.92610E+06,4.20540
1.92650E+06,4.37840
1.92740E+06,4.00490
1.92800E+06,4.09980
1.92820E+06,4.04570
1.92860E+06,4.25260
1.93010E+06,3.75770
1.93180E+06,4.09280
1.93340E+06,3.68630
1.93380E+06,3.75620
1.93410E+06,3.63700
1.93470E+06,3.72770
1.93490E+06,3.72110
1.93530E+06,3.83160
1.93610E+06,3.77370
1.93630E+06,3.86060
1.93650E+06,3.84870
1.93700E+06,4.25590
1.93720E+06,4.39320
1.93780E+06,4.26810
1.93800E+06,4.39270
1.93890E+06,4.01330
1.93910E+06,4.01910
1.93950E+06,3.88420
1.93970E+06,3.94260
1.94010E+06,3.69100
1.94030E+06,3.69450
1.94050E+06,3.54090
1.94070E+06,3.54140
1.94150E+06,3.34570
1.94170E+06,3.48700
1.94190E+06,3.41790
1.94220E+06,3.48500
1.94280E+06,3.36170
1.94300E+06,3.36440
1.94340E+06,3.33930
1.94380E+06,3.41100
1.94460E+06,3.12150
1.94510E+06,2.88790
1.94530E+06,2.87990
1.94570E+06,3.18140
1.94590E+06,3.17020
1.94610E+06,3.27400
1.94710E+06,3.12510
1.94810E+06,3.39190
1.94880E+06,3.80310
1.94900E+06,3.81540
1.94920E+06,3.78700
1.95040E+06,4.18370
1.95190E+06,3.50460
1.95210E+06,3.51250
1.95250E+06,3.45070
1.95330E+06,3.69140
1.95350E+06,3.61860
1.95430E+06,3.85620
1.95450E+06,3.84380
1.95490E+06,4.07330
1.95530E+06,4.03400
1.95550E+06,4.05180
1.95590E+06,4.00300
1.95600E+06,4.01010
1.95620E+06,4.00300
1.95640E+06,4.09030
1.95740E+06,3.90400
1.95760E+06,3.81380
1.95780E+06,3.84510
1.95800E+06,3.80490
1.95820E+06,3.90890
1.95880E+06,3.81440
1.95900E+06,3.85220
1.95940E+06,3.69270
1.95960E+06,3.74410
1.95980E+06,3.64970
1.96000E+06,3.66860
1.96040E+06,3.61720
1.96060E+06,3.68510
1.96070E+06,3.58270
1.96090E+06,3.77550
1.96130E+06,3.67660
1.96150E+06,3.74000
1.96230E+06,3.60620
1.96310E+06,3.95520
1.96330E+06,3.91650
1.96430E+06,4.23070
1.96450E+06,4.39080
1.96570E+06,4.02800
1.96630E+06,4.11560
1.96760E+06,3.46950
1.96800E+06,3.53490
1.96820E+06,3.48110
1.96840E+06,3.50020
1.96940E+06,3.16460
1.96960E+06,3.22710
1.96980E+06,3.19410
1.97100E+06,3.84120
1.97120E+06,3.85450
1.97220E+06,3.44380
1.97300E+06,3.34720
1.97320E+06,3.36110
1.97400E+06,3.20780
1.97460E+06,3.65770
1.97590E+06,3.09830
1.97650E+06,3.05220
1.97770E+06,3.42100
1.97790E+06,3.30640
1.97910E+06,3.62510
1.98090E+06,4.42560
1.98150E+06,4.14880
1.98170E+06,4.17520
1.98210E+06,4.12170
1.98290E+06,4.35010
1.98570E+06,3.33430
1.98590E+06,3.36550
1.98670E+06,3.12380
1.98690E+06,3.14710
1.98710E+06,3.12990
1.98850E+06,3.65310
1.98910E+06,3.43110
1.98930E+06,3.44980
1.98950E+06,3.43390
1.98990E+06,3.55160
1.99030E+06,3.45300
1.99050E+06,3.47080
1.99130E+06,3.32240
1.99270E+06,3.65530
1.99330E+06,4.10460
1.99370E+06,4.05240
1.99410E+06,4.09930
1.99550E+06,3.20440
1.99610E+06,3.09820
1.99630E+06,3.14150
1.99650E+06,3.12030
1.99750E+06,3.36050
1.99790E+06,3.33870
1.99820E+06,3.44040
1.99840E+06,3.40180
2.00000E+06,3.93220
2.00020E+06,3.99850
2.00080E+06,3.85920
2.00100E+06,3.87480
2.00140E+06,3.69450
2.00160E+06,3.70440
2.00200E+06,3.61950
2.00240E+06,3.68540
2.00260E+06,3.62970
2.00280E+06,3.64380
2.00340E+06,3.41000
2.00440E+06,3.56340
2.00460E+06,3.55430
2.00610E+06,3.86060
2.00630E+06,3.86010
2.00650E+06,3.88920
2.00690E+06,3.80750
2.00710E+06,3.85120
2.00730E+06,3.83910
2.00750E+06,3.87920
2.00770E+06,3.85950
2.00790E+06,3.91480
2.00810E+06,3.85010
2.00830E+06,3.86420
2.00850E+06,3.77370
2.00890E+06,3.92190
2.00910E+06,3.91710
2.00930E+06,4.01220
2.00950E+06,3.87800
2.00970E+06,3.88030
2.01030E+06,3.60210
2.01130E+06,3.96820
2.01180E+06,3.93400
2.01260E+06,4.09530
2.01280E+06,4.07820
2.01380E+06,4.52580
2.01480E+06,4.22020
2.01500E+06,4.32770
2.01520E+06,4.20270
2.01540E+06,4.21930
2.01600E+06,4.13610
2.01620E+06,4.22740
2.01640E+06,4.21380
2.01690E+06,4.37900
2.01750E+06,4.32130
2.01770E+06,4.32760
2.01810E+06,4.22340
2.01830E+06,4.25600
2.01850E+06,4.24600
2.01870E+06,4.27220
2.01910E+06,4.14140
2.01930E+06,4.21730
2.02010E+06,4.11130
2.02060E+06,4.22320
2.02180E+06,3.69920
2.02200E+06,3.70490
2.02220E+06,3.65250
2.02340E+06,4.59850
2.02510E+06,3.87910
2.02550E+06,3.74450
2.02570E+06,3.75480
2.02610E+06,3.64830
2.02630E+06,3.64970
2.02650E+06,3.58490
2.02690E+06,3.72750
2.02780E+06,3.39790
2.02800E+06,3.40480
2.02880E+06,3.24800
2.02940E+06,3.39050
2.02960E+06,3.27430
2.02980E+06,3.28350
2.03000E+06,3.18150
2.03060E+06,3.43850
2.03110E+06,3.70600
2.03130E+06,3.69980
2.03250E+06,4.85020
2.03370E+06,4.43450
2.03500E+06,3.50680
2.03580E+06,3.06820
2.03730E+06,3.44980
2.03770E+06,3.38160
2.03850E+06,3.56250
2.03940E+06,3.19240
2.03960E+06,3.19480
2.04000E+06,3.04150
2.04120E+06,3.38170
2.04210E+06,4.03340
2.04350E+06,3.30290
2.04370E+06,3.29350
2.04390E+06,3.32880
2.04420E+06,3.31460
2.04440E+06,3.32420
2.04460E+06,3.24430
2.04480E+06,3.28810
2.04500E+06,3.14070
2.04520E+06,3.19210
2.04540E+06,3.11570
2.04620E+06,3.29890
2.04690E+06,3.12360
2.04790E+06,3.35650
2.04810E+06,3.43890
2.04850E+06,3.25110
2.05020E+06,3.84740
2.05090E+06,3.72320
2.05130E+06,3.78600
2.05230E+06,3.47200
2.05340E+06,3.79230
2.05360E+06,3.75380
2.05380E+06,3.77180
2.05420E+06,3.63610
2.05440E+06,3.66100
2.05570E+06,3.17390
2.05590E+06,3.28530
2.05630E+06,3.16310
2.05740E+06,3.32960
2.05780E+06,3.30920
2.05820E+06,3.43860
2.05840E+06,3.41650
2.05860E+06,3.45170
2.05890E+06,3.41490
2.06030E+06,3.87380
2.06080E+06,4.13660
2.06200E+06,3.90310
2.06240E+06,3.94100
2.06270E+06,3.93750
2.06330E+06,3.99080
2.06350E+06,3.96900
2.06410E+06,4.01030
2.06560E+06,3.63280
2.06650E+06,3.30440
2.06710E+06,3.60410
2.06770E+06,4.27820
2.06900E+06,4.78720
2.07070E+06,3.87600
2.07110E+06,3.90340
2.07180E+06,3.83020
2.07220E+06,4.00250
2.07240E+06,3.95230
2.07280E+06,4.07120
2.07330E+06,3.87420
2.07350E+06,3.90370
2.07410E+06,3.70230
2.07430E+06,3.73320
2.07460E+06,3.68050
2.07480E+06,3.74470
2.07500E+06,3.73500
2.07520E+06,3.74690
2.07650E+06,3.38200
2.07670E+06,3.40010
2.07690E+06,3.30010
2.07780E+06,3.47180
2.07860E+06,4.03550
2.07880E+06,3.99580
2.07950E+06,4.16010
2.07970E+06,4.09730
2.08030E+06,4.19020
2.08100E+06,4.03360
2.08120E+06,4.03480
2.08230E+06,3.73470
2.08330E+06,3.10050
2.08440E+06,2.87560
2.08480E+06,2.91800
2.08510E+06,2.91200
2.08610E+06,3.39430
2.08640E+06,3.38230
2.08660E+06,3.47630
2.08680E+06,3.45120
2.08700E+06,3.48260
2.08720E+06,3.46410
2.08770E+06,3.52860
2.08810E+06,3.44510
2.08870E+06,3.65980
2.08920E+06,3.84690
2.08960E+06,3.80740
2.08980E+06,3.83130
2.09000E+06,3.82760
2.09110E+06,4.35340
2.09130E+06,4.33860
2.09150E+06,4.34460
2.09200E+06,4.24670
2.09280E+06,4.46030
2.09330E+06,4.64090
2.09460E+06,4.13800
2.09480E+06,4.15360
2.09700E+06,3.42860
2.09780E+06,3.70440
2.09810E+06,3.89117
2.09850E+06,4.14020
2.09870E+06,4.11500
2.09890E+06,4.18230
2.09898E+06,4.16337
2.09898E+06,4.16289
2.09950E+06,4.03941
2.09965E+06,4.00369
2.10000E+06,3.92033
2.10020E+06,3.87270
2.10060E+06,3.57520
2.10090E+06,3.57940
2.10110E+06,3.55460
2.10190E+06,3.92830
2.10260E+06,3.81570
2.10350E+06,4.05910
2.10500E+06,3.65240
2.10540E+06,3.86260
2.10570E+06,3.77350
2.10630E+06,4.09610
2.10650E+06,4.12330
2.10760E+06,3.92590
2.10830E+06,3.55910
2.10890E+06,3.36120
2.10920E+06,3.37730
2.10960E+06,3.34140
2.11030E+06,3.46800
2.11070E+06,3.36130
2.11160E+06,3.45700
2.11200E+06,3.45040
2.11290E+06,3.91110
2.11330E+06,4.54790
2.11380E+06,4.62950
2.11510E+06,3.96940
2.11530E+06,3.97640
2.11640E+06,3.72380
2.11880E+06,4.38030
2.11970E+06,4.20570
2.12040E+06,4.28250
2.12080E+06,4.15310
2.12100E+06,4.16480
2.12210E+06,3.98240
2.12320E+06,4.14680
2.12370E+06,3.97830
2.12430E+06,3.66310
2.12590E+06,4.49130
2.12630E+06,4.51400
2.12660E+06,4.50130
2.12680E+06,4.57210
2.12700E+06,4.52650
2.12720E+06,4.61680
2.12740E+06,4.56100
2.12770E+06,4.62530
2.12790E+06,4.60810
2.12860E+06,4.78800
2.13140E+06,3.91690
2.13190E+06,4.01860
2.13320E+06,3.57260
2.13390E+06,3.51440
2.13410E+06,3.54440
2.13460E+06,3.46020
2.13500E+06,3.46440
2.13520E+06,3.38200
2.13610E+06,3.61950
2.13630E+06,3.58940
2.13700E+06,3.71550
2.13720E+06,3.69320
2.13750E+06,3.76960
2.13770E+06,3.74380
2.13790E+06,3.83630
2.13830E+06,3.75720
2.13990E+06,4.19000
2.14040E+06,4.06810
2.14060E+06,4.15270
2.14100E+06,4.11410
2.14240E+06,4.46300
2.14260E+06,4.32050
2.14280E+06,4.34690
2.14390E+06,3.90390
2.14460E+06,3.98940
2.14530E+06,4.27110
2.14600E+06,4.13960
2.14620E+06,4.16100
2.14780E+06,3.64380
2.15000E+06,4.49010
2.15160E+06,3.98830
2.15230E+06,4.11360
2.15250E+06,4.07900
2.15320E+06,4.32990
2.15340E+06,4.27370
2.15360E+06,4.28900
2.15540E+06,3.44440
2.15610E+06,3.54250
2.15700E+06,3.39500
2.15840E+06,3.91010
2.15970E+06,4.64530
2.16000E+06,4.54550
2.16020E+06,4.55960
2.16180E+06,3.90160
2.16270E+06,4.69500
2.16470E+06,4.13920
2.16500E+06,4.14520
2.16610E+06,3.84190
2.16660E+06,3.90050
2.16790E+06,3.49340
2.16820E+06,3.50860
2.16860E+06,3.40110
2.16910E+06,3.63300
2.17000E+06,4.43120
2.17020E+06,4.45500
2.17050E+06,4.38690
2.17070E+06,4.44490
2.17140E+06,4.30490
2.17180E+06,4.45190
2.17410E+06,3.87010
2.17530E+06,4.29130
2.17660E+06,3.98990
2.17690E+06,4.01680
2.17710E+06,3.99340
2.17730E+06,4.09360
2.17800E+06,3.91740
2.17820E+06,3.92690
2.17920E+06,3.74070
2.18010E+06,3.82130
2.18050E+06,3.76510
2.18080E+06,3.78870
2.18100E+06,3.74810
2.18190E+06,3.95740
2.18280E+06,3.74500
2.18310E+06,3.78690
2.18420E+06,3.61590
2.18450E+06,3.64670
2.18520E+06,3.46730
2.18540E+06,3.54610
2.18580E+06,3.44720
2.18610E+06,3.45020
2.18650E+06,3.30720
2.18720E+06,3.38340
2.18750E+06,3.32100
2.18770E+06,3.34800
2.18810E+06,3.23320
2.18840E+06,3.28640
2.18860E+06,3.19070
2.18910E+06,3.25840
2.18930E+06,3.25390
2.18950E+06,3.35860
2.18980E+06,3.29760
2.19050E+06,3.40990
2.19070E+06,3.40540
2.19090E+06,3.46750
2.19120E+06,3.44070
2.19190E+06,3.59690
2.19210E+06,3.51680
2.19230E+06,3.54710
2.19280E+06,3.45520
2.19370E+06,3.65260
2.19460E+06,3.53700
2.19600E+06,3.72120
2.19630E+06,3.71930
2.19650E+06,3.79550
2.19700E+06,3.72970
2.19720E+06,3.76420
2.19740E+06,3.63680
2.19880E+06,3.81730
2.19910E+06,3.75400
2.19930E+06,3.79060
2.19950E+06,3.72380
2.20000E+06,3.77500
2.20070E+06,3.66280
2.20140E+06,3.86820
2.20210E+06,4.18930
2.20260E+06,4.20270
2.20400E+06,3.62920
2.20420E+06,3.65080
2.20440E+06,3.55930
2.20560E+06,4.01330
2.20650E+06,3.67510
2.20680E+06,3.70340
2.20700E+06,3.68670
2.20730E+06,3.70100
2.20750E+06,3.62710
2.20770E+06,3.65540
2.20790E+06,3.65160
2.20910E+06,3.83440
2.20940E+06,3.82270
2.21010E+06,3.99060
2.21030E+06,3.95180
2.21050E+06,3.98750
2.21080E+06,3.96490
2.21100E+06,4.00030
2.21150E+06,3.97120
2.21190E+06,4.02130
2.21220E+06,3.95690
2.21380E+06,4.44180
2.21430E+06,4.36100
2.21500E+06,4.51570
2.21520E+06,4.49150
2.21590E+06,4.61250
2.21780E+06,3.80790
2.21810E+06,3.82780
2.21830E+06,3.74760
2.21850E+06,3.76960
2.21930E+06,3.58210
2.21950E+06,3.61320
2.21970E+06,3.50610
2.22020E+06,3.52350
2.22070E+06,3.47450
2.22280E+06,4.15240
2.22420E+06,3.42760
2.22520E+06,3.09010
2.22540E+06,3.12680
2.22560E+06,3.08010
2.22640E+06,3.27770
2.22660E+06,3.23360
2.22730E+06,3.29100
2.22800E+06,3.72370
2.22850E+06,3.83340
2.22900E+06,3.74020
2.22920E+06,3.79400
2.22970E+06,3.67690
2.22990E+06,3.72540
2.23110E+06,3.41480
2.23130E+06,3.53910
2.23160E+06,3.52230
2.23318E+06,3.90143
2.23370E+06,4.02620
2.23400E+06,4.00730
2.23470E+06,4.19240
2.23610E+06,3.61020
2.23660E+06,3.79110
2.23680E+06,3.94590
2.23710E+06,3.90730
2.23830E+06,4.55620
2.23920E+06,4.17370
2.23950E+06,4.21240
2.23970E+06,4.17940
2.24070E+06,4.36200
2.24260E+06,3.97640
2.24310E+06,3.67630
2.24380E+06,3.82070
2.24400E+06,3.81390
2.24470E+06,3.94610
2.24600E+06,3.53030
2.24690E+06,3.90480
2.24720E+06,3.85610
2.24740E+06,3.89320
2.24790E+06,3.76470
2.24810E+06,3.77000
2.24840E+06,3.66860
2.24980E+06,3.90290
2.25000E+06,3.86967
2.25050E+06,3.78660
2.25130E+06,4.07430
2.25220E+06,3.76690
2.25340E+06,4.25310
2.25510E+06,3.50070
2.25540E+06,3.54200
2.25590E+06,3.46040
2.25760E+06,4.01990
2.25920E+06,3.27490
2.25950E+06,3.26160
2.26000E+06,3.34520
2.26120E+06,3.09430
2.26140E+06,3.12310
2.26220E+06,2.98710
2.26260E+06,3.08550
2.26290E+06,3.07130
2.26310E+06,3.14200
2.26340E+06,3.13780
2.26460E+06,3.90580
2.26560E+06,4.46990
2.26730E+06,3.76480
2.26750E+06,3.78410
2.26900E+06,3.53880
2.26970E+06,3.74010
2.27040E+06,3.43860
2.27090E+06,3.40650
2.27190E+06,3.59760
2.27240E+06,3.47360
2.27310E+06,3.67390
2.27340E+06,3.65560
2.27360E+06,3.67760
2.27390E+06,3.61010
2.27410E+06,3.61990
2.27440E+06,3.53750
2.27510E+06,3.70660
2.27530E+06,3.68350
2.27580E+06,3.70450
2.27630E+06,3.64610
2.27710E+06,3.97390
2.27730E+06,3.92990
2.27780E+06,4.05730
2.27800E+06,3.92060
2.27830E+06,3.95300
2.27880E+06,3.84700
2.27930E+06,3.88970
2.27950E+06,3.76700
2.27980E+06,3.79980
2.28030E+06,3.75740
2.28050E+06,3.80700
2.28080E+06,3.79890
2.28200E+06,4.43420
2.28300E+06,4.33240
2.28320E+06,4.34790
2.28470E+06,3.94250
2.28490E+06,3.94280
2.28540E+06,3.88470
2.28620E+06,4.08180
2.28670E+06,3.93160
2.28790E+06,4.11260
2.28840E+06,4.05110
2.28990E+06,4.37340
2.29060E+06,4.26510
2.29110E+06,4.41390
2.29260E+06,3.76150
2.29290E+06,3.78280
2.29310E+06,3.68110
2.29490E+06,4.88590
2.29540E+06,4.94160
2.29680E+06,4.52100
2.29730E+06,4.59870
2.29910E+06,3.95860
2.29980E+06,4.23660
2.30000E+06,4.19027
2.30010E+06,4.16710
2.30030E+06,4.20680
2.30110E+06,4.00140
2.30160E+06,4.08760
2.30230E+06,3.84710
2.30310E+06,3.43650
2.30360E+06,3.47450
2.30460E+06,4.35080
2.30510E+06,4.45920
2.30630E+06,4.15820
2.30660E+06,4.15840
2.30860E+06,3.43480
2.30980E+06,3.87270
2.31010E+06,3.86760
2.31030E+06,3.90700
2.31060E+06,3.79960
2.31080E+06,3.85500
2.31230E+06,3.62370
2.31330E+06,4.17120
2.31490E+06,3.63730
2.31510E+06,3.66230
2.31590E+06,3.51170
2.31690E+06,3.69340
2.31810E+06,3.26690
2.31890E+06,3.37140
2.31920E+06,3.33870
2.31940E+06,3.41630
2.31970E+06,3.39160
2.32040E+06,3.52800
2.32070E+06,3.51790
2.32090E+06,3.51880
2.32220E+06,3.19700
2.32290E+06,3.48070
2.32390E+06,4.02670
2.32420E+06,4.05780
2.32570E+06,3.59980
2.32600E+06,3.63650
2.32780E+06,3.36720
2.32800E+06,3.44260
2.32830E+06,3.36460
2.32850E+06,3.39140
2.32880E+06,3.33560
2.32930E+06,3.41260
2.32950E+06,3.35120
2.33110E+06,3.73200
2.33230E+06,4.18100
2.33330E+06,3.80290
2.33360E+06,3.81250
2.33490E+06,3.28510
2.33510E+06,3.37390
2.33540E+06,3.31380
2.33560E+06,3.32940
2.33620E+06,3.29760
2.33640E+06,3.42380
2.33670E+06,3.40590
2.33770E+06,3.74730
2.33850E+06,3.67890
2.33870E+06,3.70630
2.33900E+06,3.69790
2.33950E+06,3.80640
2.34000E+06,3.74410
2.34100E+06,4.16500
2.34200E+06,4.60590
2.34230E+06,4.61120
2.34330E+06,4.11470
2.34360E+06,4.12490
2.34430E+06,4.01810
2.34490E+06,4.05780
2.34510E+06,4.00410
2.34610E+06,4.33840
2.34640E+06,4.32110
2.34670E+06,4.37170
2.34820E+06,3.86310
2.34850E+06,3.87580
2.34870E+06,3.77650
2.34920E+06,3.88140
2.35100E+06,3.38110
2.35130E+06,3.39910
2.35310E+06,3.24910
2.35330E+06,3.16350
2.35390E+06,3.27030
2.35520E+06,3.00000
2.35540E+06,3.02020
2.35570E+06,3.01910
2.35590E+06,3.12160
2.35620E+06,3.03940
2.35670E+06,3.10430
2.35699E+06,3.06119
2.35700E+06,3.05970
2.35750E+06,3.09450
2.35770E+06,3.03700
2.35830E+06,3.10080
2.35900E+06,3.42110
2.35930E+06,3.43200
2.36030E+06,3.20560
2.36220E+06,3.86330
2.36240E+06,3.80630
2.36270E+06,3.88370
2.36290E+06,3.83800
2.36320E+06,3.94420
2.36340E+06,3.93880
2.36370E+06,4.00730
2.36400E+06,3.99420
2.36420E+06,4.00630
2.36530E+06,3.88400
2.36550E+06,3.90950
2.36580E+06,3.90550
2.36600E+06,4.02740
2.36660E+06,3.98380
2.36680E+06,4.06220
2.36760E+06,3.99800
2.36870E+06,4.09110
2.36890E+06,4.07910
2.36940E+06,4.22680
2.36970E+06,4.22070
2.37000E+06,4.22680
2.37180E+06,3.81800
2.37280E+06,4.06880
2.37310E+06,4.00830
2.37410E+06,4.44200
2.37470E+06,4.43060
2.37490E+06,4.46060
2.37570E+06,4.23780
2.37620E+06,4.35630
2.37700E+06,4.29100
2.37730E+06,4.30100
2.37780E+06,4.22240
2.37830E+06,4.33070
2.38040E+06,3.96600
2.38150E+06,3.56290
2.38170E+06,3.58410
2.38250E+06,3.51410
2.38280E+06,3.54540
2.38300E+06,3.50300
2.38330E+06,3.54870
2.38360E+06,3.47330
2.38380E+06,3.51620
2.38410E+06,3.45060
2.38440E+06,3.46520
2.38460E+06,3.43900
2.38490E+06,3.53520
2.38540E+06,3.42320
2.38570E+06,3.45090
2.38590E+06,3.44080
2.38620E+06,3.44910
2.38700E+06,3.37390
2.38780E+06,3.63590
2.38830E+06,3.61180
2.38910E+06,3.77080
2.38960E+06,3.68010
2.38990E+06,3.68960
2.39020E+06,3.65580
2.39100E+06,4.00790
2.39150E+06,4.05310
2.39230E+06,3.98410
2.39250E+06,4.00190
2.39310E+06,3.90170
2.39360E+06,3.93890
2.39390E+06,3.85690
2.39410E+06,3.88640
2.39440E+06,3.84730
2.39570E+06,4.15820
2.39650E+06,3.81010
2.39730E+06,3.52800
2.39790E+06,3.59030
2.39860E+06,3.54920
2.40000E+06,3.97340
2.40020E+06,4.03400
2.40050E+06,4.00420
2.40080E+06,4.06850
2.40100E+06,3.99020
2.40130E+06,4.05990
2.40160E+06,3.90620
2.40210E+06,4.08040
2.40240E+06,4.04150
2.40260E+06,4.12030
2.40400E+06,3.59180
2.40420E+06,3.60670
2.40450E+06,3.54970
2.40480E+06,3.61960
2.40500E+06,3.58160
2.40530E+06,3.73240
2.40610E+06,3.64730
2.40640E+06,3.68430
2.40660E+06,3.65890
2.40770E+06,3.98550
2.40820E+06,3.87700
2.40900E+06,3.98160
2.41060E+06,3.51420
2.41250E+06,3.77230
2.41330E+06,3.70910
2.41570E+06,4.34260
2.41600E+06,4.29180
2.41630E+06,4.32090
2.41760E+06,3.99360
2.41790E+06,4.04030
2.41810E+06,4.03980
2.41900E+06,4.32350
2.42030E+06,3.82650
2.42060E+06,3.82860
2.42190E+06,3.40150
2.42300E+06,3.64430
2.42430E+06,4.39800
2.42460E+06,4.37470
2.42490E+06,4.41280
2.42760E+06,3.82960
2.42890E+06,4.20630
2.43000E+06,3.93670
2.43030E+06,4.00390
2.43060E+06,3.99120
2.43110E+06,4.13570
2.43270E+06,3.64360
2.43300E+06,3.65210
2.43410E+06,3.42970
2.43490E+06,3.70340
2.43520E+06,3.69930
2.43570E+06,3.72720
2.43600E+06,3.62860
2.43630E+06,3.69050
2.43650E+06,3.68050
2.43680E+06,3.78950
2.43710E+06,3.73790
2.43760E+06,3.92420
2.43790E+06,3.91210
2.43820E+06,3.92210
2.43840E+06,3.86430
2.43870E+06,3.86930
2.43950E+06,3.63300
2.43980E+06,3.69440
2.44010E+06,3.69260
2.44030E+06,3.78680
2.44060E+06,3.77400
2.44090E+06,3.78940
2.44200E+06,3.49730
2.44230E+06,3.55480
2.44310E+06,3.48870
2.44390E+06,3.80770
2.44420E+06,3.80620
2.44470E+06,3.87320
2.44530E+06,3.82230
2.44550E+06,3.85470
2.44610E+06,3.66160
2.44630E+06,3.73060
2.44720E+06,3.59600
2.44830E+06,3.79640
2.44850E+06,3.78510
2.44990E+06,4.04970
2.45100E+06,3.60350
2.45130E+06,3.67910
2.45160E+06,3.65960
2.45320E+06,4.47920
2.45350E+06,4.45210
2.45400E+06,4.57400
2.45510E+06,4.49580
2.45540E+06,4.51180
2.45710E+06,3.80700
2.45730E+06,3.83920
2.45760E+06,3.83090
2.45810E+06,3.85220
2.45840E+06,3.76950
2.45848E+06,3.78425
2.45848E+06,3.78444
2.45851E+06,3.78938
2.45853E+06,3.79299
2.45950E+06,3.96830
2.46090E+06,3.58400
2.46200E+06,3.76120
2.46310E+06,3.56450
2.46420E+06,3.79200
2.46450E+06,3.77950
2.46560E+06,4.11480
2.46590E+06,4.07470
2.46640E+06,4.09450
2.46730E+06,4.00030
2.46810E+06,4.11610
2.46840E+06,4.06520
2.46890E+06,4.22030
2.46920E+06,4.21530
2.47060E+06,4.63040
2.47140E+06,4.47800
2.47230E+06,4.64180
2.47390E+06,4.45690
2.47420E+06,4.46890
2.47560E+06,3.96510
2.47590E+06,4.05670
2.47620E+06,3.99630
2.47640E+06,4.10140
2.47670E+06,4.02610
2.47700E+06,4.11460
2.48060E+06,3.44540
2.48120E+06,3.47810
2.48170E+06,3.39900
2.48200E+06,3.40820
2.48230E+06,3.38070
2.48260E+06,3.38250
2.48340E+06,3.28990
2.48540E+06,4.20550
2.48650E+06,4.06140
2.48680E+06,4.07190
2.48710E+06,4.01380
2.48760E+06,4.05320
2.48790E+06,3.91150
2.48820E+06,3.96730
2.48870E+06,3.93080
2.48930E+06,4.08130
2.48960E+06,4.04550
2.49040E+06,4.15640
2.49070E+06,4.12040
2.49100E+06,4.17750
2.49180E+06,4.03730
2.49300E+06,3.43290
2.49490E+06,4.16940
2.49533E+06,4.09936
2.49580E+06,4.02280
2.49630E+06,4.04870
2.49720E+06,3.75670
2.49750E+06,3.84240
2.49770E+06,3.74300
2.49800E+06,3.78890
2.49830E+06,3.73240
2.49890E+06,3.88180
2.49920E+06,3.83920
2.49970E+06,3.88530
2.50000E+06,3.79020
2.50090E+06,3.50490
2.50110E+06,3.52070
2.50140E+06,3.32230
2.50170E+06,3.43740
2.50200E+06,3.40830
2.50260E+06,3.44130
2.50280E+06,3.40820
2.50310E+06,3.42410
2.50400E+06,3.21340
2.50540E+06,3.66470
2.50590E+06,3.61780
2.50620E+06,3.61940
2.50650E+06,3.60810
2.50680E+06,3.63240
2.50710E+06,3.58700
2.50770E+06,3.70890
2.50790E+06,3.68700
2.50820E+06,3.71280
2.50850E+06,3.68560
2.50990E+06,4.11170
2.51020E+06,4.09800
2.51250E+06,4.85660
2.51420E+06,3.82990
2.51450E+06,3.79960
2.51510E+06,3.92170
2.51530E+06,3.89400
2.51560E+06,3.91590
2.51730E+06,3.34180
2.51760E+06,3.36180
2.51790E+06,3.28590
2.51990E+06,3.57110
2.52020E+06,3.45810
2.52080E+06,3.49020
2.52130E+06,3.44720
2.52280E+06,3.75210
2.52310E+06,3.65360
2.52420E+06,3.81970
2.52450E+06,3.79600
2.52480E+06,3.83540
2.52510E+06,3.82840
2.52760E+06,4.36920
2.52880E+06,3.88130
2.52990E+06,4.06200
2.53050E+06,3.96790
2.53140E+06,4.05920
2.53170E+06,4.03990
2.53340E+06,4.46850
2.53370E+06,4.35020
2.53400E+06,4.35650
2.53510E+06,3.85150
2.53540E+06,3.88780
2.53600E+06,3.71060
2.53920E+06,4.33400
2.54120E+06,3.94350
2.54350E+06,4.32460
2.54380E+06,4.29460
2.54410E+06,4.33230
2.54530E+06,4.04160
2.54560E+06,4.07170
2.54670E+06,3.84040
2.54700E+06,3.88010
2.54730E+06,3.83540
2.54790E+06,3.92950
2.54820E+06,3.88150
2.54850E+06,3.92130
2.54900E+06,3.90200
2.55050E+06,4.25920
2.55080E+06,4.21850
2.55110E+06,4.23600
2.55200E+06,3.95470
2.55220E+06,3.99180
2.55280E+06,3.94470
2.55370E+06,4.03140
2.55400E+06,3.97250
2.55430E+06,4.00480
2.55490E+06,3.89680
2.55600E+06,4.26940
2.55660E+06,4.17890
2.55690E+06,4.20590
2.55720E+06,4.17990
2.55750E+06,4.26710
2.55780E+06,4.19500
2.55930E+06,4.66950
2.56100E+06,4.10340
2.56160E+06,4.16730
2.56190E+06,4.06360
2.56220E+06,4.07130
2.56310E+06,3.88340
2.56450E+06,4.27420
2.56510E+06,4.07550
2.56600E+06,4.15000
2.56630E+06,4.12400
2.56810E+06,4.42610
2.56900E+06,4.36550
2.56980E+06,4.54650
2.57010E+06,4.54410
2.57040E+06,4.54940
2.57070E+06,4.50230
2.57190E+06,4.68420
2.57220E+06,4.66250
2.57250E+06,4.73470
2.57340E+06,4.45330
2.57370E+06,4.56860
2.57400E+06,4.56210
2.57430E+06,4.60750
2.57600E+06,4.15430
2.57660E+06,4.21490
2.57810E+06,3.83630
2.57840E+06,3.88720
2.57870E+06,3.86770
2.57930E+06,3.95580
2.57960E+06,3.85950
2.58050E+06,4.07230
2.58080E+06,4.07170
2.58340E+06,4.80000
2.58490E+06,4.37040
2.58580E+06,3.94630
2.58670E+06,4.14950
2.58820E+06,3.88800
2.58970E+06,4.22890
2.59150E+06,3.91920
2.59210E+06,3.98010
2.59240E+06,3.89120
2.59300E+06,3.99090
2.59450E+06,3.86050
2.59470E+06,3.95110
2.59682E+06,3.58524
2.59682E+06,3.58506
2.59784E+06,3.40855
2.59800E+06,3.38090
2.59890E+06,3.72090
2.59920E+06,3.70830
2.59950E+06,3.71200
2.59980E+06,3.63560
2.60000E+06,3.68077
2.60130E+06,3.97440
2.60220E+06,3.83600
2.60250E+06,3.90870
2.60370E+06,3.75120
2.60490E+06,4.14890
2.60550E+06,4.12410
2.60770E+06,4.65970
2.60860E+06,4.61200
2.60920E+06,4.71010
2.60950E+06,4.52860
2.60980E+06,4.54760
2.61040E+06,4.46070
2.61070E+06,4.55310
2.61100E+06,4.49710
2.61130E+06,4.53910
2.61160E+06,4.46910
2.61190E+06,4.53220
2.61220E+06,4.53030
2.61250E+06,4.69690
2.61400E+06,4.25700
2.61430E+06,4.26250
2.61490E+06,4.17760
2.61550E+06,4.26870
2.61580E+06,4.25480
2.61610E+06,4.37040
2.61670E+06,4.32250
2.61700E+06,4.35220
2.61880E+06,3.94480
2.61970E+06,4.14150
2.62000E+06,4.13250
2.62370E+06,5.08850
2.62400E+06,5.06630
2.62430E+06,5.09630
2.62520E+06,4.89860
2.62550E+06,4.94190
2.62920E+06,4.15640
2.63070E+06,4.47250
2.63250E+06,4.10790
2.63280E+06,4.10820
2.63530E+06,3.79780
2.63650E+06,4.17270
2.63740E+06,4.22410
2.63890E+06,3.93840
2.63990E+06,4.28450
2.64110E+06,4.12620
2.64140E+06,4.16370
2.64200E+06,4.09920
2.64420E+06,4.51120
2.64480E+06,4.46090
2.64540E+06,4.62670
2.64880E+06,3.71790
2.64910E+06,3.74310
2.64940E+06,3.70060
2.65090E+06,4.28350
2.65148E+06,4.18489
2.65148E+06,4.18472
2.65310E+06,3.90860
2.65370E+06,3.96890
2.65400E+06,3.89050
2.65460E+06,3.96930
2.65490E+06,3.96100
2.65560E+06,4.02040
2.65590E+06,3.93460
2.65650E+06,3.98770
2.65680E+06,3.94970
2.65740E+06,4.06640
2.65900E+06,3.77460
2.65990E+06,3.93390
2.66020E+06,3.92510
2.66080E+06,4.00260
2.66150E+06,3.95100
2.66180E+06,3.96130
2.66240E+06,3.88340
2.66270E+06,4.00740
2.66360E+06,3.91260
2.66460E+06,4.11460
2.66520E+06,4.04310
2.66550E+06,4.08520
2.66580E+06,4.07350
2.66610E+06,4.14690
2.66860E+06,3.76550
2.66890E+06,3.80010
2.66960E+06,3.63460
2.67020E+06,3.66960
2.67110E+06,3.54620
2.67140E+06,3.56470
2.67170E+06,3.56400
2.67270E+06,3.92280
2.67300E+06,3.96620
2.67450E+06,3.50910
2.67490E+06,3.51840
2.67520E+06,3.48100
2.67550E+06,3.49240
2.67580E+06,3.49000
2.67610E+06,3.53000
2.67640E+06,3.51530
2.67670E+06,3.63170
2.67740E+06,3.56880
2.67800E+06,3.60170
2.67830E+06,3.54910
2.68020E+06,3.94640
2.68110E+06,4.25880
2.68140E+06,4.23640
2.68330E+06,4.47290
2.68390E+06,4.33050
2.68430E+06,4.40740
2.68460E+06,4.37940
2.68490E+06,4.40300
2.68680E+06,4.04450
2.68740E+06,4.14110
2.68770E+06,4.09640
2.68870E+06,4.32060
2.68900E+06,4.29780
2.68930E+06,4.31320
2.68960E+06,4.26780
2.68990E+06,4.28540
2.69020E+06,4.24160
2.69060E+06,4.27540
2.69150E+06,4.07650
2.69280E+06,4.42690
2.69400E+06,4.02970
2.69470E+06,4.07040
2.69530E+06,4.05110
2.69590E+06,4.13710
2.69630E+06,4.10790
2.69660E+06,4.15970
2.69850E+06,3.81070
2.69880E+06,3.89830
2.69910E+06,3.88790
2.70000E+06,4.02560
2.70040E+06,4.08680
2.70200E+06,3.90260
2.70260E+06,4.02690
2.70320E+06,3.94330
2.70350E+06,3.97920
2.70640E+06,3.47970
2.70670E+06,3.55260
2.70800E+06,3.44480
2.70900E+06,3.60510
2.70960E+06,3.53790
2.70990E+06,3.56650
2.71060E+06,3.53090
2.71090E+06,3.54210
2.71280E+06,3.25130
2.71380E+06,3.52100
2.71530E+06,3.31940
2.71600E+06,3.40120
2.71630E+06,3.32350
2.71660E+06,3.35240
2.71700E+06,3.26180
2.71860E+06,3.53070
2.71890E+06,3.47660
2.71920E+06,3.58880
2.71950E+06,3.58360
2.72010E+06,3.63840
2.72050E+06,3.60850
2.72080E+06,3.62170
2.72210E+06,3.35980
2.72240E+06,3.38790
2.72340E+06,3.15840
2.72560E+06,3.59070
2.72590E+06,3.57570
2.72630E+06,3.73380
2.72660E+06,3.71600
2.72820E+06,4.07350
2.72850E+06,4.03540
2.72950E+06,4.18310
2.73010E+06,4.40790
2.73041E+06,4.33753
2.73044E+06,4.33072
2.73047E+06,4.32337
2.73047E+06,4.32315
2.73110E+06,4.18090
2.73140E+06,4.18100
2.73270E+06,3.92280
2.73300E+06,3.72080
2.73340E+06,3.72840
2.73400E+06,3.70290
2.73460E+06,3.93920
2.73461E+06,3.93735
2.73500E+06,3.86530
2.73530E+06,3.90130
2.73560E+06,3.82320
2.73590E+06,3.86290
2.73820E+06,3.43740
2.74050E+06,3.78090
2.74080E+06,3.76190
2.74110E+06,3.76930
2.74140E+06,3.72280
2.74280E+06,3.87640
2.74310E+06,3.86440
2.74340E+06,3.88590
2.74470E+06,3.55780
2.74500E+06,3.55260
2.74630E+06,3.80940
2.74660E+06,3.71650
2.74700E+06,3.75100
2.74790E+06,3.49050
2.74830E+06,3.54050
2.74860E+06,3.50420
2.74930E+06,3.69090
2.75000E+06,3.60667
2.75020E+06,3.58260
2.75090E+06,3.61490
2.75190E+06,3.38450
2.75305E+06,3.62392
2.75307E+06,3.62808
2.75308E+06,3.63044
2.75308E+06,3.63065
2.75350E+06,3.71760
2.75380E+06,3.88690
2.75420E+06,3.84080
2.75450E+06,3.87020
2.75480E+06,3.81270
2.75610E+06,4.16800
2.75640E+06,4.14570
2.75680E+06,4.18810
2.75710E+06,3.96940
2.75780E+06,3.97930
2.75810E+06,3.92850
2.76040E+06,4.33840
2.76070E+06,4.17360
2.76100E+06,4.17500
2.76170E+06,4.06000
2.76270E+06,4.20610
2.76400E+06,4.05770
2.76430E+06,4.09150
2.76630E+06,3.46560
2.76690E+06,3.46200
2.76830E+06,3.70690
2.76960E+06,4.12630
2.76990E+06,4.05310
2.77020E+06,4.10780
2.77090E+06,3.97470
2.77120E+06,4.00560
2.77160E+06,3.92960
2.77190E+06,4.03480
2.77220E+06,4.03280
2.77390E+06,4.41550
2.77550E+06,4.01040
2.77650E+06,4.16460
2.77780E+06,3.87260
2.77820E+06,3.96420
2.78020E+06,3.48490
2.78080E+06,3.50460
2.78150E+06,3.39230
2.78350E+06,3.96850
2.78380E+06,3.93100
2.78450E+06,4.04580
2.78480E+06,4.02070
2.78510E+06,4.09440
2.78580E+06,3.91950
2.78710E+06,4.05860
2.78750E+06,4.01970
2.78780E+06,4.06400
2.78810E+06,4.03020
2.78850E+06,4.04540
2.78880E+06,4.04350
2.79010E+06,4.17480
2.79080E+06,4.10020
2.79110E+06,4.13820
2.79180E+06,4.00870
2.79280E+06,4.03070
2.79380E+06,3.86320
2.79510E+06,4.20690
2.79550E+06,4.17840
2.79580E+06,4.23170
2.79610E+06,4.17300
2.79680E+06,4.44580
2.79780E+06,4.32730
2.79810E+06,4.34710
2.79920E+06,4.07380
2.79980E+06,4.16260
2.80000E+06,4.12907
2.80010E+06,4.11230
2.80180E+06,4.33860
2.80220E+06,4.25390
2.80250E+06,4.27280
2.80280E+06,4.27180
2.80450E+06,4.52410
2.80650E+06,4.14660
2.80820E+06,4.55450
2.81160E+06,3.67960
2.81260E+06,3.46500
2.81290E+06,3.57880
2.81330E+06,3.56120
2.81360E+06,3.56510
2.81430E+06,3.40190
2.81460E+06,3.42700
2.81500E+06,3.40140
2.81700E+06,3.66150
2.81800E+06,3.59720
2.81940E+06,3.78460
2.81970E+06,3.76250
2.82000E+06,3.83400
2.82070E+06,3.69510
2.82100E+06,3.76280
2.82140E+06,3.69910
2.82340E+06,4.00770
2.82370E+06,4.00080
2.82410E+06,4.04930
2.82440E+06,4.04550
2.82480E+06,4.11820
2.82510E+06,4.08540
2.82720E+06,4.34630
2.82890E+06,4.00160
2.82950E+06,4.03230
2.82990E+06,4.02110
2.83020E+06,4.03510
2.83060E+06,3.93530
2.83120E+06,3.95250
2.83400E+06,3.49310
2.83460E+06,3.40530
2.83570E+06,3.87580
2.83600E+06,3.79260
2.83740E+06,4.03650
2.83770E+06,4.02480
2.83980E+06,4.43140
2.84150E+06,4.29830
2.84180E+06,4.43750
2.84220E+06,4.35180
2.84250E+06,4.36460
2.84280E+06,4.35550
2.84320E+06,4.42370
2.84350E+06,4.33730
2.84420E+06,4.50000
2.84524E+06,4.29230
2.84524E+06,4.29218
2.84524E+06,4.29198
2.84660E+06,4.02070
2.84800E+06,4.33840
2.84900E+06,4.27660
2.85040E+06,4.49460
2.85280E+06,4.00260
2.85420E+06,4.15590
2.85450E+06,4.14090
2.85560E+06,4.34630
2.85770E+06,3.84790
2.85800E+06,3.95960
2.85900E+06,3.86260
2.85940E+06,3.88630
2.86010E+06,3.82480
2.86250E+06,4.35750
2.86280E+06,4.36360
2.86350E+06,4.26040
2.86390E+06,4.28040
2.86490E+06,4.13260
2.86530E+06,4.19460
2.86630E+06,3.93330
2.86660E+06,3.96190
2.86740E+06,3.80130
2.86840E+06,3.93680
2.86940E+06,3.91950
2.86980E+06,4.02020
2.87050E+06,3.95750
2.87080E+06,3.97040
2.87260E+06,3.55470
2.87290E+06,3.56190
2.87330E+06,3.46550
2.87360E+06,3.46910
2.87430E+06,3.41060
2.87570E+06,3.71820
2.87610E+06,3.70740
2.87640E+06,3.81210
2.87710E+06,3.80360
2.87810E+06,3.89620
2.87850E+06,3.86260
2.87950E+06,4.16870
2.87990E+06,4.09900
2.88160E+06,4.27230
2.88200E+06,4.24780
2.88230E+06,4.27180
2.88370E+06,3.84790
2.88410E+06,3.87320
2.88480E+06,3.73110
2.88550E+06,3.90310
2.88620E+06,4.41570
2.88650E+06,4.49520
2.88720E+06,4.36220
2.88830E+06,4.65590
2.89150E+06,3.82770
2.89180E+06,3.78420
2.89360E+06,3.94460
2.89390E+06,3.83940
2.89430E+06,3.99240
2.89460E+06,3.95730
2.89500E+06,4.05780
2.89740E+06,3.67120
2.89850E+06,3.85810
2.89960E+06,3.74400
2.90000E+06,3.82424
2.90060E+06,3.94460
2.90200E+06,3.67640
2.90240E+06,3.73250
2.90270E+06,3.69600
2.90310E+06,3.71050
2.90340E+06,3.64430
2.90520E+06,4.09660
2.90700E+06,3.74340
2.90980E+06,4.24370
2.91090E+06,4.12910
2.91120E+06,4.13500
2.91160E+06,4.05740
2.91200E+06,4.08980
2.91370E+06,3.75500
2.91447E+06,3.83354
2.91550E+06,3.93860
2.91770E+06,3.54880
2.91870E+06,3.57520
2.91940E+06,3.80660
2.92050E+06,3.72570
2.92160E+06,3.96610
2.92370E+06,3.74940
2.92410E+06,3.82830
2.92440E+06,3.82350
2.92480E+06,3.86520
2.92510E+06,3.82640
2.92550E+06,3.89950
2.92590E+06,3.86670
2.92620E+06,3.91390
2.92683E+06,3.85398
2.92683E+06,3.85388
2.92800E+06,3.74120
2.93020E+06,4.00430
2.93090E+06,3.94190
2.93160E+06,4.12350
2.93230E+06,3.99990
2.93300E+06,4.05870
2.93410E+06,3.82750
2.93450E+06,3.86740
2.93480E+06,3.74290
2.93590E+06,3.87360
2.93990E+06,3.44970
2.94100E+06,3.22480
2.94280E+06,3.85710
2.94310E+06,4.13110
2.94420E+06,4.39370
2.94460E+06,4.38470
2.94530E+06,4.41570
2.94600E+06,4.35100
2.94640E+06,4.38960
2.94780E+06,4.14060
2.94890E+06,4.18030
2.94960E+06,4.10610
2.95110E+06,4.26280
2.95290E+06,3.87610
2.95330E+06,3.94770
2.95360E+06,3.91270
2.95400E+06,3.96420
2.95540E+06,3.75670
2.95620E+06,3.81700
2.95650E+06,3.76930
2.95690E+06,3.88900
2.95730E+06,3.87900
2.95800E+06,3.93000
2.96050E+06,3.49530
2.96160E+06,3.72420
2.96340E+06,4.11980
2.96490E+06,3.93030
2.96600E+06,4.14110
2.96710E+06,4.04160
2.96750E+06,4.05180
2.97080E+06,3.60040
2.97190E+06,3.90100
2.97220E+06,3.84350
2.97260E+06,3.86130
2.97440E+06,3.74070
2.97480E+06,3.81860
2.97630E+06,3.55540
2.97700E+06,3.78720
2.97770E+06,4.19440
2.97810E+06,4.25460
2.98140E+06,3.67470
2.98360E+06,4.42050
2.98580E+06,4.01420
2.98620E+06,4.13000
2.98660E+06,4.02810
2.98690E+06,4.14300
2.98840E+06,3.82320
2.98990E+06,4.11090
2.99030E+06,3.99350
2.99060E+06,4.04570
2.99320E+06,3.54890
2.99360E+06,3.55680
2.99510E+06,3.43370
2.99730E+06,3.79080
3.00000E+06,3.43566
3.00030E+06,3.39620
3.00100E+06,3.42850
3.00180E+06,3.33390
3.00360E+06,3.80630
3.00400E+06,3.76170
3.00550E+06,4.15720
3.00660E+06,4.01910
3.00700E+06,4.11240
3.00770E+06,4.00640
3.00810E+06,4.09520
3.00880E+06,3.89280
3.00960E+06,3.91250
3.01070E+06,3.73590
3.01110E+06,3.74370
3.01180E+06,3.71090
3.01480E+06,4.09380
3.01520E+06,4.08280
3.01710E+06,4.59340
3.01930E+06,4.21960
3.01970E+06,4.22070
3.02160E+06,3.81590
3.02190E+06,3.84070
3.02230E+06,3.79200
3.02270E+06,3.83290
3.02310E+06,3.78650
3.02570E+06,4.10890
3.02610E+06,4.10670
3.02650E+06,4.20660
3.02680E+06,4.10320
3.02720E+06,4.14840
3.02840E+06,3.86250
3.02870E+06,3.57150
3.02910E+06,3.60820
3.02990E+06,3.43050
3.03020E+06,3.47930
3.03060E+06,3.45550
3.03100E+06,3.48560
3.03250E+06,3.38670
3.03550E+06,4.13700
3.03630E+06,4.08250
3.03700E+06,4.17230
3.03780E+06,4.06580
3.03930E+06,4.34130
3.04080E+06,4.00260
3.04120E+06,4.00650
3.04310E+06,3.62980
3.04350E+06,3.64040
3.04460E+06,3.45150
3.04650E+06,3.67480
3.04800E+06,3.35670
3.04990E+06,3.59490
3.05030E+06,3.55400
3.05110E+06,3.64570
3.05180E+06,3.56700
3.05260E+06,3.60070
3.05450E+06,3.26670
3.05490E+06,3.34520
3.05530E+06,3.31490
3.05640E+06,3.93510
3.05680E+06,3.94720
3.05720E+06,3.93630
3.05830E+06,4.03490
3.05910E+06,4.00490
3.06030E+06,4.11360
3.06060E+06,4.01000
3.06100E+06,4.10360
3.06140E+06,4.05080
3.06180E+06,4.12240
3.06220E+06,4.04460
3.06290E+06,4.06820
3.06450E+06,3.89670
3.06520E+06,3.95120
3.06560E+06,3.92470
3.06600E+06,3.93620
3.06680E+06,3.77890
3.06720E+06,3.81250
3.06760E+06,3.78240
3.06790E+06,3.84880
3.06950E+06,3.70760
3.06990E+06,3.77150
3.07020E+06,3.76650
3.07100E+06,3.81030
3.07140E+06,3.80050
3.07260E+06,3.89280
3.07450E+06,3.47160
3.07490E+06,3.45600
3.07720E+06,3.89750
3.07760E+06,3.86790
3.07790E+06,3.87170
3.07830E+06,3.69030
3.07870E+06,3.71020
3.07910E+06,3.62080
3.07950E+06,3.65660
3.08060E+06,3.51720
3.08140E+06,3.62720
3.08180E+06,3.60880
3.08260E+06,3.66260
3.08300E+06,3.56010
3.08410E+06,3.85890
3.08450E+06,3.82950
3.08530E+06,3.94750
3.08570E+06,3.94220
3.08690E+06,4.12230
3.08720E+06,4.04210
3.08760E+06,4.05530
3.08840E+06,3.94820
3.09030E+06,4.19850
3.09070E+06,4.13570
3.09110E+06,4.27090
3.09190E+06,4.18290
3.09270E+06,4.24040
3.09310E+06,4.09080
3.09380E+06,4.11870
3.09540E+06,3.88480
3.09580E+06,3.92040
3.09620E+06,3.91980
3.09740E+06,4.13020
3.09970E+06,3.69960
3.10000E+06,3.75558
3.10120E+06,3.97950
3.10160E+06,3.89530
3.10200E+06,3.91010
3.10440E+06,3.45200
3.10480E+06,3.47030
3.10520E+06,3.37030
3.10590E+06,3.38990
3.10630E+06,3.36820
3.10670E+06,3.39660
3.10710E+06,3.37210
3.10790E+06,3.43820
3.10830E+06,3.37690
3.10870E+06,3.54060
3.10910E+06,3.49920
3.11030E+06,3.74990
3.11100E+06,3.66790
3.11380E+06,4.27900
3.11420E+06,4.17520
3.11460E+06,4.17660
3.11500E+06,4.09650
3.11540E+06,4.12850
3.11580E+06,4.10400
3.11620E+06,4.17860
3.11770E+06,3.89910
3.11810E+06,3.97570
3.11850E+06,3.78940
3.11930E+06,4.00930
3.12050E+06,3.81330
3.12130E+06,3.85320
3.12170E+06,3.82890
3.12210E+06,3.88740
3.12290E+06,3.76010
3.12680E+06,4.43660
3.12960E+06,3.73680
3.13000E+06,3.74420
3.13080E+06,3.67830
3.13120E+06,3.74890
3.13150E+06,3.73490
3.13190E+06,3.79010
3.13240E+06,3.77500
3.13390E+06,4.14660
3.13430E+06,4.11430
3.13510E+06,4.16050
3.13550E+06,4.12490
3.13630E+06,4.19450
3.13710E+06,4.15590
3.13750E+06,4.20220
3.13950E+06,3.65550
3.14110E+06,3.98300
3.14150E+06,4.01180
3.14310E+06,3.73310
3.14457E+06,3.93520
3.14457E+06,3.93534
3.14465E+06,3.94589
3.14467E+06,3.94864
3.14630E+06,4.17240
3.14670E+06,4.13640
3.14710E+06,4.14330
3.14790E+06,3.90230
3.14830E+06,3.94070
3.14950E+06,3.74750
3.14990E+06,3.77030
3.15030E+06,3.76430
3.15070E+06,3.77640
3.15110E+06,3.69420
3.15150E+06,3.72020
3.15230E+06,3.61210
3.15430E+06,4.11710
3.15470E+06,4.10860
3.15670E+06,4.60570
3.15910E+06,4.18190
3.15990E+06,4.39530
3.16270E+06,4.01470
3.16470E+06,4.35320
3.16510E+06,4.20390
3.16630E+06,4.40990
3.16870E+06,4.10920
3.17000E+06,3.77470
3.17120E+06,3.93690
3.17200E+06,3.79230
3.17240E+06,3.84150
3.17280E+06,3.79960
3.17320E+06,3.86260
3.17480E+06,3.54270
3.17720E+06,3.87270
3.17850E+06,3.75170
3.17930E+06,3.82840
3.17970E+06,3.81810
3.18050E+06,3.93030
3.18090E+06,3.86210
3.18130E+06,3.96420
3.18170E+06,3.92810
3.18250E+06,3.97290
3.18330E+06,3.78030
3.18370E+06,3.79530
3.18450E+06,3.76680
3.18500E+06,3.78860
3.18580E+06,3.69850
3.18820E+06,4.13130
3.18860E+06,4.12050
3.19020E+06,4.50430
3.19043E+06,4.50347
3.19070E+06,4.50250
3.19110E+06,4.53220
3.19230E+06,4.43830
3.19430E+06,4.57490
3.19680E+06,4.24070
3.19840E+06,3.87440
3.19880E+06,3.88330
3.19920E+06,3.77330
3.19960E+06,3.84040
3.20000E+06,3.76790
3.20170E+06,4.16910
3.20330E+06,3.88430
3.20540E+06,4.27340
3.20700E+06,4.01530
3.20740E+06,4.06010
3.20780E+06,3.95770
3.20830E+06,3.97270
3.20870E+06,3.95120
3.20910E+06,4.10270
3.20950E+06,4.07380
3.21030E+06,4.21480
3.21150E+06,4.10970
3.21190E+06,4.11190
3.21237E+06,4.05955
3.21237E+06,4.05946
3.21237E+06,4.05937
3.21360E+06,3.92190
3.21530E+06,4.16420
3.21650E+06,3.68850
3.21730E+06,3.65770
3.21735E+06,3.67316
3.21770E+06,3.78140
3.21810E+06,3.73340
3.21860E+06,3.79550
3.21900E+06,3.78860
3.21940E+06,3.79630
3.21980E+06,3.79210
3.22060E+06,3.92400
3.22100E+06,3.91670
3.22140E+06,3.98970
3.22310E+06,3.88350
3.22390E+06,3.98160
3.22520E+06,3.81300
3.22770E+06,4.05350
3.22970E+06,3.66690
3.23020E+06,3.62860
3.23140E+06,3.84470
3.23180E+06,3.79730
3.23220E+06,3.80500
3.23260E+06,3.79090
3.23550E+06,4.06150
3.23640E+06,3.87720
3.23680E+06,3.88990
3.23760E+06,3.83130
3.23800E+06,3.85970
3.23850E+06,3.84380
3.23930E+06,3.94770
3.23970E+06,3.92700
3.24100E+06,4.22380
3.24220E+06,4.14580
3.24260E+06,4.16030
3.24430E+06,3.71700
3.24470E+06,3.69570
3.24600E+06,3.97530
3.24810E+06,3.86640
3.24980E+06,4.11440
3.25060E+06,3.98560
3.25100E+06,4.05290
3.25140E+06,3.99140
3.25190E+06,4.00400
3.25230E+06,3.93130
3.25270E+06,3.96920
3.25310E+06,3.92590
3.25350E+06,4.06110
3.25440E+06,4.01740
3.25610E+06,4.20240
3.25650E+06,4.11240
3.25836E+06,4.33533
3.25860E+06,4.36410
3.26070E+06,3.94050
3.26320E+06,3.50010
3.26485E+06,3.73401
3.26490E+06,3.74110
3.26530E+06,3.74010
3.26570E+06,3.81080
3.26620E+06,3.77140
3.26660E+06,3.79960
3.26700E+06,3.78810
3.26740E+06,3.84240
3.27040E+06,3.48120
3.27170E+06,3.65040
3.27500E+06,4.52900
3.27630E+06,4.65640
3.27670E+06,4.58200
3.27720E+06,4.65480
3.27840E+06,4.44340
3.27845E+06,4.44477
3.27890E+06,4.45710
3.27917E+06,4.40601
3.27917E+06,4.40582
3.28010E+06,4.22600
3.28060E+06,4.23210
3.28180E+06,4.09000
3.28270E+06,4.25030
3.28520E+06,4.05040
3.28570E+06,4.13950
3.28610E+06,4.10630
3.28700E+06,4.15940
3.28950E+06,3.67140
3.29040E+06,3.81120
3.29080E+06,3.80990
3.29210E+06,3.93000
3.29420E+06,3.70740
3.29460E+06,3.75620
3.29510E+06,3.70800
3.29890E+06,4.06420
3.30000E+06,3.80147
3.30020E+06,3.75370
3.30060E+06,3.59120
3.30110E+06,3.61840
3.30150E+06,3.54360
3.30540E+06,4.04680
3.30580E+06,4.14540
3.30620E+06,4.05020
3.30660E+06,4.07980
3.30710E+06,3.93180
3.30750E+06,3.97090
3.30790E+06,3.91350
3.30840E+06,3.91960
3.30880E+06,3.88470
3.30920E+06,3.90820
3.31050E+06,3.74920
3.31100E+06,3.76540
3.31140E+06,3.69500
3.31180E+06,3.69740
3.31400E+06,3.40110
3.31610E+06,3.77390
3.31700E+06,3.61320
3.31790E+06,3.69350
3.31830E+06,3.67710
3.32000E+06,3.94510
3.32050E+06,3.93130
3.32090E+06,4.03800
3.32130E+06,3.98010
3.32220E+06,4.03350
3.32260E+06,4.02000
3.32321E+06,4.07072
3.32390E+06,4.12810
3.32430E+06,4.09560
3.32560E+06,4.18740
3.32780E+06,4.05180
3.32863E+06,4.10271
3.32866E+06,4.10455
3.32870E+06,4.10700
3.32902E+06,4.06287
3.32902E+06,4.06274
3.32910E+06,4.05240
3.32960E+06,4.05420
3.33000E+06,3.96590
3.33090E+06,4.07750
3.33130E+06,4.00160
3.33220E+06,4.05690
3.33260E+06,4.01400
3.33300E+06,4.16920
3.33350E+06,4.13750
3.33440E+06,4.21460
3.33700E+06,3.95130
3.33830E+06,4.29450
3.33870E+06,4.26020
3.34180E+06,4.60530
3.34350E+06,4.36590
3.34390E+06,4.41890
3.34493E+06,4.28648
3.34493E+06,4.28620
3.34493E+06,4.28607
3.34494E+06,4.28519
3.34530E+06,4.23890
3.34596E+06,4.29516
3.34700E+06,4.38380
3.34740E+06,4.36480
3.34830E+06,4.39130
3.34880E+06,4.31880
3.34970E+06,4.37150
3.35050E+06,4.26470
3.35140E+06,4.32020
3.35230E+06,4.21920
3.35270E+06,4.29640
3.35320E+06,4.23820
3.35400E+06,4.32810
3.35710E+06,3.95100
3.35750E+06,3.97750
3.35800E+06,3.93500
3.35890E+06,4.07890
3.35980E+06,3.85660
3.36020E+06,3.99370
3.36200E+06,3.73970
3.36280E+06,3.88430
3.36330E+06,3.86240
3.36370E+06,3.90130
3.36510E+06,3.64810
3.36550E+06,3.71390
3.36590E+06,3.66340
3.36640E+06,3.86090
3.36680E+06,3.84180
3.36950E+06,4.27890
3.37210E+06,3.80610
3.37260E+06,3.87650
3.37350E+06,3.78050
3.37390E+06,3.82620
3.37554E+06,3.68162
3.37554E+06,3.68154
3.37554E+06,3.68130
3.37700E+06,3.55230
3.37830E+06,3.82650
3.37920E+06,4.14610
3.38150E+06,3.91870
3.38190E+06,3.97950
3.38230E+06,3.96810
3.38370E+06,4.09030
3.38410E+06,4.03960
3.38550E+06,4.16040
3.38573E+06,4.11726
3.38573E+06,4.11645
3.38574E+06,4.11626
3.38900E+06,3.50400
3.38950E+06,3.52660
3.38990E+06,3.52170
3.39170E+06,4.11420
3.39210E+06,4.10550
3.39260E+06,4.17780
3.39350E+06,3.94830
3.39390E+06,3.89880
3.39440E+06,3.91780
3.39480E+06,3.78930
3.39620E+06,3.88320
3.39660E+06,3.82710
3.39710E+06,3.91120
3.40000E+06,3.51895
3.40020E+06,3.49190
3.40240E+06,3.73290
3.40290E+06,3.72360
3.40470E+06,3.99120
3.40560E+06,3.82060
3.40610E+06,3.92090
3.40650E+06,3.91300
3.40700E+06,4.02520
3.40740E+06,4.02320
3.40870E+06,4.25930
3.41100E+06,3.85070
3.41190E+06,3.92490
3.41280E+06,3.74150
3.41330E+06,3.74210
3.41420E+06,3.70640
3.41690E+06,4.06050
3.41730E+06,3.99680
3.41780E+06,4.04600
3.41870E+06,3.89850
3.41910E+06,3.90100
3.41960E+06,3.83540
3.42000E+06,3.90280
3.42050E+06,3.86300
3.42090E+06,3.90400
3.42180E+06,3.81610
3.42280E+06,3.88720
3.42370E+06,3.80400
3.42410E+06,3.81590
3.42500E+06,3.65850
3.42640E+06,3.72800
3.42820E+06,3.58350
3.43000E+06,3.86000
3.43050E+06,3.79160
3.43090E+06,3.84620
3.43230E+06,3.47340
3.43270E+06,3.50630
3.43320E+06,3.47060
3.43410E+06,3.76170
3.43460E+06,3.71840
3.43500E+06,3.81970
3.43590E+06,3.69210
3.43640E+06,3.72180
3.43730E+06,3.59690
3.43770E+06,3.68490
3.43870E+06,3.64910
3.43876E+06,3.66635
3.43876E+06,3.66747
3.43877E+06,3.66776
3.43910E+06,3.76410
3.43960E+06,3.73520
3.44140E+06,4.14770
3.44190E+06,4.11440
3.44280E+06,4.24900
3.44456E+06,4.05492
3.44456E+06,4.05481
3.44460E+06,4.05010
3.44640E+06,3.85120
3.44690E+06,3.89400
3.44780E+06,3.85790
3.44804E+06,3.91315
3.44804E+06,3.91409
3.44805E+06,3.91432
3.44830E+06,3.97300
3.44920E+06,3.94060
3.44960E+06,3.99640
3.45010E+06,3.96130
3.45019E+06,3.96425
3.45019E+06,3.96429
3.45019E+06,3.96440
3.45050E+06,3.97510
3.45100E+06,3.95000
3.45150E+06,3.99030
3.45240E+06,3.85610
3.45261E+06,3.88761
3.45262E+06,3.88956
3.45262E+06,3.88971
3.45510E+06,4.26120
3.45560E+06,4.20650
3.45650E+06,4.23420
3.45740E+06,4.07370
3.45930E+06,4.16130
3.45970E+06,4.13530
3.46020E+06,4.14400
3.46160E+06,3.89310
3.46210E+06,3.93710
3.46224E+06,3.91062
3.46224E+06,3.91018
3.46300E+06,3.76530
3.46340E+06,3.81020
3.46390E+06,3.70920
3.46440E+06,3.76620
3.46710E+06,3.43570
3.46940E+06,3.62220
3.46990E+06,3.61790
3.47080E+06,3.79220
3.47130E+06,3.75980
3.47220E+06,3.87520
3.47270E+06,3.87020
3.47310E+06,3.92940
3.47410E+06,3.83090
3.47450E+06,3.93330
3.47500E+06,3.87150
3.47540E+06,3.92440
3.47590E+06,3.88320
3.47640E+06,3.88740
3.47730E+06,3.77080
3.47780E+06,3.81540
3.47820E+06,3.76690
3.47976E+06,3.89514
3.48037E+06,3.94543
3.48037E+06,3.94552
3.48060E+06,3.96420
3.48100E+06,3.91150
3.48150E+06,3.93430
3.48190E+06,3.91400
3.48240E+06,3.91470
3.48290E+06,3.88780
3.48340E+06,3.93540
3.48380E+06,3.86500
3.48430E+06,3.89630
3.48470E+06,3.78190
3.48520E+06,3.84630
3.48570E+06,3.71950
3.48710E+06,3.83760
3.48750E+06,3.79040
3.48800E+06,3.81880
3.48890E+06,3.74940
3.49310E+06,4.24200
3.49450E+06,3.94960
3.49500E+06,3.88310
3.49730E+06,4.12930
3.50000E+06,3.68808
3.50020E+06,3.65540
3.50060E+06,3.70110
3.50110E+06,3.61600
3.50340E+06,3.93000
3.50390E+06,3.85200
3.50440E+06,3.96830
3.50480E+06,3.95760
3.50770E+06,4.15810
3.50810E+06,4.02280
3.50860E+06,4.08760
3.51140E+06,3.58610
3.51210E+06,3.72596
3.51210E+06,3.72616
3.51211E+06,3.72843
3.51380E+06,4.06720
3.51430E+06,4.00350
3.51470E+06,4.04150
3.51660E+06,3.84020
3.51710E+06,3.85520
3.51940E+06,3.54010
3.52130E+06,3.72550
3.52180E+06,3.72200
3.52248E+06,3.83445
3.52248E+06,3.83458
3.52270E+06,3.87100
3.52320E+06,3.86730
3.52420E+06,4.00280
3.52460E+06,3.97190
3.52560E+06,4.04710
3.52750E+06,3.82410
3.52840E+06,4.00040
3.53030E+06,3.83110
3.53080E+06,3.83900
3.53270E+06,3.50440
3.53370E+06,3.41960
3.53410E+06,3.44030
3.53460E+06,3.39460
3.53510E+06,3.46810
3.53560E+06,3.37060
3.53600E+06,3.40540
3.53650E+06,3.40320
3.53750E+06,3.45030
3.53790E+06,3.68710
3.54030E+06,4.16680
3.54080E+06,4.07910
3.54130E+06,4.09200
3.54320E+06,3.78930
3.54510E+06,4.13090
3.54560E+06,4.00650
3.54610E+06,4.05190
3.54750E+06,3.90380
3.54800E+06,3.95490
3.54890E+06,3.84740
3.54940E+06,3.87280
3.55030E+06,3.79740
3.55130E+06,3.82290
3.55180E+06,3.74950
3.55270E+06,3.80990
3.55370E+06,3.79600
3.55420E+06,3.79890
3.55470E+06,3.68200
3.55510E+06,3.74740
3.55610E+06,3.71540
3.55950E+06,4.14050
3.56090E+06,3.99170
3.56140E+06,4.02850
3.56380E+06,3.67920
3.56480E+06,3.76140
3.56520E+06,3.68150
3.56860E+06,4.19560
3.56910E+06,4.15060
3.56960E+06,4.20080
3.57010E+06,4.14470
3.57050E+06,4.18860
3.57300E+06,3.68780
3.57390E+06,3.72330
3.57490E+06,3.68550
3.57680E+06,3.92230
3.57730E+06,3.90940
3.57880E+06,4.06860
3.57970E+06,3.99910
3.58020E+06,4.13270
3.58070E+06,4.09740
3.58120E+06,4.17170
3.58260E+06,3.79760
3.58310E+06,3.81860
3.58360E+06,3.77130
3.58410E+06,3.81590
3.58510E+06,3.75680
3.58600E+06,3.81510
3.58650E+06,3.77470
3.58657E+06,3.78803
3.58658E+06,3.78821
3.58666E+06,3.80366
3.58700E+06,3.86520
3.58850E+06,3.65970
3.58990E+06,3.81670
3.59040E+06,3.81420
3.59090E+06,3.83650
3.59330E+06,3.50350
3.59580E+06,3.64300
3.59680E+06,3.57720
3.60000E+06,4.04497
3.60020E+06,4.07420
3.60120E+06,3.90330
3.60210E+06,3.94330
3.60260E+06,3.85670
3.60360E+06,3.95450
3.60460E+06,3.91450
3.60600E+06,4.04700
3.60650E+06,3.86480
3.60700E+06,3.88960
3.60900E+06,3.61190
3.61140E+06,3.95760
3.61190E+06,4.03790
3.61340E+06,3.89250
3.61390E+06,3.99800
3.61440E+06,3.96430
3.61540E+06,4.00560
3.61590E+06,3.99000
3.61640E+06,4.02630
3.61680E+06,3.92950
3.61830E+06,4.07140
3.62030E+06,3.93970
3.62080E+06,3.95470
3.62130E+06,3.93310
3.62180E+06,3.95800
3.62230E+06,3.92380
3.62470E+06,4.25270
3.62518E+06,4.19896
3.62590E+06,4.11867
3.62590E+06,4.11856
3.62692E+06,4.00449
3.62692E+06,4.00438
3.62720E+06,3.97280
3.62770E+06,3.97990
3.62920E+06,3.81120
3.63120E+06,4.05750
3.63260E+06,3.72150
3.63314E+06,3.75746
3.63410E+06,3.82140
3.63460E+06,3.75250
3.63510E+06,3.81970
3.63610E+06,3.67740
3.63660E+06,3.69210
3.63760E+06,3.58460
3.63860E+06,3.66020
3.63885E+06,3.65800
3.63910E+06,3.65580
3.64060E+06,3.80740
3.64110E+06,3.75820
3.64160E+06,3.83880
3.64310E+06,3.68770
3.64360E+06,3.70440
3.64460E+06,3.67270
3.64510E+06,3.79190
3.64710E+06,3.65780
3.64744E+06,3.68282
3.64745E+06,3.68356
3.64960E+06,3.84180
3.65000E+06,3.81120
3.65110E+06,3.95230
3.65210E+06,3.74300
3.65260E+06,3.81860
3.65360E+06,3.71270
3.65400E+06,3.72690
3.65510E+06,3.71390
3.65660E+06,3.77420
3.65800E+06,3.68960
3.66100E+06,3.87060
3.66160E+06,3.84940
3.66310E+06,4.05310
3.66360E+06,3.97870
3.66510E+06,4.02050
3.66560E+06,3.85130
3.66610E+06,3.86070
3.66660E+06,3.74060
3.66810E+06,3.85870
3.66860E+06,3.80890
3.66960E+06,3.89410
3.67060E+06,3.62540
3.67210E+06,3.97170
3.67260E+06,3.92430
3.67360E+06,4.02900
3.67560E+06,3.81530
3.67610E+06,3.87510
3.67720E+06,3.84210
3.67760E+06,3.99950
3.67820E+06,3.96820
3.67870E+06,3.97730
3.67920E+06,3.92390
3.67970E+06,3.96460
3.68120E+06,3.88960
3.68220E+06,4.05240
3.68520E+06,3.78460
3.68561E+06,3.83631
3.68830E+06,4.17560
3.69180E+06,3.71090
3.69230E+06,3.71320
3.69280E+06,3.60180
3.69340E+06,3.67240
3.69390E+06,3.67150
3.69490E+06,3.82250
3.69540E+06,3.80710
3.69545E+06,3.81108
3.69640E+06,3.88660
3.69740E+06,3.77010
3.69890E+06,3.96780
3.70150E+06,3.56720
3.70200E+06,3.57080
3.70250E+06,3.55300
3.70391E+06,3.71515
3.70394E+06,3.71860
3.70400E+06,3.72550
3.70510E+06,3.53050
3.70560E+06,3.58970
3.70610E+06,3.52540
3.70810E+06,3.79440
3.70860E+06,3.71050
3.71270E+06,4.14240
3.71320E+06,4.08100
3.71380E+06,4.17510
3.71530E+06,3.86640
3.71630E+06,3.96630
3.71680E+06,3.91580
3.71730E+06,3.92750
3.71780E+06,3.90870
3.71840E+06,3.92890
3.72040E+06,3.74480
3.72300E+06,3.99290
3.72350E+06,3.97200
3.72610E+06,4.21660
3.72760E+06,3.87360
3.72810E+06,3.93560
3.72870E+06,3.84400
3.72920E+06,3.88640
3.72970E+06,3.87910
3.73070E+06,4.00260
3.73120E+06,3.99820
3.73170E+06,4.07610
3.73230E+06,3.95780
3.73380E+06,4.10340
3.73430E+06,3.98510
3.73480E+06,4.05300
3.73563E+06,3.99538
3.73840E+06,3.80310
3.73900E+06,3.84190
3.74050E+06,3.71440
3.74062E+06,3.72676
3.74160E+06,3.82770
3.74210E+06,3.81440
3.74470E+06,4.08440
3.74680E+06,3.94030
3.74880E+06,4.20950
3.75040E+06,4.09540
3.75062E+06,4.05261
3.75300E+06,3.58970
3.75510E+06,3.77640
3.75592E+06,3.69496
3.75820E+06,3.46850
3.76130E+06,3.86960
3.76390E+06,3.61680
3.76860E+06,4.08170
3.77020E+06,3.86580
3.77070E+06,3.89170
3.77130E+06,3.83170
3.77180E+06,3.83360
3.77230E+06,3.73160
3.77280E+06,3.99280
3.77340E+06,3.98420
3.77550E+06,4.14690
3.77700E+06,3.99690
3.77760E+06,4.01040
3.77860E+06,3.93240
3.77910E+06,3.99980
3.78280E+06,3.61760
3.78650E+06,4.11300
3.78910E+06,3.84840
3.78970E+06,3.87410
3.79070E+06,3.84050
3.79120E+06,3.84850
3.79180E+06,3.81300
3.79230E+06,3.88130
3.79390E+06,3.83300
3.79440E+06,3.85420
3.79600E+06,3.80150
3.79641E+06,3.86867
3.79710E+06,3.98170
3.79760E+06,3.89470
3.79810E+06,3.92300
3.79870E+06,3.92230
3.79920E+06,3.92520
3.79970E+06,3.90710
3.80000E+06,3.94700
3.80130E+06,4.11990
3.80290E+06,4.02880
3.80340E+06,4.06270
3.80400E+06,3.90570
3.80450E+06,3.92690
3.80560E+06,3.69160
3.80610E+06,3.73440
3.80660E+06,3.66750
3.80870E+06,3.90620
3.80980E+06,3.78780
3.81030E+06,3.86570
3.81140E+06,3.81770
3.81190E+06,3.89550
3.81250E+06,3.88510
3.81300E+06,3.90050
3.81410E+06,3.85960
3.81460E+06,3.92030
3.81510E+06,3.88120
3.81570E+06,3.98540
3.81670E+06,3.88620
3.81711E+06,3.91143
3.81780E+06,3.95390
3.81830E+06,3.84280
3.81940E+06,3.91370
3.82210E+06,3.65460
3.82260E+06,3.72230
3.82320E+06,3.71130
3.82530E+06,3.99940
3.82580E+06,3.94490
3.82640E+06,3.98300
3.82690E+06,3.90550
3.82740E+06,3.94740
3.82900E+06,3.76950
3.83170E+06,3.99280
3.83230E+06,3.95660
3.83330E+06,3.98320
3.83500E+06,3.74440
3.83710E+06,4.08550
3.83820E+06,4.00380
3.83870E+06,4.09310
3.84140E+06,3.75350
3.84250E+06,3.73400
3.84520E+06,3.99700
3.84570E+06,3.98490
3.84680E+06,4.07120
3.84950E+06,3.73990
3.85220E+06,3.98510
3.85380E+06,3.87120
3.85440E+06,3.92750
3.85490E+06,3.83620
3.85540E+06,3.88700
3.85760E+06,3.70130
3.85920E+06,3.89450
3.85980E+06,3.85980
3.86090E+06,3.91240
3.86200E+06,3.84490
3.86250E+06,3.89270
3.86410E+06,3.75190
3.86630E+06,3.86230
3.86690E+06,3.84240
3.86900E+06,3.95280
3.87070E+06,3.76030
3.87120E+06,3.77180
3.87180E+06,3.71300
3.87390E+06,4.20980
3.87500E+06,4.06920
3.87610E+06,4.19700
3.87670E+06,4.14580
3.87720E+06,4.20800
3.88000E+06,3.90060
3.88110E+06,3.99440
3.88320E+06,3.64950
3.88380E+06,3.74260
3.88430E+06,3.71480
3.88540E+06,3.86920
3.88600E+06,3.84920
3.88650E+06,4.04090
3.88760E+06,3.85660
3.88980E+06,4.10000
3.89090E+06,4.05820
3.89150E+06,4.07810
3.89200E+06,4.07200
3.89260E+06,4.11760
3.89480E+06,3.99150
3.89590E+06,4.16040
3.89640E+06,4.06970
3.89700E+06,4.18330
3.89810E+06,4.03060
3.89860E+06,4.15130
3.89970E+06,4.01270
3.90030E+06,4.02090
3.90080E+06,3.97900
3.90140E+06,4.04390
3.90190E+06,3.96960
3.90250E+06,4.00760
3.90300E+06,3.88910
3.90580E+06,4.10870
3.90690E+06,4.07730
3.90800E+06,3.70760
3.90850E+06,3.77790
3.90910E+06,3.73130
3.90970E+06,3.79610
3.91020E+06,3.72940
3.91080E+06,3.87650
3.91112E+06,3.83560
3.91130E+06,3.81260
3.91190E+06,3.85840
3.91300E+06,3.62510
3.91410E+06,3.70200
3.91460E+06,3.66760
3.91580E+06,3.84530
3.91630E+06,3.83650
3.91690E+06,3.84000
3.91800E+06,3.62430
3.91910E+06,3.68760
3.92130E+06,3.27360
3.92190E+06,3.33870
3.92300E+06,3.26620
3.92570E+06,3.51880
3.92630E+06,3.49710
3.92740E+06,3.65150
3.92800E+06,3.62670
3.93190E+06,3.91540
3.93300E+06,3.88150
3.93410E+06,4.25570
3.93470E+06,4.23300
3.93580E+06,4.27190
3.93640E+06,4.19800
3.93690E+06,4.22380
3.94030E+06,3.61320
3.94250E+06,3.89540
3.94360E+06,3.80460
3.94420E+06,3.83880
3.94470E+06,3.71390
3.94530E+06,3.71750
3.94590E+06,3.69310
3.94640E+06,3.71890
3.94700E+06,3.70170
3.94760E+06,3.70700
3.94980E+06,3.48450
3.95040E+06,3.49770
3.95090E+06,3.44310
3.95150E+06,3.48330
3.95200E+06,3.44620
3.95370E+06,3.60130
3.95430E+06,3.52910
3.95540E+06,3.64720
3.95600E+06,3.90840
3.95770E+06,4.13940
3.96220E+06,3.53260
3.96280E+06,3.61230
3.96390E+06,3.54840
3.96440E+06,3.64600
3.96560E+06,3.61100
3.96629E+06,3.64850
3.96730E+06,3.70340
3.96840E+06,3.66080
3.96900E+06,3.75760
3.96950E+06,3.75270
3.97180E+06,3.90630
3.97290E+06,3.73610
3.97410E+06,3.84910
3.97460E+06,3.82560
3.97630E+06,4.01870
3.97690E+06,4.00250
3.97750E+06,4.09830
3.97920E+06,3.92790
3.97980E+06,4.00990
3.98150E+06,3.88950
3.98200E+06,3.93600
3.98260E+06,3.89030
3.98890E+06,4.23620
3.99110E+06,4.03170
3.99230E+06,4.08140
3.99400E+06,3.95150
3.99510E+06,4.01410
3.99630E+06,3.91430
3.99680E+06,3.93440
3.99740E+06,3.89600
3.99910E+06,4.04680
3.99970E+06,4.03950
4.00000E+06,4.06865
4.00030E+06,4.09780
4.00140E+06,3.84900
4.00200E+06,3.85460
4.00260E+06,3.80470
4.00310E+06,3.81490
4.00600E+06,3.36550
4.00660E+06,3.44460
4.00720E+06,3.43600
4.00830E+06,3.45120
4.00890E+06,3.40990
4.01060E+06,3.62090
4.01120E+06,3.60850
4.01180E+06,3.63830
4.01230E+06,3.63370
4.01460E+06,3.93420
4.01520E+06,3.89690
4.01580E+06,4.07080
4.01640E+06,3.97080
4.01690E+06,4.05480
4.01750E+06,3.97300
4.01810E+06,3.97650
4.01870E+06,3.95900
4.02040E+06,4.16450
4.02390E+06,3.80680
4.02440E+06,3.91880
4.02500E+06,3.86420
4.02560E+06,4.04510
4.03250E+06,3.72720
4.03310E+06,3.76460
4.03430E+06,3.72260
4.03720E+06,3.90060
4.03840E+06,3.73210
4.03950E+06,3.80680
4.04070E+06,3.63030
4.04130E+06,3.81200
4.04180E+06,3.70600
4.04360E+06,3.81330
4.04420E+06,3.80130
4.04470E+06,3.83780
4.04530E+06,3.71930
4.04590E+06,3.73980
4.04770E+06,3.57260
4.04880E+06,3.71470
4.05000E+06,3.63240
4.05290E+06,3.96830
4.05350E+06,3.82170
4.05410E+06,3.82450
4.05580E+06,3.67350
4.05880E+06,3.83520
4.05940E+06,3.72950
4.05990E+06,3.75850
4.06050E+06,3.66790
4.06170E+06,3.75360
4.06230E+06,3.74680
4.06290E+06,3.87540
4.06400E+06,3.74600
4.06460E+06,3.78050
4.06520E+06,3.72800
4.06580E+06,3.81450
4.06640E+06,3.66050
4.06810E+06,3.86570
4.07110E+06,3.62890
4.07170E+06,3.64110
4.07230E+06,3.53800
4.07280E+06,3.67050
4.07400E+06,3.43870
4.07640E+06,3.79190
4.07700E+06,3.74540
4.07990E+06,4.12940
4.08050E+06,4.09180
4.08110E+06,4.12050
4.08170E+06,4.06620
4.08230E+06,4.11580
4.08290E+06,4.09370
4.08350E+06,4.13480
4.08580E+06,3.79840
4.08640E+06,3.81750
4.08760E+06,3.73250
4.08820E+06,3.77080
4.08940E+06,3.71010
4.09000E+06,3.75480
4.09230E+06,3.64940
4.09290E+06,3.69030
4.09350E+06,3.64160
4.09470E+06,3.84380
4.09590E+06,3.74500
4.09650E+06,3.75220
4.09710E+06,3.74010
4.09890E+06,4.03860
4.09950E+06,3.95770
4.10010E+06,4.08540
4.10120E+06,3.99650
4.10240E+06,4.06320
4.10540E+06,3.83150
4.10600E+06,3.85700
4.10660E+06,3.81150
4.10780E+06,3.90590
4.10840E+06,3.80460
4.10900E+06,3.84520
4.11200E+06,3.53980
4.11260E+06,3.63700
4.11320E+06,3.57180
4.11490E+06,3.71090
4.11550E+06,3.70520
4.11569E+06,3.71735
4.11850E+06,3.89700
4.11910E+06,3.77140
4.12030E+06,3.89720
4.12210E+06,3.73650
4.12510E+06,3.98090
4.12570E+06,3.85670
4.12690E+06,3.86500
4.12750E+06,3.84470
4.12990E+06,4.09280
4.13050E+06,4.03190
4.13110E+06,4.09950
4.13530E+06,3.81830
4.13590E+06,3.86060
4.13650E+06,3.85170
4.13770E+06,3.92560
4.13830E+06,3.89060
4.14080E+06,4.10060
4.14200E+06,3.89560
4.14320E+06,3.93140
4.14380E+06,3.80530
4.14500E+06,3.94630
4.14620E+06,3.81040
4.14680E+06,3.86560
4.14800E+06,3.71440
4.14920E+06,3.75060
4.15040E+06,3.66880
4.15100E+06,3.77640
4.15160E+06,3.76350
4.15470E+06,4.00160
4.15590E+06,3.93280
4.15710E+06,4.05110
4.15770E+06,3.91570
4.15830E+06,3.94380
4.15890E+06,3.87950
4.16070E+06,3.97350
4.16200E+06,3.88380
4.16260E+06,3.89710
4.16440E+06,3.70970
4.16680E+06,3.82950
4.16740E+06,3.76500
4.16860E+06,3.80950
4.16920E+06,3.74400
4.16990E+06,3.83820
4.17050E+06,3.80240
4.17230E+06,3.93390
4.17290E+06,3.89380
4.17350E+06,3.91500
4.17470E+06,3.85370
4.17540E+06,3.89270
4.17720E+06,3.74020
4.17780E+06,3.84360
4.17960E+06,3.70050
4.18150E+06,3.91160
4.18210E+06,3.87160
4.18270E+06,3.97600
4.18510E+06,3.82060
4.18580E+06,3.83340
4.18700E+06,3.70760
4.18760E+06,3.75820
4.18880E+06,3.71660
4.18940E+06,3.76500
4.19070E+06,3.68400
4.19130E+06,3.81760
4.19250E+06,3.78520
4.19310E+06,3.83230
4.19440E+06,3.72940
4.19500E+06,3.79310
4.19560E+06,3.69080
4.19740E+06,3.79360
4.19810E+06,3.74700
4.20110E+06,3.95530
4.20240E+06,3.82240
4.20300E+06,3.83690
4.20420E+06,3.72590
4.20540E+06,3.87210
4.20730E+06,3.66030
4.20790E+06,3.76100
4.20850E+06,3.68430
4.20920E+06,3.72450
4.20980E+06,3.67740
4.21100E+06,3.71530
4.21160E+06,3.70120
4.21290E+06,3.80670
4.21410E+06,3.73320
4.21470E+06,3.86510
4.21530E+06,3.76600
4.21600E+06,3.77920
4.21720E+06,3.64050
4.21780E+06,3.71430
4.21840E+06,3.66020
4.21910E+06,3.84800
4.21970E+06,3.83830
4.22280E+06,3.92560
4.22400E+06,3.84470
4.22460E+06,3.88530
4.22530E+06,3.76570
4.22650E+06,3.85300
4.22840E+06,3.83020
4.22900E+06,3.84310
4.22960E+06,3.82960
4.23090E+06,3.90490
4.23150E+06,3.89600
4.23210E+06,3.90800
4.23340E+06,3.78190
4.23400E+06,3.80240
4.23590E+06,3.65780
4.23710E+06,3.70060
4.23770E+06,3.62130
4.23840E+06,3.63280
4.23900E+06,3.61760
4.24020E+06,3.71040
4.24150E+06,3.66500
4.24520E+06,3.98310
4.24590E+06,4.08230
4.24710E+06,4.03420
4.24770E+06,4.05860
4.24840E+06,4.03120
4.24900E+06,4.09250
4.25090E+06,4.06040
4.25150E+06,4.08420
4.25400E+06,3.85430
4.25460E+06,3.91020
4.25530E+06,3.89680
4.25590E+06,3.92200
4.25650E+06,3.76070
4.25720E+06,3.84980
4.25780E+06,3.80040
4.25840E+06,3.80540
4.25910E+06,3.78820
4.26160E+06,4.03360
4.26350E+06,3.83530
4.26410E+06,3.87160
4.26660E+06,3.53000
4.26720E+06,3.63070
4.26790E+06,3.58590
4.26910E+06,3.68800
4.26980E+06,3.65430
4.27230E+06,4.01180
4.27290E+06,3.94170
4.27610E+06,4.12900
4.27860E+06,3.89080
4.28050E+06,3.90800
4.28120E+06,3.83510
4.28240E+06,3.90480
4.28310E+06,3.87100
4.28370E+06,3.90180
4.28430E+06,3.87160
4.28500E+06,3.89900
4.28620E+06,3.79460
4.28810E+06,3.88570
4.28880E+06,3.82910
4.28940E+06,3.86470
4.29130E+06,3.74700
4.29390E+06,3.89180
4.29450E+06,3.86250
4.29510E+06,3.94530
4.30030E+06,3.54160
4.30280E+06,3.90120
4.30340E+06,3.89840
4.30410E+06,3.91370
4.30540E+06,3.76990
4.30600E+06,3.81300
4.30660E+06,3.71480
4.30790E+06,3.79040
4.30860E+06,3.66870
4.30920E+06,3.71630
4.30980E+06,3.65570
4.31180E+06,3.72640
4.31300E+06,3.64360
4.31370E+06,3.72430
4.31430E+06,3.70350
4.31630E+06,3.84890
4.31690E+06,3.74480
4.31750E+06,3.76740
4.31880E+06,3.66050
4.32010E+06,3.77210
4.32080E+06,3.72520
4.32200E+06,3.80120
4.32460E+06,3.69520
4.32530E+06,3.72620
4.32720E+06,3.58330
4.32980E+06,3.69590
4.33040E+06,3.65940
4.33430E+06,3.88070
4.33490E+06,3.85630
4.33560E+06,4.00520
4.33620E+06,3.93810
4.33690E+06,3.96660
4.33820E+06,3.86640
4.33950E+06,3.94610
4.34070E+06,3.81660
4.34140E+06,3.83400
4.34270E+06,3.66600
4.34400E+06,3.74980
4.34460E+06,3.71140
4.34530E+06,3.76670
4.34590E+06,3.74490
4.34660E+06,3.79520
4.34720E+06,3.77290
4.34920E+06,3.85770
4.34980E+06,3.80600
4.35110E+06,4.01720
4.35240E+06,3.94920
4.35310E+06,3.98960
4.35370E+06,3.88630
4.35440E+06,3.94160
4.35500E+06,3.87940
4.35570E+06,3.98120
4.35700E+06,3.95160
4.35890E+06,4.05950
4.35960E+06,3.99120
4.36020E+06,4.06370
4.36160E+06,3.82580
4.36220E+06,3.87860
4.36480E+06,3.67510
4.36680E+06,3.75040
4.36810E+06,4.03690
4.36870E+06,3.97410
4.36940E+06,3.97690
4.37070E+06,3.93670
4.37130E+06,3.97380
4.37400E+06,3.82940
4.37460E+06,3.83650
4.37720E+06,3.75530
4.37850E+06,3.81570
4.37990E+06,3.75210
4.38050E+06,3.77650
4.38120E+06,3.75560
4.38180E+06,3.75860
4.38250E+06,3.71850
4.38380E+06,3.86370
4.38510E+06,3.73490
4.38710E+06,3.81750
4.38770E+06,3.73910
4.38970E+06,3.83100
4.39040E+06,3.82420
4.39170E+06,3.96820
4.39300E+06,3.78510
4.39370E+06,3.79520
4.39500E+06,3.73170
4.39570E+06,3.80700
4.39700E+06,3.72450
4.39760E+06,3.75130
4.39830E+06,3.61490
4.39960E+06,3.87440
4.40030E+06,3.79780
4.40160E+06,3.89360
4.40230E+06,3.83550
4.40290E+06,3.91420
4.40430E+06,3.77740
4.40490E+06,3.81860
4.40620E+06,3.76340
4.40890E+06,3.87460
4.41090E+06,3.75940
4.41150E+06,3.81470
4.41490E+06,3.66680
4.41750E+06,3.92190
4.41820E+06,4.03340
4.41880E+06,3.96560
4.42020E+06,4.01490
4.42350E+06,3.82260
4.42420E+06,3.83430
4.42550E+06,3.68590
4.42680E+06,3.88980
4.42750E+06,3.84530
4.42950E+06,3.90870
4.43080E+06,3.88760
4.43150E+06,3.91460
4.43220E+06,3.89560
4.43290E+06,4.01620
4.43350E+06,3.95240
4.43550E+06,4.06480
4.43690E+06,4.00260
4.43750E+06,4.04530
4.43820E+06,4.00180
4.43890E+06,4.01600
4.43950E+06,3.93520
4.44020E+06,3.95370
4.44090E+06,3.79770
4.44160E+06,3.82680
4.44420E+06,3.60600
4.44490E+06,3.68560
4.44620E+06,3.64880
4.44760E+06,3.69340
4.44830E+06,3.63630
4.44890E+06,3.71870
4.44960E+06,3.71630
4.45160E+06,3.92830
4.45230E+06,3.82450
4.45300E+06,3.91530
4.45500E+06,3.80870
4.45570E+06,3.92680
4.45700E+06,3.86770
4.45970E+06,4.15080
4.46240E+06,3.83310
4.46310E+06,3.88580
4.46380E+06,3.84480
4.46440E+06,3.93230
4.46510E+06,3.89270
4.46580E+06,3.95040
4.46710E+06,3.83610
4.46780E+06,3.87930
4.46920E+06,3.67170
4.46936E+06,3.68408
4.47050E+06,3.77230
4.47120E+06,3.71910
4.47460E+06,3.94930
4.47590E+06,3.92290
4.47660E+06,3.93890
4.47730E+06,3.88960
4.47860E+06,4.02090
4.47930E+06,3.92670
4.48000E+06,3.95270
4.48200E+06,3.89360
4.48270E+06,3.89370
4.48340E+06,3.88970
4.48410E+06,3.92050
4.48480E+06,3.84320
4.48540E+06,3.91870
4.48680E+06,3.81540
4.48820E+06,3.89070
4.48880E+06,3.76590
4.49020E+06,3.84200
4.49090E+06,3.75900
4.49160E+06,3.80310
4.49360E+06,3.68480
4.49430E+06,3.80770
4.49500E+06,3.80280
4.49700E+06,3.93060
4.49770E+06,3.82890
4.49840E+06,3.86930
4.49910E+06,3.83250
4.50000E+06,3.89799
4.50040E+06,3.92710
4.50320E+06,3.76810
4.50390E+06,3.82790
4.50450E+06,3.82270
4.50520E+06,3.82490
4.50800E+06,3.65130
4.50870E+06,3.66600
4.50995E+06,3.62965
4.51000E+06,3.62820
4.51280E+06,3.73320
4.51350E+06,3.70110
4.51410E+06,3.73410
4.51480E+06,3.66230
4.51620E+06,3.74510
4.51690E+06,3.68650
4.51760E+06,3.73570
4.51830E+06,3.73510
4.51900E+06,3.82010
4.51960E+06,3.77160
4.52030E+06,3.78840
4.52100E+06,3.73280
4.52450E+06,4.04100
4.52650E+06,3.74640
4.52720E+06,3.79950
4.52790E+06,3.75110
4.52860E+06,3.81100
4.52930E+06,3.73200
4.53000E+06,3.80330
4.53070E+06,3.70790
4.53200E+06,3.80340
4.53270E+06,3.76450
4.53340E+06,3.82410
4.53410E+06,3.77110
4.53480E+06,3.81430
4.53550E+06,3.80010
4.53690E+06,3.84030
4.53760E+06,3.83380
4.53970E+06,3.94590
4.54240E+06,3.70660
4.54380E+06,3.80970
4.54520E+06,3.66370
4.54660E+06,3.77890
4.54800E+06,3.68870
4.54940E+06,3.77930
4.55010E+06,3.77830
4.55360E+06,4.05010
4.55560E+06,3.87280
4.55630E+06,3.89030
4.55770E+06,3.80500
4.55840E+06,3.82770
4.55980E+06,3.61400
4.56050E+06,3.79420
4.56120E+06,3.64670
4.56330E+06,3.89310
4.56400E+06,3.81880
4.56470E+06,3.82620
4.56610E+06,3.79070
4.56680E+06,3.80690
4.56750E+06,3.77580
4.56890E+06,3.81790
4.56960E+06,3.80330
4.57100E+06,3.85900
4.57310E+06,3.70040
4.57380E+06,3.74660
4.57450E+06,3.69940
4.57520E+06,3.72920
4.57590E+06,3.65450
4.57660E+06,3.74670
4.57730E+06,3.68740
4.57940E+06,3.79280
4.58220E+06,3.51190
4.58290E+06,3.55010
4.58360E+06,3.47460
4.58920E+06,3.75630
4.58990E+06,3.72030
4.59350E+06,4.00300
4.59420E+06,3.98900
4.59560E+06,4.07290
4.59840E+06,3.77740
4.59910E+06,3.78640
4.59980E+06,3.78460
4.60190E+06,3.84480
4.60330E+06,3.75160
4.60410E+06,3.90050
4.60690E+06,3.62570
4.60970E+06,3.78670
4.61110E+06,3.73600
4.61260E+06,3.88810
4.61330E+06,3.83660
4.61470E+06,3.89970
4.61540E+06,3.89010
4.61750E+06,3.95810
4.61820E+06,3.91150
4.61970E+06,4.00960
4.62250E+06,3.77420
4.62540E+06,3.93950
4.62680E+06,3.83350
4.62750E+06,3.87550
4.62820E+06,3.87110
4.62890E+06,3.88730
4.62960E+06,3.85680
4.63030E+06,3.88260
4.63180E+06,3.84150
4.63250E+06,3.94280
4.63320E+06,3.83650
4.63460E+06,3.90800
4.63530E+06,3.87650
4.63610E+06,3.89110
4.63960E+06,3.78030
4.64040E+06,3.89350
4.64180E+06,3.75680
4.64250E+06,3.82050
4.64390E+06,3.67350
4.64540E+06,3.82460
4.64610E+06,3.67630
4.64680E+06,3.74440
4.64750E+06,3.74240
4.65040E+06,3.89810
4.65330E+06,3.72990
4.65400E+06,3.79550
4.65540E+06,3.72010
4.65610E+06,3.73270
4.65760E+06,3.71130
4.65830E+06,3.73420
4.65970E+06,3.62050
4.66120E+06,3.74180
4.66260E+06,3.71630
4.66410E+06,3.79120
4.66620E+06,3.67040
4.66700E+06,3.80000
4.66840E+06,3.73860
4.66910E+06,3.82170
4.66990E+06,3.78020
4.67130E+06,3.85190
4.67200E+06,3.78460
4.67270E+06,3.83870
4.67350E+06,3.76070
4.67420E+06,3.80670
4.67490E+06,3.79170
4.68000E+06,4.11410
4.68360E+06,3.73530
4.68510E+06,3.75060
4.68580E+06,3.67090
4.68720E+06,3.72680
4.68801E+06,3.69624
4.68870E+06,3.67020
4.68940E+06,3.73800
4.69160E+06,3.64810
4.69230E+06,3.85840
4.69310E+06,3.84250
4.69380E+06,3.85420
4.69740E+06,3.73390
4.69820E+06,3.74590
4.69890E+06,3.74180
4.70177E+06,3.82671
4.70180E+06,3.82760
4.70330E+06,3.66850
4.70400E+06,3.81100
4.70470E+06,3.72040
4.70770E+06,3.78640
4.70840E+06,3.77990
4.71130E+06,3.92520
4.71200E+06,3.88480
4.71280E+06,3.93100
4.71570E+06,3.69060
4.71720E+06,3.69960
4.71790E+06,3.64800
4.72160E+06,3.93280
4.72230E+06,3.83740
4.72300E+06,3.91850
4.72530E+06,3.78500
4.72600E+06,3.89040
4.72750E+06,3.80730
4.72820E+06,3.84030
4.72890E+06,3.78190
4.72970E+06,3.79480
4.73260E+06,3.68640
4.73340E+06,3.74700
4.73410E+06,3.69810
4.73700E+06,3.81120
4.73780E+06,3.77310
4.74000E+06,3.83350
4.74080E+06,3.82210
4.74150E+06,3.83500
4.74220E+06,3.77360
4.74300E+06,3.82080
4.74670E+06,3.66180
4.74740E+06,3.76450
4.74810E+06,3.71720
4.74960E+06,3.82720
4.75040E+06,3.76020
4.75110E+06,3.77160
4.75260E+06,3.67690
4.75560E+06,3.88660
4.75700E+06,3.81890
4.75780E+06,3.82450
4.75930E+06,3.72020
4.76080E+06,3.81340
4.76230E+06,3.70010
4.77050E+06,4.07570
4.77340E+06,3.87650
4.77420E+06,3.92810
4.77640E+06,3.74470
4.77720E+06,3.83820
4.77870E+06,3.72770
4.77940E+06,3.76300
4.78020E+06,3.70050
4.78090E+06,3.74750
4.78170E+06,3.71350
4.78320E+06,3.87820
4.78470E+06,3.80690
4.78540E+06,3.83850
4.78620E+06,3.78780
4.78690E+06,3.84590
4.79140E+06,3.62770
4.79220E+06,3.63740
4.79290E+06,3.60610
4.79370E+06,3.68780
4.79440E+06,3.64080
4.79590E+06,3.77260
4.79740E+06,3.73150
4.79890E+06,3.85840
4.79970E+06,3.82970
4.80040E+06,3.87000
4.80190E+06,3.72380
4.80270E+06,3.78520
4.80350E+06,3.73720
4.80420E+06,3.86370
4.80500E+06,3.85730
4.80570E+06,3.90460
4.80650E+06,3.76580
4.80720E+06,3.76830
4.80800E+06,3.74430
4.80870E+06,3.80430
4.80950E+06,3.74310
4.81100E+06,3.86200
4.81180E+06,3.83970
4.81480E+06,3.97440
4.81710E+06,3.85240
4.81780E+06,3.86570
4.81860E+06,3.85720
4.81930E+06,3.91920
4.82010E+06,3.90580
4.82090E+06,3.93550
4.82160E+06,3.85390
4.82540E+06,4.02650
4.82620E+06,4.00600
4.82690E+06,4.14050
4.82840E+06,3.86530
4.82920E+06,4.02150
4.83000E+06,3.87460
4.83070E+06,3.89700
4.83150E+06,3.80650
4.83300E+06,3.84000
4.83530E+06,3.75060
4.83610E+06,3.77180
4.83680E+06,3.64040
4.83830E+06,3.78430
4.83910E+06,3.77990
4.84140E+06,3.98330
4.84670E+06,3.55300
4.84760E+06,3.59125
4.84830E+06,3.62100
4.84900E+06,3.60520
4.85210E+06,3.66510
4.85290E+06,3.63390
4.85440E+06,3.75940
4.85590E+06,3.61690
4.85670E+06,3.64200
4.85750E+06,3.61660
4.85820E+06,3.65890
4.86050E+06,3.49970
4.86280E+06,3.76320
4.86360E+06,3.75650
4.86440E+06,3.85040
4.86510E+06,3.67240
4.86590E+06,3.84140
4.86670E+06,3.82290
4.86740E+06,3.83620
4.86820E+06,3.77920
4.86900E+06,3.78340
4.86970E+06,3.77450
4.87050E+06,3.78610
4.87280E+06,3.68480
4.87360E+06,3.75640
4.87510E+06,3.63900
4.87820E+06,3.78490
4.87900E+06,3.77170
4.87980E+06,3.85760
4.88050E+06,3.84970
4.88130E+06,3.89180
4.88210E+06,3.79280
4.88290E+06,3.82240
4.88440E+06,3.65420
4.88670E+06,3.70340
4.88830E+06,3.55020
4.88980E+06,3.58080
4.89060E+06,3.56710
4.89290E+06,3.65530
4.89370E+06,3.61490
4.89450E+06,3.63240
4.89600E+06,3.60480
4.89990E+06,3.83200
4.90140E+06,3.76970
4.90300E+06,3.84720
4.90460E+06,3.75700
4.90530E+06,3.79720
4.90610E+06,3.77990
4.90770E+06,3.79590
4.90920E+06,3.75510
4.91000E+06,3.78170
4.91310E+06,3.58060
4.91390E+06,3.60180
4.91470E+06,3.59680
4.91550E+06,3.67470
4.91780E+06,3.58250
4.91860E+06,3.68690
4.91940E+06,3.57430
4.92020E+06,3.68420
4.92090E+06,3.62650
4.92170E+06,3.68680
4.92330E+06,3.49190
4.92560E+06,3.59630
4.92640E+06,3.55490
4.92720E+06,3.64560
4.92800E+06,3.62050
4.92880E+06,3.65880
4.92960E+06,3.59480
4.93110E+06,3.68600
4.93270E+06,3.63520
4.93350E+06,3.70430
4.93430E+06,3.69640
4.93510E+06,3.75050
4.93580E+06,3.61510
4.93820E+06,3.73480
4.93900E+06,3.73210
4.93980E+06,3.73660
4.94210E+06,3.52150
4.94290E+06,3.65780
4.94370E+06,3.58160
4.94530E+06,3.73820
4.94610E+06,3.70390
4.94690E+06,3.71070
4.94760E+06,3.69800
4.94920E+06,3.84600
4.95160E+06,3.79120
4.95390E+06,4.00360
4.95710E+06,3.85650
4.95790E+06,3.93790
4.96030E+06,3.85890
4.96110E+06,3.88530
4.96131E+06,3.86983
4.96270E+06,3.76740
4.96340E+06,3.83490
4.96580E+06,3.65770
4.96660E+06,3.73510
4.96900E+06,3.61030
4.97140E+06,3.79310
4.97380E+06,3.63140
4.97610E+06,3.79910
4.98010E+06,3.56400
4.98090E+06,3.72500
4.98170E+06,3.68260
4.98250E+06,3.74240
4.98330E+06,3.69740
4.98490E+06,3.78790
4.98650E+06,3.77230
4.98730E+06,3.77250
4.98810E+06,3.73680
4.98970E+06,3.82880
4.99050E+06,3.72240
4.99210E+06,3.77130
4.99290E+06,3.76810
4.99370E+06,3.77380
4.99450E+06,3.75940
4.99530E+06,3.80350
4.99690E+06,3.72410
4.99770E+06,3.76370
4.99930E+06,3.70730
5.00000E+06,3.79144
5.00000E+06,3.65968
5.00000E+06,3.65968
5.50000E+06,3.62468
5.95161E+06,3.58279
5.95161E+06,3.58279
6.00000E+06,3.57830
6.50000E+06,3.51700
7.00000E+06,3.44103
7.50000E+06,3.35315
8.00000E+06,3.25710
8.22028E+06,3.21291
8.22029E+06,3.21291
8.50000E+06,3.15680
9.00000E+06,3.05578
9.50000E+06,2.95708
1.00000E+07,2.86310
1.04946E+07,2.77658
1.04946E+07,2.77658
1.05000E+07,2.77564
1.07262E+07,2.73936
1.07263E+07,2.73936
1.10000E+07,2.69546
1.12702E+07,2.65607
1.12702E+07,2.65607
1.15000E+07,2.62259
1.20000E+07,2.55679
1.25000E+07,2.49768
1.27527E+07,2.47093
1.27528E+07,2.47093
1.30000E+07,2.44477
1.35000E+07,2.39757
1.40000E+07,2.35559
1.45000E+07,2.31838
1.50000E+07,2.28554
1.55000E+07,2.25668
1.60000E+07,2.23149
1.65000E+07,2.20965
1.70000E+07,2.19092
1.71075E+07,2.18750
1.71075E+07,2.18750
1.75000E+07,2.17504
1.80000E+07,2.16179
1.85000E+07,2.15097
1.90000E+07,2.14238
1.95000E+07,2.13584
2.00000E+07,2.13118
