1.03125E-05,44.8628
1.06250E-05,44.2132
1.09375E-05,43.5919
1.12500E-05,42.9968
1.15625E-05,42.4262
1.18750E-05,41.8785
1.21875E-05,41.3522
1.25000E-05,40.8459
1.28125E-05,40.3584
1.31250E-05,39.8886
1.34375E-05,39.4354
1.37500E-05,38.9980
1.43750E-05,38.1666
1.50000E-05,37.3883
1.56250E-05,36.6577
1.62500E-05,35.9702
1.68750E-05,35.3216
1.75000E-05,34.7085
1.81250E-05,34.1278
1.87500E-05,33.5768
1.93750E-05,33.0530
2.00000E-05,32.5543
2.09375E-05,31.8491
2.18750E-05,31.1905
2.28125E-05,30.5735
2.37500E-05,29.9940
2.46875E-05,29.4484
2.56250E-05,28.9335
2.65625E-05,28.4466
2.75000E-05,27.9854
2.84375E-05,27.5475
2.93750E-05,27.1313
3.03125E-05,26.7348
3.12500E-05,26.3568
3.21875E-05,25.9957
3.31250E-05,25.6505
3.40625E-05,25.3199
3.50000E-05,25.0030
3.59375E-05,24.6989
3.68750E-05,24.4068
3.78125E-05,24.1259
3.87500E-05,23.8555
3.96875E-05,23.5951
4.06250E-05,23.3439
4.25000E-05,22.8675
4.43750E-05,22.4225
4.62500E-05,22.0056
4.81250E-05,21.6142
5.00000E-05,21.2457
5.15625E-05,20.9547
5.31250E-05,20.6770
5.46875E-05,20.4118
5.62500E-05,20.1581
5.78125E-05,19.9152
5.93750E-05,19.6823
6.09375E-05,19.4588
6.25000E-05,19.2441
6.40625E-05,19.0376
6.56250E-05,18.8389
6.71875E-05,18.6474
6.87500E-05,18.4629
7.18750E-05,18.1128
7.50000E-05,17.7859
7.81250E-05,17.4798
8.12500E-05,17.1925
8.43750E-05,16.9222
8.75000E-05,16.6673
9.06250E-05,16.4265
9.37500E-05,16.1985
9.68750E-05,15.9824
0.000100000,15.7771
0.000103125,15.5819
0.000106250,15.3959
0.000109375,15.2185
0.000112500,15.0491
0.000115625,14.8871
0.000118750,14.7320
0.000121875,14.5834
0.000125000,14.4409
0.000128125,14.3040
0.000131250,14.1724
0.000134375,14.0459
0.000137500,13.9241
0.000143750,13.6935
0.000150000,13.4788
0.000156250,13.2783
0.000162500,13.0907
0.000168750,12.9146
0.000175000,12.7490
0.000181250,12.5930
0.000187500,12.4457
0.000193750,12.3065
0.000200000,12.1746
0.000209375,11.9892
0.000218750,11.8174
0.000228125,11.6576
0.000237500,11.5087
0.000246875,11.3695
0.000256250,11.2391
0.000265625,11.1167
0.000275000,11.0015
0.000284375,10.8930
0.000293750,10.7905
0.000303125,10.6936
0.000312500,10.6018
0.000321875,10.5147
0.000331250,10.4320
0.000340625,10.3533
0.000350000,10.2784
0.000359375,10.2070
0.000368750,10.1388
0.000378125,10.0737
0.000387500,10.0114
0.000396875,9.95172
0.000406250,9.89457
0.000425000,9.78713
0.000443750,9.68799
0.000462500,9.59621
0.000481250,9.51101
0.000500000,9.43172
0.000515625,9.36972
0.000531250,9.31111
0.000546875,9.25563
0.000562500,9.20303
0.000578125,9.15309
0.000593750,9.10562
0.000609375,9.06044
0.000625000,9.01740
0.000640625,8.97634
0.000656250,8.93714
0.000671875,8.89967
0.000687500,8.86382
0.000718750,8.79659
0.000750000,8.73473
0.000781250,8.67762
0.000812500,8.62475
0.000843750,8.57566
0.000875000,8.52997
0.000906250,8.48735
0.000937500,8.44748
0.000968750,8.41012
0.00100000,8.37505
0.00103125,8.34205
0.00106250,8.31096
0.00109375,8.28160
0.00112500,8.25385
0.00115625,8.22757
0.00118750,8.20266
0.00121875,8.17900
0.00125000,8.15651
0.00128125,8.13510
0.00131250,8.11470
0.00134375,8.09523
0.00137500,8.07664
0.00143750,8.04186
0.00150000,8.00994
0.00156250,7.98055
0.00162500,7.95341
0.00168750,7.92825
0.00175000,7.90488
0.00181250,7.88311
0.00187500,7.86278
0.00193750,7.84375
0.00200000,7.82590
0.00209375,7.80110
0.00218750,7.77842
0.00228125,7.75759
0.00237500,7.73839
0.00246875,7.72064
0.00256250,7.70417
0.00265625,7.68886
0.00275000,7.67459
0.00284375,7.66125
0.00293750,7.64875
0.00303125,7.63702
0.00312500,7.62599
0.00321875,7.61559
0.00331250,7.60578
0.00340625,7.59651
0.00350000,7.58772
0.00359375,7.57939
0.00368750,7.57148
0.00378125,7.56396
0.00387500,7.55680
0.00396875,7.54998
0.00406250,7.54347
0.00425000,7.53129
0.00443750,7.52014
0.00462500,7.50988
0.00481250,7.50041
0.00500000,7.49165
0.00515625,7.48483
0.00531250,7.47840
0.00546875,7.47234
0.00562500,7.46661
0.00578125,7.46119
0.00593750,7.45605
0.00609375,7.45117
0.00625000,7.44653
0.00640625,7.44212
0.00656250,7.43791
0.00671875,7.43390
0.00687500,7.43006
0.00718750,7.42289
0.00750000,7.41631
0.00781250,7.41024
0.00812500,7.40464
0.00843750,7.39945
0.00875000,7.39462
0.00906250,7.39012
0.00937500,7.38592
0.00968750,7.38198
0.0100000,7.37829
0.0103125,7.37482
0.0106250,7.37155
0.0109375,7.36846
0.0112500,7.36554
0.0115625,7.36278
0.0118750,7.36016
0.0121875,7.35767
0.0125000,7.35530
0.0128125,7.35305
0.0131250,7.35090
0.0134375,7.34886
0.0137500,7.34690
0.0143750,7.34324
0.0150000,7.33987
0.0156250,7.33678
0.0162500,7.33391
0.0168750,7.33126
0.0175000,7.32879
0.0181250,7.32648
0.0187500,7.32433
0.0193750,7.32232
0.0200000,7.32042
0.0206625,7.31854
0.0213250,7.31677
0.0219875,7.31511
0.0226500,7.31354
0.0233125,7.31205
0.0239750,7.31065
0.0246375,7.30932
0.0253000,7.30806
0.0260719,7.30668
0.0268438,7.30536
0.0276156,7.30413
0.0283875,7.30295
0.0291594,7.30184
0.0299313,7.30078
0.0314750,7.29882
0.0330188,7.29704
0.0345625,7.29541
0.0361063,7.29392
0.0376500,7.29254
0.0391938,7.29127
0.0407375,7.29010
0.0422813,7.28901
0.0438250,7.28799
0.0453688,7.28704
0.0469125,7.28616
0.0484563,7.28532
0.0500000,7.28454
0.0515625,7.28379
0.0531250,7.28309
0.0546875,7.28242
0.0562500,7.28179
0.0593750,7.28063
0.0625000,7.27958
0.0656250,7.27863
0.0687500,7.27776
0.0718750,7.27696
0.0750000,7.27623
0.0781250,7.27555
0.0812500,7.27492
0.0843750,7.27434
0.0875000,7.27380
0.0906250,7.27330
0.0937500,7.27282
0.0968750,7.27238
0.100000,7.27196
0.106250,7.27120
0.112500,7.27051
0.118750,7.26990
0.125000,7.26935
0.131250,7.26884
0.137500,7.26838
0.143750,7.26796
0.150000,7.26757
0.156250,7.26721
0.162500,7.26688
0.168750,7.26657
0.175000,7.26628
0.187500,7.26575
0.200000,7.26529
0.209375,7.26498
0.218750,7.26470
0.228125,7.26443
0.237500,7.26419
0.246875,7.26396
0.256250,7.26375
0.275000,7.26337
0.293750,7.26303
0.312500,7.26273
0.331250,7.26246
0.350000,7.26222
0.368750,7.26201
0.387500,7.26181
0.406250,7.26163
0.425000,7.26146
0.443750,7.26131
0.462500,7.26116
0.500000,7.26091
0.531250,7.26072
0.562500,7.26056
0.593750,7.26040
0.625000,7.26027
0.687500,7.26002
0.750000,7.25982
0.812500,7.25964
0.875000,7.25949
0.937500,7.25935
1.00000,7.25923
1.06250,7.25912
1.12500,7.25902
1.18750,7.25894
1.25000,7.25885
1.37500,7.25871
1.50000,7.25859
1.62500,7.25848
1.75000,7.25839
1.87500,7.25830
2.00000,7.25823
2.18750,7.25813
2.37500,7.25804
2.56250,7.25796
2.75000,7.25789
2.93750,7.25783
3.12500,7.25777
3.31250,7.25772
3.50000,7.25767
3.87500,7.25758
4.25000,7.25750
4.62500,7.25743
5.00000,7.25736
5.62500,7.25726
6.25000,7.25718
6.87500,7.25710
7.50000,7.25703
8.12500,7.25696
8.75000,7.25689
10.0000,7.25677
11.2500,7.25666
12.5000,7.25655
13.7500,7.25645
15.0000,7.25635
16.2500,7.25625
17.5000,7.25616
20.0000,7.25598
21.8750,7.25585
23.7500,7.25572
27.5000,7.25546
31.2500,7.25521
35.0000,7.25497
38.7500,7.25472
42.5000,7.25448
50.0000,7.25400
56.2500,7.25361
62.5000,7.25322
75.0000,7.25243
87.5000,7.25166
100.000,7.25088
112.500,7.25011
125.000,7.24933
150.000,7.24778
175.000,7.24624
200.000,7.24469
237.500,7.24236
275.000,7.24003
312.500,7.23770
350.000,7.23536
425.000,7.23066
500.000,7.22593
625.000,7.21799
750.000,7.20998
875.000,7.20188
1000.00,7.19370
1250.00,7.17707
1500.00,7.16006
1750.00,7.14265
2000.00,7.12480
2468.75,7.09007
2750.00,7.06835
3500.00,7.00671
4250.00,6.93859
5000.00,6.86230
5625.00,6.79083
6250.00,6.71030
6875.00,6.61828
7500.00,6.51146
8125.00,6.38515
8437.50,6.31265
8750.00,6.23248
9218.75,6.09464
9453.13,6.01609
9687.50,5.92977
10000.0,5.80037
10187.5,5.71333
10374.9,5.61839
10562.4,5.51369
10749.8,5.39852
10956.0,5.25688
11059.1,5.17953
11162.2,5.09733
11251.2,5.02199
11340.3,4.94252
11429.3,4.85863
11518.3,4.77014
11621.4,4.66179
11673.0,4.60539
11724.5,4.54766
11780.8,4.48344
11837.0,4.41853
11893.2,4.35392
11949.4,4.29144
11975.2,4.26432
12001.0,4.23882
12026.8,4.21559
12052.5,4.19557
12071.3,4.18378
12090.0,4.17509
12111.1,4.17018
12132.2,4.17221
12153.3,4.18372
12174.4,4.20845
12187.3,4.23262
12200.2,4.26580
12213.0,4.31048
12225.9,4.37011
12238.8,4.44946
12251.7,4.55521
12258.2,4.62105
12264.6,4.69746
12271.0,4.78656
12277.5,4.89088
12284.5,5.02534
12291.5,5.18745
12298.6,5.38406
12302.1,5.49829
12305.6,5.62458
12308.8,5.75321
12312.0,5.89492
12315.3,6.05191
12318.5,6.22635
12321.7,6.42143
12324.9,6.63900
12328.2,6.88327
12331.4,7.15859
12334.0,7.41119
12336.6,7.69058
12339.3,8.00303
12341.9,8.35102
12344.6,8.74282
12347.2,9.18212
12349.8,9.68114
12352.5,10.2473
12354.1,10.6357
12355.7,11.0559
12357.3,11.5139
12358.9,12.0144
12360.5,12.5627
12362.1,13.1650
12363.7,13.8282
12365.3,14.5608
12367.0,15.3725
12368.6,16.2747
12370.2,17.2811
12371.8,18.4078
12373.4,19.6741
12374.2,20.3711
12375.0,21.1031
12375.8,21.8921
12376.6,22.7226
12377.4,23.6198
12378.2,24.5664
12379.3,25.9756
12380.4,27.5237
12381.5,29.2284
12382.6,31.1105
12383.7,33.1941
12384.8,35.5070
12385.9,38.0813
12387.0,40.9262
12387.8,43.2541
12388.6,45.7527
12389.4,48.5052
12390.2,51.4659
12391.0,54.7338
12391.8,58.2546
12392.7,62.1452
12393.5,66.3393
12394.3,71.0329
12395.1,76.0934
12395.9,81.6769
12396.7,87.6744
12397.5,94.2551
12398.3,101.270
12399.2,108.888
12400.0,116.901
12401.1,128.360
12402.2,140.400
12404.3,164.699
12405.4,176.063
12406.0,181.312
12406.5,186.040
12407.1,190.341
12407.6,193.983
12408.1,196.981
12408.7,199.280
12409.3,201.092
12410.0,201.702
12410.6,201.306
12411.1,200.125
12411.6,198.140
12412.2,195.463
12412.7,192.050
12413.3,188.089
12413.8,183.595
12414.4,178.644
12415.4,167.589
12416.5,155.645
12418.7,131.420
12419.4,123.595
12420.2,116.078
12420.9,108.920
12421.6,102.154
12422.4,95.7972
12423.1,89.8528
12423.8,84.3150
12424.5,79.2389
12425.3,74.5288
12426.0,70.1647
12426.7,66.1250
12427.4,62.4376
12428.1,58.9768
12428.8,55.8178
12429.6,52.8514
12430.3,50.1411
12430.9,47.7977
12431.6,45.6106
12432.2,43.5678
12432.9,41.6863
12433.6,39.8980
12434.2,38.2234
12434.9,36.6541
12435.5,35.2037
12436.2,33.8203
12436.8,32.5204
12437.5,31.2977
12438.2,30.1636
12438.8,29.0780
12439.5,28.0542
12440.8,26.1881
12442.1,24.5061
12443.4,23.0079
12444.7,21.6584
12446.0,20.4390
12447.4,19.3258
12448.7,18.3223
12450.0,17.4077
12451.3,16.5722
12453.0,15.6025
12454.6,14.7378
12456.3,13.9594
12458.0,13.2563
12459.7,12.6155
12461.3,12.0362
12463.0,11.5075
12464.7,11.0237
12466.0,10.6699
12467.3,10.3414
12469.9,9.74276
12472.6,9.21467
12475.2,8.74807
12477.8,8.33066
12480.4,7.95710
12483.1,7.62137
12485.7,7.31956
12488.3,7.04516
12490.9,6.79581
12493.6,6.56850
12496.2,6.36137
12498.8,6.17065
12501.5,5.99524
12504.1,5.83349
12506.7,5.68452
12511.2,5.45182
12515.8,5.24670
12520.3,5.06397
12524.9,4.90098
12529.4,4.75425
12533.9,4.62177
12538.5,4.50160
12543.0,4.39232
12548.3,4.27696
12553.5,4.17228
12564.0,3.98949
12574.5,3.83457
12585.1,3.70101
12599.4,3.54500
12613.7,3.41177
12628.0,3.29499
12642.4,3.19075
12663.4,3.05465
12684.4,2.93287
12705.4,2.82108
12726.4,2.71640
12749.4,2.60772
12772.3,2.50308
12795.2,2.40107
12818.2,2.30068
12852.6,2.15143
12869.8,2.07688
12887.0,2.00208
12891.9,1.98060
12896.8,1.95905
12898.0,1.95361
12899.2,1.94828
12899.8,1.94567
12900.4,1.94327
12900.7,1.94215
12901.0,1.94117
12901.4,1.94029
12901.7,1.93962
12902.0,1.93915
12902.3,1.93898
12902.6,1.93919
12902.9,1.93982
12903.2,1.94103
12903.5,1.94283
12903.8,1.94544
12904.1,1.94880
12904.4,1.95324
12904.7,1.95856
12905.0,1.96518
12905.3,1.97273
12905.9,1.99149
12906.5,2.01435
12907.5,2.05504
12908.2,2.08404
12908.7,2.10044
12909.1,2.11003
12909.2,2.11261
12909.4,2.11702
12909.7,2.11965
12909.8,2.12032
12910.0,2.12057
12910.1,2.12032
12910.4,2.11812
12911.0,2.10448
12911.2,2.09832
12911.5,2.08754
12912.4,2.05113
12913.0,2.02073
12914.0,1.97037
12914.5,1.94885
12915.1,1.93040
12915.6,1.91514
12915.8,1.90864
12916.1,1.90284
12916.4,1.89768
12916.6,1.89311
12916.9,1.88907
12917.1,1.88549
12917.4,1.88220
12917.7,1.87939
12917.9,1.87687
12918.2,1.87460
12918.5,1.87254
12918.7,1.87065
12919.0,1.86890
12919.2,1.86726
12919.8,1.86425
12920.3,1.86147
12920.8,1.85884
12921.3,1.85630
12922.4,1.85133
12923.4,1.84652
12925.5,1.83705
12929.6,1.81835
12938.2,1.78030
12946.7,1.74244
12963.8,1.66659
12998.0,1.51370
13066.3,1.20312
13111.8,0.994689
13157.4,0.789403
13180.2,0.689292
13202.9,0.592968
13214.3,0.546489
13225.7,0.501457
13237.1,0.457943
13248.5,0.416514
13257.0,0.386876
13265.6,0.358690
13274.1,0.332083
13282.7,0.307238
13291.2,0.284344
13295.5,0.273692
13299.7,0.263610
13304.0,0.254133
13308.3,0.245278
13312.5,0.237057
13316.8,0.229509
13320.9,0.223040
13325.0,0.217281
13329.0,0.212256
13333.1,0.208011
13337.2,0.204563
13341.2,0.201968
13345.3,0.200255
13349.3,0.199475
13353.8,0.199746
13358.3,0.201261
13362.8,0.204094
13367.2,0.208303
13371.7,0.213982
13376.2,0.221184
13380.7,0.230002
13385.1,0.240524
13389.6,0.252871
13394.1,0.267085
13398.6,0.283334
13403.0,0.301654
13407.5,0.322240
13412.0,0.345124
13416.5,0.370477
13420.9,0.398434
13425.4,0.429210
13429.9,0.462821
13434.3,0.499492
13438.8,0.539395
13443.3,0.582810
13447.8,0.629736
13452.2,0.680468
13456.7,0.735223
13461.2,0.794366
13465.7,0.857876
13470.1,0.926297
13474.6,0.999597
13479.1,1.07840
13483.6,1.16266
13488.0,1.25309
13492.5,1.34964
13497.0,1.45312
13501.5,1.56346
13505.9,1.68132
13510.4,1.80714
13514.9,1.94172
13519.3,2.08499
13523.8,2.23778
13528.3,2.40069
13532.8,2.57475
13537.2,2.75985
13541.7,2.95757
13546.2,3.16778
13550.7,3.39227
13555.1,3.63093
13559.6,3.88520
13564.1,4.15611
13568.6,4.44542
13573.0,4.75304
13577.5,5.08161
13582.0,5.43105
13586.5,5.80441
13590.9,6.20160
13595.4,6.62514
13599.9,7.07688
13604.3,7.55992
13608.8,8.07426
13613.3,8.62325
13617.8,9.20938
13622.2,9.83682
13626.7,10.5057
13631.2,11.2204
13635.6,11.9845
13640.1,12.8035
13644.6,13.6778
13649.1,14.6154
13653.5,15.6170
13658.0,16.6921
13662.5,17.8412
13667.0,19.0726
13671.4,20.3926
13675.9,21.8112
13680.4,23.3295
13684.9,24.9621
13689.3,26.7103
13693.8,28.5908
13698.3,30.6051
13702.8,32.7722
13707.2,35.0936
13711.7,37.5910
13716.2,40.2652
13720.7,43.1342
13725.1,46.2105
13729.6,49.5074
13734.1,53.0377
13738.5,56.8142
13743.0,60.8488
13746.8,64.4857
13750.6,68.3353
13754.4,72.3800
13758.2,76.6262
13762.0,81.0804
13765.7,85.7448
13769.5,90.6157
13773.3,95.6861
13780.9,106.388
13788.5,117.722
13796.1,129.483
13803.6,141.366
13812.7,155.299
13817.3,161.901
13821.8,168.112
13826.4,173.857
13830.9,179.015
13835.5,183.527
13840.0,187.302
13844.6,190.299
13849.1,192.480
13853.7,193.835
13858.2,194.370
13862.7,194.116
13867.3,193.119
13871.8,191.442
13876.4,189.157
13880.9,186.330
13885.5,183.046
13894.6,175.431
13903.7,166.846
13912.8,157.878
13921.9,148.840
13930.9,139.994
13943.9,128.038
13950.4,122.418
13956.9,117.099
13963.4,112.054
13969.9,107.295
13976.4,102.803
13982.9,98.5822
13993.9,92.0395
14004.8,86.1322
14015.8,80.8178
14026.7,76.0269
14037.7,71.7008
14048.6,67.7976
14059.6,64.2606
14070.5,61.0485
14082.0,57.9933
14093.5,55.2168
14105.0,52.6880
14116.4,50.3820
14127.9,48.2673
14139.4,46.3288
14150.9,44.5436
14162.3,42.8976
14173.8,41.3756
14185.3,39.9662
14196.8,38.6563
14208.2,37.4394
14219.7,36.3034
14231.2,35.2438
14254.1,33.3223
14275.0,31.7809
14295.9,30.3967
14316.7,29.1464
14337.6,28.0159
14358.5,26.9932
14379.3,26.0613
14400.2,25.2068
14421.0,24.4227
14444.0,23.6350
14466.9,22.9115
14489.9,22.2465
14512.8,21.6355
14535.8,21.0686
14558.7,20.5446
14604.6,19.6033
14638.0,18.9965
14671.4,18.4455
14704.8,17.9432
14738.2,17.4834
14804.9,16.6709
14871.7,15.9769
14917.6,15.5575
14963.5,15.1745
15009.4,14.8250
15055.3,14.5066
15147.1,13.9421
15238.9,13.4595
15347.4,12.9735
15455.9,12.5589
15564.4,12.2024
15672.9,11.8889
15856.5,11.4447
16040.1,11.0794
16223.7,10.7738
16407.3,10.5145
16624.2,10.2554
16841.2,10.0356
17058.2,9.84748
17275.2,9.68252
17675.8,9.43032
18076.3,9.22730
18143.1,9.19726
18156.9,9.19116
18170.8,9.18511
18177.7,9.18210
18181.1,9.18061
18184.6,9.17912
18188.0,9.17764
18189.8,9.17690
18191.5,9.17617
18193.2,9.17544
18195.0,9.17473
18195.8,9.17438
18196.7,9.17404
18197.1,9.17388
18197.5,9.17373
18198.0,9.17358
18198.4,9.17346
18198.9,9.17334
18199.1,9.17330
18199.3,9.17327
18199.6,9.17325
18199.8,9.17324
18200.0,9.17325
18200.2,9.17328
18200.5,9.17333
18200.7,9.17341
18200.9,9.17352
18201.1,9.17365
18201.4,9.17383
18201.6,9.17406
18202.1,9.17464
18202.5,9.17546
18203.0,9.17654
18203.4,9.17795
18203.9,9.17968
18204.3,9.18182
18204.8,9.18428
18205.7,9.19026
18206.9,9.19976
18208.2,9.20853
18208.7,9.21143
18209.3,9.21329
18209.7,9.21395
18210.0,9.21396
18210.3,9.21359
18210.8,9.21224
18211.4,9.20966
18211.9,9.20620
18213.4,9.19351
18214.2,9.18695
18215.0,9.18110
18215.4,9.17794
18215.9,9.17523
18216.4,9.17285
18216.8,9.17090
18217.3,9.16926
18217.8,9.16795
18218.0,9.16737
18218.2,9.16687
18218.5,9.16642
18218.7,9.16602
18218.9,9.16565
18219.2,9.16533
18219.4,9.16505
18219.6,9.16479
18219.9,9.16454
18220.1,9.16433
18220.3,9.16414
18220.5,9.16396
18220.8,9.16379
18221.0,9.16364
18221.5,9.16336
18221.9,9.16310
18222.4,9.16287
18222.7,9.16270
18223.1,9.16254
18223.8,9.16223
18224.5,9.16192
18225.1,9.16162
18226.5,9.16103
18227.9,9.16044
18230.6,9.15927
18233.3,9.15811
18236.1,9.15695
18238.8,9.15579
18244.2,9.15349
18255.2,9.14889
18266.1,9.14432
18292.3,9.13343
18318.5,9.12268
18371.0,9.10155
18475.8,9.06100
18685.6,8.98480
19105.1,8.85117
19216.9,8.81924
19608.5,8.71788
20000.0,8.63022
20278.4,8.57540
20417.6,8.55010
20487.2,8.53797
20556.8,8.52614
20605.8,8.51801
20630.3,8.51400
20654.8,8.51002
20679.4,8.50608
20691.6,8.50411
20703.9,8.50215
20716.1,8.50019
20728.4,8.49823
20734.5,8.49725
20740.7,8.49627
20746.8,8.49528
20752.9,8.49430
20757.3,8.49360
20761.6,8.49290
20766.0,8.49220
20770.3,8.49150
20774.7,8.49081
20776.8,8.49047
20779.0,8.49014
20781.2,8.48982
20783.4,8.48952
20785.5,8.48925
20787.7,8.48903
20789.4,8.48890
20791.1,8.48886
20791.9,8.48888
20792.8,8.48895
20793.6,8.48909
20794.4,8.48935
20795.3,8.48985
20795.7,8.49025
20796.1,8.49081
20796.5,8.49159
20797.0,8.49269
20797.4,8.49423
20797.8,8.49639
20798.2,8.49940
20798.6,8.50357
20799.1,8.50927
20799.5,8.51702
20799.9,8.52742
20800.3,8.54120
20800.7,8.55923
20801.2,8.58249
20801.5,8.60667
20801.9,8.63590
20802.2,8.67088
20802.5,8.71101
20802.9,8.75925
20803.2,8.81338
20803.9,8.94675
20804.6,9.11236
20805.3,9.30775
20806.0,9.52577
20806.7,9.75434
20807.2,9.90785
20807.6,10.0528
20808.1,10.1830
20808.6,10.2927
20809.0,10.3689
20809.4,10.4214
20809.8,10.4475
20810.0,10.4514
20810.2,10.4486
20810.6,10.4282
20811.0,10.3858
20811.3,10.3236
20811.9,10.2126
20812.4,10.0759
20813.2,9.82782
20814.0,9.56458
20814.8,9.31250
20815.2,9.19693
20815.6,9.09060
20816.1,8.96993
20816.6,8.86673
20817.1,8.78072
20817.6,8.71203
20818.1,8.65624
20818.4,8.63272
20818.6,8.61290
20818.9,8.59492
20819.1,8.57992
20819.4,8.56693
20819.6,8.55573
20819.9,8.54575
20820.1,8.53757
20820.4,8.53035
20820.6,8.52446
20820.9,8.51929
20821.2,8.51510
20821.4,8.51156
20821.7,8.50857
20821.9,8.50597
20822.2,8.50386
20822.4,8.50208
20822.7,8.50057
20823.2,8.49815
20823.7,8.49641
20824.0,8.49548
20824.4,8.49470
20825.0,8.49347
20825.7,8.49251
20826.4,8.49175
20827.7,8.49052
20829.1,8.48954
20830.4,8.48873
20831.8,8.48803
20833.1,8.48741
20834.5,8.48686
20837.2,8.48589
20839.9,8.48506
20842.6,8.48433
20845.3,8.48366
20849.2,8.48278
20853.1,8.48198
20857.0,8.48122
20860.8,8.48050
20864.7,8.47981
20868.6,8.47914
20876.4,8.47785
20884.1,8.47660
20891.9,8.47539
20899.7,8.47420
20907.4,8.47303
20917.6,8.47153
20927.7,8.47005
20948.0,8.46714
20968.2,8.46429
20988.5,8.46149
21029.0,8.45600
21069.5,8.45066
21188.4,8.43584
21307.3,8.42226
21545.1,8.39923
21782.9,8.38312
21901.7,8.37845
22020.6,8.37674
22134.1,8.37872
22247.6,8.38517
22361.1,8.39766
22474.5,8.41854
22593.4,8.45364
22652.9,8.47825
22712.3,8.50927
22771.8,8.54862
22831.2,8.59881
22890.6,8.66340
22950.1,8.74778
22987.9,8.81556
23025.7,8.89708
23063.6,8.99714
23101.4,9.12090
23131.1,9.23991
23160.8,9.38359
23190.5,9.55907
23220.3,9.77633
23247.3,10.0220
23274.3,10.3288
23287.8,10.5119
23301.3,10.7193
23314.8,10.9549
23328.3,11.2236
23343.2,11.5686
23358.1,11.9749
23372.9,12.4581
23380.4,12.7348
23387.8,13.0389
23395.2,13.3741
23402.6,13.7449
23410.1,14.1563
23417.5,14.6146
23424.9,15.1269
23432.4,15.7021
23439.8,16.3506
23447.2,17.0844
23452.3,17.6433
23457.4,18.2554
23462.4,18.9277
23467.5,19.6650
23472.6,20.4800
23477.6,21.3834
23482.7,22.3908
23487.7,23.5127
23491.5,24.4221
23495.2,25.4125
23498.9,26.4936
23502.6,27.6731
23506.3,28.9699
23510.0,30.3915
23513.8,31.9626
23517.5,33.6942
23521.2,35.6183
23524.9,37.7510
23528.6,40.1348
23532.3,42.7929
23536.1,45.7823
23537.9,47.4139
23539.8,49.1364
23541.6,50.9760
23543.5,52.9318
23545.3,55.0128
23547.2,57.2161
23549.1,59.5758
23550.9,62.0916
23552.8,64.7754
23554.6,67.6238
23556.5,70.6812
23558.3,73.9468
23560.2,77.4358
23562.1,81.1429
23563.9,85.1243
23565.8,89.3768
23567.6,93.9164
23569.5,98.7315
23571.3,103.888
23573.2,109.342
23575.1,115.162
23576.9,121.291
23578.6,127.188
23580.3,133.327
23583.6,146.385
23587.0,160.294
23590.4,174.686
23593.7,189.061
23597.1,202.586
23598.8,208.760
23600.4,214.378
23602.1,219.316
23603.8,223.457
23605.4,226.483
23606.9,228.676
23608.5,229.985
23610.0,230.379
23611.7,229.756
23613.4,228.065
23615.1,225.350
23616.7,221.686
23618.4,217.164
23620.1,211.895
23621.8,205.998
23623.5,199.598
23626.8,185.736
23630.2,171.289
23633.5,156.921
23636.9,143.131
23639.3,133.789
23641.7,125.023
23644.1,116.794
23646.5,109.178
23648.9,102.102
23651.3,95.6044
23653.7,89.6006
23656.1,84.1072
23658.4,79.3862
23660.6,75.0282
23662.9,71.0053
23665.1,67.2906
23667.3,63.8590
23669.6,60.6868
23671.8,57.7524
23674.1,55.0362
23676.0,52.8462
23677.9,50.8054
23679.9,48.8819
23681.8,47.0851
23683.7,45.3869
23685.7,43.7971
23687.6,42.2924
23689.5,40.8822
23693.4,38.2914
23697.3,35.9816
23701.2,33.9156
23705.0,32.0618
23709.5,30.1415
23714.0,28.4388
23718.5,26.9199
23723.0,25.5598
23727.4,24.3379
23731.9,23.2365
23736.4,22.2407
23740.9,21.3376
23745.4,20.5163
23749.8,19.7674
23754.3,19.0828
23758.8,18.4554
23763.3,17.8792
23767.8,17.3488
23772.2,16.8597
23776.7,16.4081
23785.3,15.6371
23793.8,14.9652
23802.4,14.3768
23810.9,13.8602
23819.5,13.4031
23828.0,12.9978
23836.6,12.6363
23845.1,12.3127
23854.1,12.0082
23863.1,11.7351
23872.0,11.4890
23881.0,11.2665
23898.9,10.8810
23916.8,10.5600
23929.9,10.3590
23942.9,10.1810
23969.0,9.88137
23995.0,9.63894
24021.1,9.44060
24057.0,9.22181
24092.8,9.04927
24128.6,8.91059
24164.5,8.79744
24203.6,8.69609
24242.7,8.61247
24320.9,8.48350
24392.6,8.39622
24464.3,8.32870
24536.0,8.27504
24607.7,8.23150
24672.8,8.19855
24738.0,8.17031
24868.3,8.12450
24946.5,8.10202
25050.8,8.07628
25155.1,8.05421
25363.6,8.01789
25507.0,7.99719
25650.4,7.97890
25937.1,7.94751
26041.4,7.93740
26250.0,7.91874
26458.5,7.90182
26699.7,7.88407
26820.2,7.87585
26880.5,7.87190
26910.7,7.86995
26925.7,7.86898
26933.3,7.86850
26940.8,7.86801
26947.9,7.86756
26951.5,7.86733
26955.1,7.86710
26956.8,7.86699
26958.6,7.86688
26960.4,7.86678
26961.3,7.86673
26962.2,7.86668
26963.1,7.86665
26964.0,7.86664
26964.4,7.86665
26964.9,7.86668
26965.3,7.86673
26965.7,7.86681
26966.2,7.86693
26966.6,7.86710
26967.1,7.86736
26967.5,7.86771
26968.0,7.86820
26968.4,7.86885
26968.9,7.86973
26969.3,7.87085
26969.7,7.87218
26970.1,7.87384
26970.5,7.87588
26970.9,7.87830
26971.3,7.88127
26971.8,7.88480
26972.2,7.88894
26972.6,7.89360
26973.0,7.89904
26973.4,7.90518
26974.2,7.91929
26975.0,7.93591
26975.8,7.95383
26977.1,7.98213
26978.4,8.00480
26979.3,8.01443
26979.7,8.01659
26980.0,8.01699
26980.0,8.01700
26980.1,8.01696
26980.2,8.01685
26980.5,8.01580
26981.3,8.01005
26982.2,7.99622
26983.2,7.97751
26985.6,7.92412
26986.2,7.91273
26986.9,7.90275
26987.5,7.89428
26988.1,7.88729
26988.5,7.88311
26989.0,7.87959
26989.4,7.87667
26989.8,7.87428
26990.3,7.87233
26990.7,7.87078
26991.2,7.86954
26991.6,7.86857
26992.0,7.86781
26992.5,7.86723
26992.9,7.86677
26993.4,7.86642
26993.8,7.86615
26994.2,7.86594
26994.7,7.86577
26995.1,7.86564
26995.6,7.86553
26996.0,7.86544
26996.9,7.86529
26997.8,7.86517
26998.6,7.86507
27000.4,7.86489
27002.1,7.86473
27005.1,7.86449
27008.1,7.86426
27014.1,7.86384
27020.0,7.86344
27026.0,7.86306
27037.9,7.86231
27049.9,7.86158
27097.6,7.85876
27254.2,7.85019
27410.8,7.84259
27567.4,7.83616
27724.0,7.83132
27831.6,7.82920
27939.3,7.82838
28047.0,7.82924
28154.6,7.83237
28247.6,7.83762
28340.6,7.84599
28433.6,7.85872
28526.5,7.87762
28634.2,7.91120
28688.0,7.93476
28741.9,7.96468
28795.7,8.00307
28849.5,8.05285
28903.4,8.11826
28957.2,8.20583
28989.0,8.27219
29020.8,8.35215
29052.6,8.45086
29084.4,8.57359
29111.4,8.70209
29138.3,8.86020
29165.2,9.05749
29192.1,9.30730
29214.1,9.56448
29236.1,9.88535
29247.2,10.0763
29258.2,10.2918
29269.2,10.5358
29280.2,10.8157
29293.6,11.2151
29307.1,11.6926
29313.8,11.9669
29320.6,12.2692
29327.3,12.6033
29334.0,12.9732
29340.7,13.3851
29347.5,13.8450
29354.2,14.3604
29360.9,14.9403
29367.7,15.5955
29374.4,16.3395
29381.1,17.1883
29387.8,18.1604
29391.8,18.8042
29395.8,19.5051
29399.8,20.2702
29403.8,21.1071
29407.7,22.0295
29411.7,23.0427
29415.7,24.1637
29419.7,25.4014
29423.0,26.5578
29426.4,27.8199
29429.8,29.2086
29433.1,30.7309
29436.5,32.4134
29439.8,34.2663
29443.2,36.3176
29446.6,38.5939
29449.9,41.1335
29453.3,43.9567
29456.7,47.1208
29458.3,48.8366
29460.0,50.6529
29461.7,52.5880
29463.4,54.6261
29465.1,56.7858
29466.8,59.0748
29468.4,61.5162
29470.1,64.0895
29471.8,66.8173
29473.5,69.7084
29475.3,73.0724
29477.2,76.6539
29479.0,80.4633
29480.8,84.4874
29482.7,88.7781
29484.5,93.2945
29486.3,98.0889
29488.2,103.108
29490.0,108.402
29491.8,113.898
29495.5,125.515
29502.9,149.849
29505.0,156.757
29507.1,163.265
29509.3,169.254
29511.4,174.488
29513.6,178.838
29515.7,182.110
29517.9,184.205
29520.0,185.042
29521.8,184.769
29523.5,183.653
29525.2,181.728
29527.0,179.045
29528.7,175.655
29530.5,171.677
29532.2,167.187
29533.9,162.281
29537.4,151.566
29540.9,140.299
29544.4,128.985
29547.9,118.098
29550.5,110.475
29553.0,103.284
29555.6,96.5582
29558.2,90.3312
29560.7,84.5491
29563.3,79.2205
29565.9,74.3216
29568.4,69.8416
29570.9,65.9319
29573.3,62.3307
29575.7,59.0136
29578.1,55.9693
29580.6,53.1506
29583.0,50.5605
29585.4,48.1585
29587.8,45.9472
29591.1,43.1864
29594.5,40.6982
29597.8,38.4518
29601.1,36.4249
29604.4,34.5788
29607.7,32.9025
29611.0,31.3684
29614.3,29.9706
29616.7,29.0172
29619.1,28.1225
29624.0,26.4950
29628.8,25.0523
29633.7,23.7683
29638.5,22.6211
29643.4,21.5923
29648.2,20.6666
29653.1,19.8307
29658.0,19.0722
29662.8,18.3847
29667.7,17.7584
29672.5,17.1863
29677.4,16.6613
29682.2,16.1805
29687.1,15.7380
29691.9,15.3301
29700.3,14.6973
29708.7,14.1430
29717.1,13.6522
29725.4,13.2169
29733.8,12.8291
29742.2,12.4821
29750.6,12.1704
29758.9,11.8897
29768.7,11.5973
29778.4,11.3359
29788.1,11.1011
29797.8,10.8894
29817.2,10.5238
29836.6,10.2205
29857.7,9.94485
29878.9,9.71443
29900.1,9.51975
29921.2,9.35419
29960.0,9.10672
29998.9,8.91414
30037.7,8.76099
30076.5,8.63702
30115.3,8.53512
30154.1,8.45015
30231.7,8.31723
30295.2,8.23488
30358.7,8.16877
30422.2,8.11468
30485.7,8.06978
30563.4,8.02443
30641.0,7.98693
30718.6,7.95537
30796.2,7.92846
30880.9,7.90327
31022.0,7.86855
31120.8,7.84837
31219.6,7.83067
31417.1,7.80092
31572.4,7.78158
31727.6,7.76475
31882.9,7.74985
32038.1,7.73648
32263.9,7.71918
32376.8,7.71129
32687.3,7.69160
32997.7,7.67416
33308.2,7.65837
33618.7,7.64385
34070.3,7.62447
34521.9,7.60665
34973.5,7.59002
35425.1,7.57433
35876.7,7.55938
36102.5,7.55215
36328.3,7.54504
36421.8,7.54213
36515.3,7.53923
36562.0,7.53778
36608.8,7.53632
36632.1,7.53559
36655.5,7.53485
36667.2,7.53448
36678.9,7.53410
36690.6,7.53372
36702.3,7.53333
36708.4,7.53312
36714.6,7.53291
36720.8,7.53270
36726.9,7.53248
36730.0,7.53237
36733.1,7.53225
36736.2,7.53214
36739.3,7.53203
36742.4,7.53191
36745.5,7.53180
36748.6,7.53169
36751.6,7.53158
36753.7,7.53152
36755.8,7.53147
36756.9,7.53145
36757.9,7.53144
36759.0,7.53146
36760.0,7.53152
36760.5,7.53157
36761.1,7.53166
36761.6,7.53179
36762.1,7.53197
36762.6,7.53225
36763.2,7.53263
36763.7,7.53317
36764.2,7.53393
36764.7,7.53500
36765.3,7.53645
36765.8,7.53844
36766.3,7.54105
36766.8,7.54458
36767.4,7.54910
36767.9,7.55491
36768.4,7.56228
36768.8,7.57016
36769.3,7.57940
36769.7,7.59035
36770.2,7.60321
36770.6,7.61815
36771.0,7.63532
36771.9,7.67679
36772.8,7.72866
36773.7,7.78908
36775.5,7.92794
36776.8,8.03613
36777.5,8.08290
36778.2,8.12082
36779.3,8.15849
36779.7,8.16589
36780.0,8.16735
36780.3,8.16629
36780.8,8.15841
36781.2,8.14896
36781.3,8.14668
36781.5,8.13633
36782.7,8.07727
36783.8,7.99737
36785.1,7.89090
36786.4,7.78911
36787.1,7.74301
36787.8,7.70257
36788.4,7.66748
36789.1,7.63781
36789.5,7.62166
36789.9,7.60749
36790.3,7.59520
36790.8,7.58462
36791.2,7.57559
36791.6,7.56795
36792.0,7.56154
36792.4,7.55621
36792.9,7.55180
36793.3,7.54818
36793.7,7.54522
36794.1,7.54283
36794.5,7.54090
36795.0,7.53935
36795.4,7.53810
36795.8,7.53713
36796.2,7.53633
36796.6,7.53569
36797.1,7.53518
36797.5,7.53476
36797.9,7.53442
36798.3,7.53414
36798.7,7.53391
36799.1,7.53372
36800.0,7.53340
36800.8,7.53316
36801.7,7.53296
36802.5,7.53279
36803.6,7.53259
36804.7,7.53242
36807.0,7.53213
36809.2,7.53188
36811.4,7.53168
36813.7,7.53149
36815.9,7.53133
36818.1,7.53118
36820.4,7.53104
36824.8,7.53078
36829.3,7.53056
36833.8,7.53035
36838.2,7.53016
36843.1,7.52995
36848.0,7.52976
36857.8,7.52940
36867.6,7.52905
36877.3,7.52872
36887.1,7.52839
36896.9,7.52807
36916.4,7.52745
36936.0,7.52683
36955.5,7.52623
36994.6,7.52503
37084.0,7.52235
37173.4,7.51969
37352.1,7.51444
37638.1,7.50615
37924.1,7.49792
38129.6,7.49202
38232.4,7.48906
38335.2,7.48608
38438.0,7.48308
38489.4,7.48157
38540.7,7.48004
38592.1,7.47852
38643.5,7.47698
38694.9,7.47546
38720.6,7.47471
38746.3,7.47397
38770.9,7.47329
38795.5,7.47265
38820.0,7.47207
38844.6,7.47161
38869.2,7.47133
38881.5,7.47131
38893.8,7.47140
38906.0,7.47163
38918.3,7.47209
38930.6,7.47281
38942.9,7.47400
38952.4,7.47537
38961.9,7.47732
38971.4,7.48009
38980.9,7.48409
38990.4,7.49001
38995.1,7.49398
38999.9,7.49890
39004.6,7.50519
39009.4,7.51329
39014.1,7.52388
39018.9,7.53791
39022.1,7.55019
39025.3,7.56551
39028.5,7.58504
39031.7,7.61045
39034.9,7.64435
39038.2,7.69061
39039.8,7.72050
39041.4,7.75629
39043.0,7.80028
39044.6,7.85461
39046.0,7.91392
39047.4,7.98784
39048.8,8.08371
39050.2,8.21021
39051.6,8.38589
39052.3,8.50000
39052.9,8.63567
39053.6,8.80295
39054.3,9.00778
39055.0,9.25957
39055.7,9.56468
39056.4,9.94489
39056.8,10.1662
39057.1,10.4110
39057.5,10.6812
39057.8,10.9789
39058.2,11.3062
39058.5,11.6651
39058.9,12.0577
39059.2,12.4857
39059.6,12.9508
39059.9,13.4544
39060.3,13.9977
39060.6,14.5814
39061.0,15.2058
39061.3,15.8513
39061.7,16.6381
39062.1,17.4507
39062.5,18.3290
39062.9,19.2244
39063.6,21.1379
39064.4,23.1135
39065.3,25.4998
39066.2,27.7562
39067.0,29.4956
39067.4,30.2785
39067.7,30.9637
39068.2,31.6207
39068.6,32.1498
39069.0,32.5593
39069.4,32.8422
39069.7,32.9691
39070.0,33.0193
39070.1,33.0207
39070.3,33.0030
39070.5,32.9566
39070.9,32.7722
39071.2,32.4705
39071.6,32.0563
39072.0,31.5796
39072.3,31.0354
39072.7,30.3996
39073.1,29.7150
39073.8,28.1115
39074.5,26.3592
39075.8,23.1063
39076.4,21.4849
39077.0,19.9425
39077.5,18.7566
39078.0,17.6568
39078.5,16.6267
39079.0,15.6715
39079.5,14.7771
39080.0,13.9798
39080.5,13.2597
39081.0,12.6142
39081.4,12.1060
39081.8,11.6492
39082.2,11.2401
39082.7,10.8832
39083.1,10.5577
39083.5,10.2690
39084.0,10.0133
39084.4,9.79218
39084.8,9.59187
39085.2,9.41494
39086.1,9.12331
39086.9,8.89143
39087.8,8.70978
39088.7,8.56242
39089.5,8.44405
39091.2,8.26371
39092.9,8.13445
39094.6,8.03748
39096.3,7.96217
39098.1,7.90211
39099.8,7.85321
39101.5,7.81274
39103.6,7.77162
39105.7,7.73806
39107.8,7.71003
39109.9,7.68656
39114.1,7.64940
39118.3,7.62154
39122.5,7.59998
39126.7,7.58290
39130.9,7.56913
39135.2,7.55786
39139.4,7.54846
39143.6,7.54060
39147.8,7.53394
39156.2,7.52321
39164.6,7.51494
39173.6,7.50807
39182.5,7.50262
39191.5,7.49820
39200.4,7.49455
39209.4,7.49153
39218.3,7.48893
39236.2,7.48466
39254.1,7.48134
39272.0,7.47867
39289.9,7.47645
39307.8,7.47457
39335.2,7.47216
39362.5,7.47017
39389.9,7.46841
39417.3,7.46685
39444.6,7.46544
39472.0,7.46416
39526.7,7.46184
39581.5,7.45976
39636.2,7.45781
39690.9,7.45596
39745.7,7.45420
39813.0,7.45211
39876.2,7.45020
39907.8,7.44925
39939.3,7.44831
39970.9,7.44737
39986.7,7.44689
40002.5,7.44642
40018.3,7.44593
40034.1,7.44544
40049.9,7.44494
40057.8,7.44468
40065.6,7.44441
40072.2,7.44419
40078.8,7.44395
40085.4,7.44371
40092.0,7.44346
40098.5,7.44320
40101.8,7.44306
40105.1,7.44291
40108.4,7.44277
40111.7,7.44261
40115.0,7.44245
40118.3,7.44229
40120.5,7.44218
40122.8,7.44207
40125.0,7.44197
40126.1,7.44193
40127.2,7.44190
40128.3,7.44191
40129.5,7.44198
40130.0,7.44206
40130.6,7.44219
40131.1,7.44238
40131.7,7.44267
40132.3,7.44311
40132.8,7.44374
40133.4,7.44465
40133.9,7.44592
40134.5,7.44770
40135.1,7.45013
40135.6,7.45342
40136.2,7.45774
40136.7,7.46316
40137.2,7.47011
40137.8,7.47892
40138.3,7.48970
40138.8,7.50323
40139.3,7.51937
40139.9,7.53910
40140.4,7.56201
40140.9,7.58924
40141.4,7.62061
40142.5,7.69517
40143.5,7.78505
40144.6,7.88636
40146.2,8.05108
40147.1,8.12627
40147.9,8.18864
40148.5,8.22356
40149.1,8.24852
40149.6,8.26206
40150.0,8.26529
40150.0,8.26534
40150.1,8.26541
40150.2,8.26527
40150.3,8.26442
40150.9,8.25517
40151.5,8.23254
40152.1,8.19887
40152.3,8.18652
40152.7,8.15697
40153.1,8.12396
40153.9,8.05000
40155.6,7.88808
40156.4,7.80475
40157.3,7.72866
40158.2,7.66238
40159.0,7.60764
40159.5,7.58382
40159.9,7.56317
40160.4,7.54462
40160.8,7.52883
40161.2,7.51488
40161.7,7.50322
40162.1,7.49330
40162.5,7.48493
40163.1,7.47576
40163.7,7.46862
40164.3,7.46313
40164.5,7.46089
40164.8,7.45894
40165.1,7.45725
40165.4,7.45578
40165.7,7.45451
40166.0,7.45340
40166.6,7.45162
40167.1,7.45030
40167.7,7.44929
40168.3,7.44852
40168.9,7.44792
40169.5,7.44745
40170.0,7.44707
40170.6,7.44676
40171.8,7.44627
40172.9,7.44589
40174.1,7.44558
40175.3,7.44531
40176.4,7.44507
40178.7,7.44467
40181.0,7.44434
40184.1,7.44396
40187.2,7.44365
40190.3,7.44338
40193.4,7.44314
40196.5,7.44293
40199.6,7.44274
40205.7,7.44239
40211.9,7.44209
40218.1,7.44181
40224.2,7.44156
40230.4,7.44132
40237.2,7.44107
40243.9,7.44083
40257.4,7.44038
40270.9,7.43994
40284.4,7.43953
40297.9,7.43912
40311.4,7.43873
40338.4,7.43795
40365.4,7.43720
40392.4,7.43645
40446.4,7.43498
40557.5,7.43202
40668.6,7.42911
40890.8,7.42336
41335.1,7.41204
42026.3,7.39463
42717.5,7.37715
44100.0,7.34082
44889.9,7.31793
45531.8,7.29684
45852.7,7.28487
46013.2,7.27835
46093.4,7.27494
46173.6,7.27139
46227.6,7.26892
46254.6,7.26765
46281.6,7.26636
46295.1,7.26571
46308.6,7.26505
46322.1,7.26439
46335.6,7.26372
46349.1,7.26303
46362.6,7.26234
46376.1,7.26164
46382.9,7.26128
46389.6,7.26092
46395.8,7.26059
46402.0,7.26025
46408.1,7.25991
46414.3,7.25956
46420.5,7.25921
46423.6,7.25904
46426.6,7.25886
46429.7,7.25869
46432.8,7.25851
46435.9,7.25834
46439.0,7.25819
46441.3,7.25808
46443.6,7.25800
46444.8,7.25797
46445.9,7.25797
46447.1,7.25801
46448.2,7.25812
46448.8,7.25823
46449.4,7.25840
46450.0,7.25864
46450.6,7.25898
46451.1,7.25948
46451.7,7.26017
46452.3,7.26114
46452.9,7.26245
46453.5,7.26426
46454.0,7.26670
46454.6,7.26995
46455.2,7.27414
46455.8,7.27967
46456.3,7.28676
46456.9,7.29575
46457.5,7.30678
46458.0,7.31750
46458.4,7.33007
46458.9,7.34466
46459.3,7.36145
46460.3,7.40224
46461.2,7.45269
46462.1,7.51402
46463.0,7.58484
46464.8,7.74422
46466.4,7.87768
46467.1,7.93590
46467.9,7.98416
46469.2,8.03439
46469.7,8.04349
46470.0,8.04522
46470.4,8.04396
46471.0,8.03319
46471.7,8.00981
46472.3,7.97593
46473.2,7.92211
46474.0,7.85885
46475.6,7.71728
46477.3,7.57090
46478.2,7.50683
46479.0,7.45118
46479.9,7.40452
46480.7,7.36670
46481.2,7.35089
46481.6,7.33699
46482.0,7.32486
46482.5,7.31458
46483.0,7.30377
46483.5,7.29485
46484.0,7.28755
46484.5,7.28164
46485.1,7.27688
46485.6,7.27308
46486.1,7.27006
46486.6,7.26768
46487.1,7.26582
46487.7,7.26435
46488.2,7.26320
46488.7,7.26230
46489.2,7.26159
46489.7,7.26102
46490.3,7.26057
46490.8,7.26021
46491.3,7.25990
46491.8,7.25964
46492.8,7.25922
46493.9,7.25890
46494.9,7.25863
46497.0,7.25818
46499.1,7.25781
46502.0,7.25738
46504.8,7.25701
46507.7,7.25668
46510.6,7.25639
46513.5,7.25612
46516.4,7.25587
46519.3,7.25563
46522.2,7.25540
46528.0,7.25497
46533.7,7.25456
46539.5,7.25417
46545.3,7.25379
46555.1,7.25318
46564.8,7.25257
46574.6,7.25198
46584.3,7.25140
46594.1,7.25081
46603.8,7.25023
46623.3,7.24907
46642.8,7.24790
46662.4,7.24673
46701.4,7.24435
46736.0,7.24218
46770.7,7.23996
46840.1,7.23538
46978.8,7.22537
47106.0,7.21498
47233.1,7.20311
47360.3,7.18928
47487.4,7.17281
47533.7,7.16596
47603.0,7.15457
47672.4,7.14174
47721.5,7.13147
47746.1,7.12591
47770.7,7.12003
47795.2,7.11380
47807.5,7.11055
47819.8,7.10721
47832.1,7.10373
47844.4,7.10015
47856.6,7.09643
47862.8,7.09453
47868.9,7.09259
47875.1,7.09061
47881.2,7.08859
47887.3,7.08652
47893.5,7.08441
47899.6,7.08225
47902.7,7.08116
47905.8,7.08004
47908.8,7.07892
47911.9,7.07778
47915.0,7.07663
47918.0,7.07546
47920.6,7.07450
47923.1,7.07355
47924.4,7.07308
47925.6,7.07264
47926.9,7.07225
47927.5,7.07209
47928.2,7.07198
47928.8,7.07192
47929.4,7.07195
47930.1,7.07211
47930.7,7.07245
47931.3,7.07305
47932.0,7.07401
47932.6,7.07546
47932.9,7.07643
47933.2,7.07757
47933.5,7.07896
47933.9,7.08062
47934.5,7.08479
47935.1,7.09045
47935.8,7.09799
47936.4,7.10788
47937.0,7.12061
47937.6,7.13674
47938.3,7.15683
47938.7,7.17310
47939.1,7.19166
47940.0,7.23617
47940.9,7.29125
47941.7,7.35716
47942.6,7.43328
47943.4,7.51799
47945.1,7.69993
47946.6,7.84612
47947.3,7.90866
47948.0,7.96019
47949.2,8.01406
47949.7,8.02471
47950.0,8.02647
47950.4,8.02456
47951.1,8.00968
47952.1,7.95884
47952.6,7.92792
47952.9,7.90387
47954.0,7.80116
47955.2,7.68379
47956.3,7.56340
47957.4,7.45080
47958.6,7.34446
47959.2,7.29909
47959.8,7.25888
47960.4,7.22382
47961.0,7.19370
47961.6,7.16818
47962.2,7.14687
47962.8,7.12903
47963.4,7.11476
47964.0,7.10327
47964.6,7.09412
47965.2,7.08688
47965.8,7.08121
47966.4,7.07678
47967.0,7.07334
47967.4,7.07174
47967.7,7.07034
47968.0,7.06913
47968.4,7.06807
47968.7,7.06715
47969.1,7.06633
47969.7,7.06498
47970.4,7.06389
47971.1,7.06300
47971.8,7.06223
47972.4,7.06156
47973.1,7.06095
47973.8,7.06039
47975.1,7.05938
47976.5,7.05846
47977.8,7.05759
47980.6,7.05595
47983.3,7.05441
47986.0,7.05293
47988.7,7.05150
47991.1,7.05025
47993.5,7.04901
47998.3,7.04657
48003.1,7.04416
48007.9,7.04174
48012.7,7.03932
48017.5,7.03688
48027.2,7.03193
48036.8,7.02686
48046.4,7.02165
48056.0,7.01627
48065.6,7.01070
48084.9,6.99898
48104.1,6.98640
48123.4,6.97279
48142.6,6.95802
48176.3,6.92884
48210.0,6.89456
48243.7,6.85334
48277.3,6.80296
48303.8,6.75470
48330.3,6.69610
48356.7,6.62341
48369.9,6.58007
48383.2,6.53091
48396.4,6.47450
48409.6,6.40899
48422.9,6.33211
48436.1,6.24064
48448.1,6.14095
48460.2,6.02042
48472.2,5.87182
48478.2,5.78394
48484.2,5.68453
48490.8,5.55857
48497.4,5.41118
48504.1,5.23654
48510.7,5.02679
48513.5,4.92230
48516.4,4.80782
48519.3,4.68192
48522.1,4.54337
48525.0,4.38914
48527.8,4.21783
48530.7,4.02519
48533.5,3.80895
48535.2,3.67019
48536.8,3.52183
48538.5,3.36218
48540.1,3.19047
48541.8,3.00500
48543.4,2.80811
48545.1,2.60013
48546.7,2.38515
48548.1,2.20900
48549.5,2.04513
48550.1,1.97154
48550.8,1.90765
48551.5,1.85718
48552.2,1.82508
48552.8,1.81595
48553.5,1.83726
48554.2,1.89708
48554.9,2.00290
48555.2,2.07766
48555.6,2.16852
48555.9,2.27704
48556.2,2.40079
48556.6,2.54891
48556.9,2.71967
48557.2,2.91484
48557.6,3.12934
48558.0,3.42481
48558.4,3.75297
48558.8,4.13343
48559.2,4.54975
48559.6,5.13998
48560.1,5.79439
48560.4,6.22773
48560.7,6.67394
48561.0,7.14786
48561.3,7.64978
48561.5,8.19928
48561.8,8.75846
48562.1,9.34560
48562.4,9.96035
48562.7,10.7905
48563.1,11.6639
48563.5,12.5786
48563.8,13.5051
48564.2,14.4932
48564.5,15.4846
48565.2,17.5733
48566.7,22.2023
48567.6,24.8788
48568.5,27.4224
48569.3,29.4147
48570.0,31.1891
48570.4,31.9900
48570.8,32.7182
48571.1,33.3695
48571.5,33.9264
48571.9,34.4519
48572.3,34.8698
48572.7,35.1931
48573.1,35.4222
48573.5,35.5584
48573.9,35.6038
48574.3,35.5617
48574.7,35.4360
48575.2,35.1816
48575.7,34.8230
48576.2,34.3705
48576.6,33.8351
48577.6,32.5614
48578.6,31.0932
48580.5,27.9067
48581.4,26.3241
48582.4,24.8289
48583.6,23.0578
48584.2,22.2445
48584.8,21.4818
48585.4,20.7696
48586.1,20.1069
48586.7,19.4920
48587.3,18.9223
48588.2,18.1109
48589.2,17.3934
48590.2,16.7584
48591.1,16.2003
48592.1,15.6978
48593.0,15.2528
48594.0,14.8486
48594.9,14.4872
48596.1,14.0715
48597.4,13.7017
48598.6,13.3707
48599.8,13.0726
48602.2,12.5571
48604.7,12.1283
48606.6,11.8361
48608.5,11.5786
48610.4,11.3476
48612.3,11.1414
48616.2,10.7852
48620.0,10.4894
48623.0,10.2930
48625.9,10.1194
48631.8,9.82620
48637.8,9.58778
48643.7,9.39046
48651.3,9.17993
48659.0,9.00763
48666.6,8.86400
48674.3,8.74258
48686.8,8.57952
48699.4,8.44919
48711.9,8.34248
48724.4,8.25359
48739.7,8.16320
48755.1,8.08811
48770.4,8.02473
48785.7,7.97052
48813.6,7.88984
48841.4,7.82573
48869.3,7.77364
48897.1,7.73046
48927.7,7.69074
48958.4,7.65726
48989.0,7.62866
49019.7,7.60395
49075.4,7.56659
49131.1,7.53640
49186.8,7.51156
49242.5,7.49066
49309.3,7.46956
49376.1,7.45179
49465.3,7.43193
49554.4,7.41537
49732.6,7.38912
50000.0,7.36045
50118.4,7.35036
50473.6,7.32595
50799.2,7.30857
51124.8,7.29406
51450.4,7.28149
51776.0,7.27034
52101.6,7.26035
52427.2,7.25139
52590.0,7.24730
52752.8,7.24356
52915.6,7.24022
53078.4,7.23736
53211.6,7.23561
53278.2,7.23502
53344.8,7.23470
53411.4,7.23475
53478.0,7.23536
53511.3,7.23595
53544.6,7.23691
53577.9,7.23836
53611.2,7.24055
53626.0,7.24190
53640.8,7.24360
53655.6,7.24577
53670.4,7.24861
53685.2,7.25240
53692.6,7.25482
53700.0,7.25777
53707.4,7.26139
53714.8,7.26592
53722.2,7.27173
53729.6,7.27937
53734.0,7.28519
53738.4,7.29236
53742.8,7.30143
53747.2,7.31313
53751.6,7.32880
53753.8,7.33876
53756.0,7.35062
53758.2,7.36512
53760.4,7.38310
53762.6,7.40628
53764.8,7.43723
53766.6,7.47349
53767.6,7.49726
53768.5,7.52610
53769.4,7.56258
53770.3,7.60859
53771.3,7.66884
53772.2,7.74692
53773.1,7.85099
53774.0,7.98684
53775.0,8.16726
53775.9,8.39957
53776.3,8.54279
53776.8,8.70113
53777.3,8.87893
53777.7,9.07763
53778.2,9.30357
53778.7,9.54826
53779.1,9.81711
53779.6,10.1106
53780.2,10.5825
53780.9,11.0976
53781.6,11.6678
53782.2,12.2702
53784.9,14.8915
53785.5,15.4426
53786.1,15.9606
53786.6,16.4332
53787.2,16.8486
53787.9,17.2275
53788.5,17.5073
53789.0,17.6663
53789.6,17.7464
53790.0,17.7516
53790.5,17.6881
53791.0,17.5537
53791.6,17.3318
53792.1,17.0412
53792.6,16.7138
53793.1,16.3367
53793.6,15.9170
53794.1,15.4718
53795.1,14.5410
53796.0,13.5769
53797.0,12.6090
53797.9,11.6989
53798.6,11.0362
53799.4,10.4400
53800.1,9.89984
53800.8,9.43251
53801.6,9.02435
53802.3,8.68318
53803.0,8.39465
53803.8,8.16056
53804.5,7.96794
53805.2,7.81549
53806.0,7.69272
53806.7,7.59732
53807.5,7.52160
53808.2,7.46334
53808.9,7.41788
53809.6,7.38237
53810.5,7.35086
53811.3,7.32681
53812.2,7.30823
53813.0,7.29366
53814.7,7.27263
53816.4,7.25846
53818.0,7.24832
53819.7,7.24072
53821.4,7.23490
53824.5,7.22719
53827.7,7.22213
53830.8,7.21874
53834.0,7.21645
53837.1,7.21488
53840.3,7.21384
53846.6,7.21274
53852.9,7.21240
53859.1,7.21248
53865.4,7.21280
53871.7,7.21324
53878.4,7.21380
53885.2,7.21439
53898.6,7.21561
53912.0,7.21679
53925.4,7.21793
53952.3,7.22005
53979.1,7.22204
54017.7,7.22485
54056.3,7.22773
54094.9,7.23093
54133.5,7.23465
54172.1,7.23915
54210.7,7.24476
54249.3,7.25193
54287.9,7.26138
54324.8,7.27376
54361.7,7.29112
54380.1,7.30258
54398.6,7.31664
54417.0,7.33416
54435.5,7.35624
54454.0,7.38479
54472.4,7.42268
54490.9,7.47425
54509.3,7.54683
54520.2,7.60435
54531.2,7.67755
54542.1,7.77306
54553.0,7.90029
54560.9,8.02205
54568.9,8.17822
54576.9,8.38268
54580.9,8.50920
54584.8,8.65691
54589.5,8.86164
54594.1,9.11147
54598.7,9.42185
54601.0,9.60567
54603.3,9.81188
54605.3,10.0131
54607.3,10.2369
54609.3,10.4879
54611.3,10.7706
54613.3,11.0924
54615.3,11.4568
54617.2,11.8737
54619.2,12.3537
54620.4,12.6676
54621.5,13.0074
54622.7,13.3824
54623.9,13.7904
54625.0,14.2431
54626.2,14.7382
54627.3,15.2857
54628.5,15.8928
54629.6,16.5743
54630.8,17.3285
54631.9,18.1724
54633.1,19.1195
54634.2,20.1952
54635.4,21.3988
54636.5,22.7595
54637.1,23.5124
54637.7,24.2999
54638.7,25.8841
54639.8,27.6588
54640.8,29.6444
54641.9,31.8607
54642.9,34.3257
54644.0,37.0537
54645.0,40.0528
54646.1,43.2903
54646.8,45.5461
54647.4,47.9048
54648.8,52.8549
54651.5,63.3895
54652.5,67.2457
54653.5,70.9597
54654.5,74.4311
54655.4,77.5575
54656.4,80.2392
54657.4,82.3857
54658.4,83.9216
54658.9,84.4467
54659.4,84.7915
54660.0,84.9802
54660.5,84.9397
54661.0,84.7261
54661.5,84.3329
54662.0,83.7797
54663.0,82.1782
54664.0,79.9818
54665.0,77.2696
54665.9,74.1342
54666.9,70.6755
54667.9,66.9952
54671.2,54.4284
54672.0,51.4011
54672.8,48.4872
54673.7,45.7071
54674.5,43.1064
54675.3,40.6295
54676.1,38.3408
54676.9,36.2094
54677.7,34.2325
54678.5,32.4048
54679.3,30.7195
54680.1,29.1684
54681.0,27.7430
54681.8,26.4186
54682.6,25.2186
54683.4,24.1171
54684.2,23.1058
54685.0,22.1768
54685.8,21.3226
54686.6,20.5364
54687.4,19.8120
54688.3,19.1435
54689.1,18.5258
54689.9,17.9543
54690.7,17.4246
54691.5,16.9331
54692.3,16.4763
54693.9,15.6546
54695.5,14.9387
54697.2,14.3113
54698.8,13.7588
54700.4,13.2698
54702.0,12.8324
54703.7,12.4444
54705.3,12.0965
54706.9,11.7833
54708.5,11.5005
54710.1,11.2441
54713.4,10.7986
54715.6,10.5376
54717.8,10.3056
54720.0,10.0984
54722.2,9.91249
54726.6,9.59374
54731.1,9.33152
54734.3,9.16726
54737.5,9.02326
54744.0,8.78282
54750.5,8.59134
54757.0,8.43634
54767.0,8.24912
54777.0,8.10731
54787.0,7.99707
54797.1,7.90986
54810.0,7.82177
54823.0,7.75397
54836.0,7.70075
54848.9,7.65857
54870.1,7.60635
54891.4,7.56896
54912.6,7.54201
54933.8,7.52265
54952.7,7.51029
54971.5,7.50154
55009.2,7.49266
55047.0,7.49247
55084.7,7.49944
55131.8,7.51713
55179.0,7.54452
55226.1,7.58253
55273.3,7.63287
55325.1,7.70620
55377.0,7.80432
55428.9,7.93681
55480.7,8.11869
55506.7,8.23547
55532.6,8.37549
55558.5,8.54459
55584.5,8.75096
55610.4,9.00588
55623.4,9.15619
55636.3,9.32479
55649.3,9.51496
55662.3,9.73004
55675.2,9.97474
55688.2,10.2541
55697.1,10.4682
55705.9,10.7038
55714.7,10.9640
55723.6,11.2514
55732.4,11.5702
55741.3,11.9263
55750.1,12.3247
55758.9,12.7715
55765.4,13.1346
55771.9,13.5307
55778.4,13.9642
55784.9,14.4396
55791.4,14.9627
55797.8,15.5378
55804.3,16.1720
55810.8,16.8728
55817.3,17.6498
55823.8,18.5099
55830.3,19.4665
55836.7,20.5282
55843.2,21.7110
55849.7,23.0250
55856.2,24.4860
55862.7,26.1082
55866.4,27.1257
55870.2,28.2007
55873.9,29.3406
55877.6,30.5404
55885.1,33.1327
55892.6,35.9643
55922.6,48.2931
55926.0,49.5550
55929.4,50.7123
55932.9,51.7474
55936.3,52.6392
55939.7,53.3689
55943.1,53.9204
55946.6,54.2813
55950.0,54.4437
55953.7,54.3916
55957.4,54.1049
55961.2,53.5928
55964.9,52.8730
55968.6,51.9617
55972.3,50.8848
55976.0,49.6685
55979.7,48.3437
55987.2,45.4575
55994.6,42.4336
56002.1,39.4153
56009.5,36.5130
56015.0,34.4836
56020.5,32.5771
56026.0,30.7965
56031.5,29.1438
56036.9,27.6170
56042.4,26.2109
56047.9,24.9185
56053.4,23.7325
56058.6,22.7000
56063.8,21.7508
56069.0,20.8746
56074.2,20.0687
56079.4,19.3240
56084.6,18.6381
56089.8,18.0045
56095.0,17.4185
56103.0,16.5963
56111.0,15.8664
56119.0,15.2158
56127.1,14.6319
56135.1,14.1065
56143.1,13.6339
56151.1,13.2073
56159.1,12.8209
56169.5,12.3727
56179.9,11.9759
56190.3,11.6224
56200.7,11.3070
56211.1,11.0239
56221.5,10.7694
56231.8,10.5396
56242.2,10.3314
56263.0,9.96987
56283.8,9.66817
56304.5,9.41384
56325.3,9.19759
56344.2,9.02839
56363.0,8.87982
56400.8,8.63279
56438.6,8.43748
56476.3,8.28019
56517.9,8.13997
56559.4,8.02574
56600.9,7.93128
56642.5,7.85222
56725.5,7.72801
56767.1,7.67856
56808.6,7.63552
56853.9,7.59451
56884.1,7.57005
56899.2,7.55857
56914.3,7.54750
56927.1,7.53846
56933.4,7.53404
56939.8,7.52967
56946.2,7.52534
56949.4,7.52318
56952.6,7.52103
56955.7,7.51889
56958.9,7.51675
56960.5,7.51568
56962.1,7.51461
56963.7,7.51357
56964.5,7.51305
56965.3,7.51256
56966.2,7.51201
56967.2,7.51153
56967.7,7.51133
56968.1,7.51117
56968.6,7.51106
56969.1,7.51101
56969.6,7.51103
56970.0,7.51116
56970.5,7.51142
56971.0,7.51183
56971.4,7.51242
56971.9,7.51325
56972.4,7.51437
56972.8,7.51582
56973.3,7.51773
56973.8,7.52008
56974.3,7.52299
56974.7,7.52657
56975.2,7.53101
56975.7,7.53623
56976.2,7.54244
56976.6,7.54975
56977.1,7.55847
56977.6,7.56837
56978.5,7.59264
56979.5,7.62348
56980.4,7.66134
56981.9,7.73497
56983.3,7.82192
56984.8,7.91576
56986.3,8.00388
56987.4,8.05690
56988.4,8.09586
56989.4,8.11573
56989.8,8.11969
56990.0,8.12052
56990.4,8.11998
56990.9,8.11499
56991.7,8.09773
56992.0,8.08737
56992.3,8.07900
56993.2,8.04158
56994.0,7.99599
56995.8,7.88980
56997.9,7.75978
56998.9,7.70232
57000.0,7.65268
57001.0,7.61158
57001.6,7.59405
57002.1,7.57886
57002.6,7.56530
57003.1,7.55375
57003.6,7.54378
57004.2,7.53524
57004.9,7.52538
57005.6,7.51761
57006.0,7.51434
57006.4,7.51154
57006.7,7.50901
57007.1,7.50685
57007.5,7.50489
57007.8,7.50322
57008.2,7.50171
57008.5,7.50042
57008.9,7.49924
57009.3,7.49823
57009.6,7.49733
57010.0,7.49653
57010.4,7.49579
57010.7,7.49514
57011.5,7.49400
57012.2,7.49304
57012.9,7.49222
57013.6,7.49148
57014.4,7.49080
57015.1,7.49016
57015.8,7.48958
57017.3,7.48845
57018.7,7.48740
57021.6,7.48541
57024.6,7.48353
57027.5,7.48173
57032.6,7.47868
57037.7,7.47576
57042.9,7.47293
57048.0,7.47018
57058.2,7.46484
57068.5,7.45971
57078.7,7.45472
57089.0,7.44988
57109.5,7.44058
57150.5,7.42329
57191.5,7.40743
57273.5,7.37940
57355.5,7.35526
57437.6,7.33419
57527.0,7.31396
57706.0,7.27967
57884.9,7.25067
58063.9,7.22416
58242.8,7.19716
58421.8,7.16467
58451.6,7.15803
58511.3,7.14278
58600.7,7.11201
58615.6,7.10543
58651.1,7.08704
58686.5,7.06335
58721.9,7.03116
58739.6,7.01028
58757.3,6.98438
58775.0,6.95141
58792.7,6.90791
58801.6,6.88040
58810.4,6.84763
58819.3,6.80796
58828.1,6.75852
58832.6,6.72887
58837.0,6.69504
58841.4,6.65607
58845.9,6.61069
58850.3,6.55717
58854.7,6.49306
58859.2,6.41475
58861.4,6.36872
58863.6,6.31684
58865.9,6.25442
58868.2,6.18220
58870.6,6.09756
58872.9,5.99690
58874.1,5.93881
58875.2,5.87529
58876.4,5.80447
58877.6,5.72687
58878.7,5.64075
58879.9,5.54783
58880.5,5.49895
58881.0,5.44887
58881.6,5.39810
58882.2,5.34732
58882.8,5.29405
58883.4,5.24405
58884.0,5.19815
58884.7,5.15850
58885.3,5.12724
58885.9,5.10842
58886.5,5.10491
58887.1,5.12056
58887.7,5.16042
58888.3,5.22772
58888.9,5.32745
58889.6,5.46412
58890.2,5.64195
58890.8,5.86470
58891.4,6.13536
58892.0,6.45596
58892.6,6.81428
58893.2,7.21221
58893.7,7.65353
58894.3,8.13494
58894.9,8.66089
58895.5,9.20730
58896.7,10.3563
58897.5,11.1813
58898.1,11.8018
58899.0,12.6130
58899.8,13.2701
58900.0,13.4629
58900.5,13.7849
58901.0,14.1252
58901.5,14.4107
58901.9,14.5771
58902.3,14.7141
58903.0,14.8969
58903.7,14.9608
58904.3,14.9522
58904.9,14.8773
58905.5,14.7422
58906.0,14.5681
58906.6,14.3583
58907.7,13.8496
58908.8,13.2654
58909.9,12.6533
58911.0,12.0470
58912.1,11.4860
58913.2,10.9776
58913.7,10.7500
58914.3,10.5388
58914.8,10.3406
58915.4,10.1620
58915.9,9.99846
58916.5,9.84919
58917.1,9.71082
58917.6,9.58725
58918.2,9.47482
58918.7,9.37249
58919.3,9.27764
58919.8,9.19271
58920.9,9.04384
58922.0,8.91700
58923.1,8.80958
58924.2,8.71577
58925.3,8.63434
58926.4,8.56220
58927.5,8.49769
58929.7,8.38631
58932.0,8.29362
58934.2,8.21502
58936.4,8.14765
58938.6,8.08867
58940.8,8.03677
58945.2,7.94948
58949.6,7.87881
58954.0,7.82051
58958.5,7.77136
58962.9,7.72945
58967.3,7.69331
58971.7,7.66188
58980.5,7.60944
58989.4,7.56747
58998.2,7.53309
59007.0,7.50447
59015.9,7.48021
59024.7,7.45940
59042.4,7.42558
59068.1,7.38882
59093.8,7.36149
59119.5,7.34034
59145.2,7.32342
59183.7,7.30346
59260.8,7.27527
59363.6,7.25065
59466.4,7.23351
59620.6,7.21493
59929.0,7.18975
60340.2,7.16658
60751.3,7.14854
61162.5,7.13311
62190.4,7.10012
63218.4,7.07080
64246.3,7.04277
64657.5,7.03167
64840.6,7.02672
65023.7,7.02173
65115.3,7.01922
65206.8,7.01667
65252.6,7.01537
65275.5,7.01471
65298.4,7.01404
65321.2,7.01335
65344.1,7.01264
65355.6,7.01228
65367.0,7.01190
65378.5,7.01150
65389.9,7.01109
65396.7,7.01083
65403.6,7.01056
65410.4,7.01026
65417.2,7.00995
65424.0,7.00960
65427.5,7.00942
65430.9,7.00922
65434.3,7.00900
65437.7,7.00876
65441.1,7.00850
65444.5,7.00821
65447.3,7.00794
65448.7,7.00779
65450.1,7.00764
65451.6,7.00747
65453.0,7.00731
65453.7,7.00723
65454.4,7.00715
65455.1,7.00709
65455.8,7.00704
65456.5,7.00702
65457.2,7.00704
65457.9,7.00712
65458.6,7.00728
65458.9,7.00741
65459.3,7.00756
65459.6,7.00776
65460.0,7.00800
65460.3,7.00830
65460.7,7.00866
65461.4,7.00961
65462.1,7.01095
65462.8,7.01275
65463.5,7.01516
65464.2,7.01831
65464.9,7.02242
65465.6,7.02755
65466.3,7.03393
65467.0,7.04173
65468.0,7.05503
65468.9,7.07146
65469.9,7.09155
65470.8,7.11487
65472.7,7.17057
65474.6,7.23204
65476.2,7.28111
65477.8,7.31924
65479.1,7.33787
65479.7,7.34165
65480.0,7.34278
65480.0,7.34283
65480.0,7.34287
65480.1,7.34296
65480.1,7.34302
65480.2,7.34310
65480.4,7.34305
65481.0,7.34087
65481.8,7.33317
65482.2,7.32800
65482.4,7.32377
65483.4,7.30457
65484.3,7.28045
65486.2,7.22381
65488.3,7.16126
65489.3,7.13303
65490.3,7.10795
65491.3,7.08626
65492.3,7.06847
65493.3,7.05418
65493.8,7.04818
65494.3,7.04303
65494.9,7.03795
65495.5,7.03363
65496.0,7.03000
65496.6,7.02696
65497.2,7.02442
65497.8,7.02233
65498.3,7.02061
65498.9,7.01919
65499.5,7.01803
65500.0,7.01709
65500.6,7.01631
65501.2,7.01568
65501.7,7.01515
65502.3,7.01472
65502.9,7.01435
65503.4,7.01405
65504.0,7.01379
65504.6,7.01356
65505.2,7.01336
65505.7,7.01318
65506.9,7.01288
65508.0,7.01262
65509.1,7.01240
65510.3,7.01220
65512.5,7.01185
65514.3,7.01161
65516.1,7.01139
65519.6,7.01101
65523.2,7.01069
65526.7,7.01040
65530.3,7.01015
65533.8,7.00992
65537.3,7.00970
65540.9,7.00951
65548.0,7.00914
65555.1,7.00881
65562.1,7.00851
65569.2,7.00823
65582.6,7.00772
65596.0,7.00725
65609.4,7.00681
65622.9,7.00637
65649.7,7.00554
65676.5,7.00474
65730.1,7.00318
65783.7,7.00166
65891.0,6.99866
65998.3,6.99568
66386.8,6.98492
66775.4,6.97410
68135.5,6.93501
69495.5,6.89340
70855.5,6.84841
72215.5,6.79916
72992.7,6.76860
73324.6,6.75493
73407.6,6.75146
73490.6,6.74795
73532.0,6.74619
73573.5,6.74442
73615.0,6.74264
73635.8,6.74175
73656.5,6.74086
73665.6,6.74047
73674.7,6.74007
73683.8,6.73968
73692.9,6.73929
73702.0,6.73890
73706.6,6.73870
73711.2,6.73851
73715.7,6.73832
73720.3,6.73813
73724.8,6.73794
73729.4,6.73776
73732.5,6.73764
73735.7,6.73754
73737.3,6.73749
73738.9,6.73745
73740.4,6.73742
73741.2,6.73741
73742.0,6.73742
73742.8,6.73743
73743.6,6.73747
73744.4,6.73753
73745.2,6.73763
73746.0,6.73779
73746.8,6.73803
73747.2,6.73820
73747.6,6.73838
73748.0,6.73862
73748.3,6.73889
73748.7,6.73922
73749.1,6.73960
73749.5,6.74007
73749.9,6.74060
73750.3,6.74123
73750.7,6.74196
73751.1,6.74282
73751.5,6.74379
73752.3,6.74623
73753.1,6.74941
73753.9,6.75350
73754.7,6.75869
73755.2,6.76321
73755.8,6.76847
73756.4,6.77453
73756.9,6.78144
73758.1,6.79805
73759.2,6.81852
73760.4,6.84280
73761.5,6.87042
73763.8,6.93127
73765.7,6.98052
73767.6,7.01835
73769.0,7.03473
73769.6,7.03754
73770.0,7.03806
73770.0,7.03807
73770.1,7.03806
73770.1,7.03805
73770.2,7.03799
73770.3,7.03773
73770.9,7.03566
73770.9,7.03537
73771.0,7.03467
73771.1,7.03396
73771.5,7.03050
73771.9,7.02616
73772.7,7.01464
73774.6,6.97474
73776.5,6.92474
73778.5,6.87093
73779.5,6.84623
73780.5,6.82428
73781.5,6.80502
73782.5,6.78894
73783.5,6.77577
73784.5,6.76525
73785.3,6.75916
73786.0,6.75420
73786.7,6.75016
73787.4,6.74691
73788.1,6.74428
73788.8,6.74224
73789.5,6.74064
73790.2,6.73941
73791.0,6.73845
73791.7,6.73772
73792.4,6.73717
73793.1,6.73675
73793.8,6.73642
73794.5,6.73617
73795.2,6.73597
73795.9,6.73582
73796.7,6.73569
73797.4,6.73558
73798.1,6.73549
73798.8,6.73542
73800.2,6.73528
73801.6,6.73516
73803.1,6.73506
73804.5,6.73496
73807.3,6.73477
73810.9,6.73456
73814.5,6.73436
73818.1,6.73417
73821.7,6.73399
73825.3,6.73381
73828.9,6.73363
73836.0,6.73329
73843.2,6.73295
73850.4,6.73262
73857.6,6.73230
73864.8,6.73197
73875.3,6.73149
73885.9,6.73102
73896.4,6.73055
73907.0,6.73008
73928.1,6.72914
73949.2,6.72820
73991.4,6.72633
74033.7,6.72445
74118.1,6.72067
74202.6,6.71687
74418.8,6.70701
74635.0,6.69695
74851.2,6.68668
74976.2,6.68064
75101.2,6.67453
75163.7,6.67145
75226.1,6.66835
75257.4,6.66679
75288.6,6.66523
75319.9,6.66367
75335.5,6.66289
75351.1,6.66212
75363.0,6.66153
75374.8,6.66094
75386.6,6.66036
75398.4,6.65979
75404.3,6.65950
75410.3,6.65922
75416.2,6.65895
75422.1,6.65868
75428.0,6.65842
75433.9,6.65817
75439.8,6.65794
75445.7,6.65773
75449.5,6.65762
75453.3,6.65753
75457.1,6.65748
75460.9,6.65748
75462.8,6.65750
75464.7,6.65756
75466.6,6.65765
75468.5,6.65779
75470.4,6.65804
75471.4,6.65823
75472.3,6.65849
75473.3,6.65887
75474.2,6.65941
75475.2,6.66019
75475.7,6.66072
75476.1,6.66136
75476.6,6.66208
75477.0,6.66296
75477.5,6.66401
75477.9,6.66527
75478.4,6.66677
75478.8,6.66857
75479.3,6.67070
75479.7,6.67317
75480.2,6.67614
75480.6,6.67964
75481.1,6.68375
75481.5,6.68855
75482.0,6.69413
75482.4,6.70059
75482.9,6.70805
75483.3,6.71642
75484.2,6.73728
75485.1,6.76403
75486.0,6.79764
75486.9,6.83850
75487.8,6.88826
75488.7,6.94693
75489.6,7.01452
75490.5,7.08963
75492.0,7.22959
75493.4,7.38035
75494.9,7.52887
75496.4,7.65857
75497.5,7.73223
75498.5,7.78313
75499.4,7.80655
75500.0,7.81107
75500.0,7.81108
75500.1,7.81102
75500.1,7.81087
75500.3,7.81031
75500.5,7.80797
75501.3,7.79139
75502.1,7.75666
75503.0,7.70639
75504.0,7.62877
75505.4,7.49509
75506.9,7.34878
75508.3,7.20316
75509.8,7.06958
75511.3,6.94896
75512.1,6.89785
75512.8,6.85382
75513.6,6.81551
75514.3,6.78354
75515.1,6.75687
75515.9,6.73494
75516.6,6.71695
75517.4,6.70276
75518.2,6.69154
75518.9,6.68279
75519.7,6.67595
75520.4,6.67080
75521.2,6.66689
75522.0,6.66395
75522.5,6.66240
75523.0,6.66113
75523.5,6.66008
75524.0,6.65922
75524.5,6.65850
75525.0,6.65791
75526.0,6.65701
75527.1,6.65637
75528.1,6.65590
75529.1,6.65554
75530.1,6.65525
75532.2,6.65479
75534.2,6.65443
75536.2,6.65412
75538.3,6.65385
75542.3,6.65340
75546.4,6.65301
75550.5,6.65267
75554.5,6.65235
75560.0,6.65197
75565.4,6.65160
75570.8,6.65126
75576.3,6.65093
75581.7,6.65061
75587.1,6.65030
75598.0,6.64969
75608.8,6.64909
75619.7,6.64850
75630.5,6.64791
75641.4,6.64733
75653.3,6.64670
75665.1,6.64607
75688.9,6.64481
75712.6,6.64356
75736.4,6.64231
75760.1,6.64105
75783.9,6.63979
75831.4,6.63727
75926.4,6.63220
76021.3,6.62708
76195.0,6.61759
76368.7,6.60792
76542.4,6.59807
76611.7,6.59409
76646.3,6.59210
76680.9,6.59009
76715.5,6.58808
76732.8,6.58708
76750.1,6.58607
76767.4,6.58506
76784.7,6.58406
76793.3,6.58356
76802.0,6.58306
76810.6,6.58257
76819.3,6.58208
76824.7,6.58178
76830.1,6.58148
76835.6,6.58119
76841.0,6.58091
76843.7,6.58077
76846.4,6.58064
76849.1,6.58052
76851.9,6.58041
76854.6,6.58031
76857.3,6.58022
76858.6,6.58020
76860.0,6.58019
76861.4,6.58020
76862.0,6.58023
76862.7,6.58027
76863.2,6.58031
76863.8,6.58038
76864.3,6.58046
76864.8,6.58057
76865.4,6.58071
76865.9,6.58090
76866.4,6.58113
76866.9,6.58143
76867.5,6.58181
76868.0,6.58229
76868.5,6.58288
76869.1,6.58361
76869.6,6.58451
76870.1,6.58562
76870.7,6.58696
76871.2,6.58859
76871.7,6.59054
76872.2,6.59287
76872.8,6.59564
76873.3,6.59889
76873.8,6.60270
76874.4,6.60713
76874.9,6.61224
76875.4,6.61810
76876.5,6.63229
76877.5,6.65013
76878.6,6.67188
76879.7,6.69757
76881.2,6.74094
76882.7,6.78959
76885.8,6.88555
76887.0,6.91701
76888.3,6.93899
76889.3,6.94828
76889.8,6.94982
76890.0,6.94996
76890.4,6.94929
76891.1,6.94541
76891.1,6.94461
76891.4,6.94252
76891.6,6.94010
76892.0,6.93429
76892.8,6.91904
76895.0,6.86070
76897.2,6.78932
76899.7,6.71266
76900.9,6.68022
76902.2,6.65326
76902.8,6.64170
76903.4,6.63147
76904.0,6.62249
76904.6,6.61482
76905.3,6.60811
76905.9,6.60239
76906.5,6.59757
76907.1,6.59360
76907.9,6.58938
76908.7,6.58616
76909.1,6.58482
76909.5,6.58365
76909.9,6.58263
76910.3,6.58177
76910.7,6.58101
76911.1,6.58035
76911.5,6.57978
76911.9,6.57930
76912.3,6.57888
76912.7,6.57851
76913.1,6.57820
76913.5,6.57794
76914.3,6.57751
76915.1,6.57719
76915.9,6.57695
76916.7,6.57676
76917.5,6.57661
76918.2,6.57649
76919.0,6.57638
76919.8,6.57629
76921.4,6.57613
76923.0,6.57599
76924.6,6.57586
76926.2,6.57574
76929.4,6.57551
76932.5,6.57529
76935.1,6.57512
76937.6,6.57495
76942.8,6.57463
76947.9,6.57430
76953.0,6.57399
76958.1,6.57367
76963.2,6.57336
76973.5,6.57274
76983.7,6.57211
76993.9,6.57149
77004.2,6.57087
77014.4,6.57026
77029.2,6.56936
77044.1,6.56846
77073.7,6.56666
77133.0,6.56303
77192.3,6.55938
77251.6,6.55571
77432.3,6.54436
77612.9,6.53275
78064.7,6.50246
78516.4,6.47044
79419.9,6.40053
80323.3,6.32059
81226.8,6.22912
82401.3,6.08683
82988.6,6.00343
83575.8,5.90998
84027.5,5.82993
84479.3,5.74233
84931.0,5.64581
85382.7,5.54059
85699.0,5.46165
86015.2,5.37947
86331.4,5.29647
86647.6,5.21787
86828.3,5.17933
87009.0,5.15067
87133.2,5.14064
87257.4,5.14312
87381.7,5.16449
87505.9,5.21533
87573.6,5.26137
87641.4,5.32598
87709.2,5.41519
87776.9,5.53794
87808.0,5.60889
87839.0,5.69115
87870.1,5.78689
87901.1,5.89872
87932.2,6.02949
87963.3,6.18353
87994.3,6.36557
88025.4,6.58092
88056.4,6.83884
88072.0,6.98721
88087.5,7.15044
88103.0,7.33042
88118.6,7.52933
88134.1,7.74972
88149.6,7.99441
88165.1,8.26720
88180.7,8.57207
88196.2,8.91390
88211.7,9.29826
88227.2,9.73259
88242.8,10.2247
88258.3,10.7853
88273.8,11.4258
88283.7,11.8827
88293.6,12.3820
88303.5,12.9284
88313.3,13.5274
88323.2,14.1891
88333.1,14.9193
88343.0,15.7265
88352.9,16.6207
88360.6,17.3923
88368.4,18.2296
88376.2,19.1414
88383.9,20.1329
88391.7,21.2144
88399.5,22.3919
88407.2,23.6757
88415.0,25.0755
88423.2,26.6996
88431.5,28.4768
88439.7,30.4178
88447.9,32.5287
88456.2,34.8204
88464.4,37.2895
88472.7,39.9291
88480.9,42.7200
88500.7,49.7937
88510.6,53.3220
88520.4,56.6263
88525.4,58.1311
88530.3,59.4976
88535.3,60.7040
88540.2,61.7197
88545.2,62.5256
88550.1,63.0990
88555.1,63.4277
88560.0,63.5015
88565.4,63.2918
88570.7,62.7857
88576.1,61.9972
88581.4,60.9477
88586.8,59.6649
88592.2,58.1806
88597.5,56.5294
88602.9,54.7501
88613.6,50.9270
88624.3,46.9707
88635.0,43.0599
88645.7,39.3230
88651.3,37.4951
88656.8,35.7461
88662.3,34.0793
88667.9,32.4956
88673.4,30.9940
88678.9,29.5732
88684.4,28.2314
88690.0,26.9687
88695.5,25.7774
88701.0,24.6567
88706.6,23.6027
88712.1,22.6137
88717.6,21.6824
88723.1,20.8071
88728.7,19.9842
88734.2,19.2119
88740.1,18.4356
88746.0,17.7094
88751.9,17.0284
88757.8,16.3894
88763.7,15.7885
88769.6,15.2248
88775.5,14.6947
88781.4,14.1959
88793.2,13.2826
88805.0,12.4707
88816.8,11.7458
88828.6,11.0965
88840.4,10.5126
88852.2,9.98660
88864.0,9.51097
88875.8,9.07953
88887.6,8.68671
88899.4,8.32862
88911.2,8.00100
88923.0,7.70043
88942.4,7.25918
88961.7,6.87357
88981.0,6.53157
89000.3,6.22719
89019.6,5.95491
89038.9,5.71027
89058.2,5.48920
89077.5,5.28842
89101.2,5.06658
89124.8,4.86681
89148.4,4.68577
89172.0,4.52079
89195.6,4.36935
89219.2,4.22973
89242.8,4.10019
89266.4,3.97947
89302.9,3.80859
89339.4,3.65127
89375.8,3.50609
89412.3,3.37089
89448.8,3.24393
89485.3,3.12380
89558.2,2.89969
89652.7,2.63288
89747.1,2.38387
89841.5,2.14760
89935.9,1.92243
90008.9,1.75671
90081.9,1.60026
90118.4,1.52647
90154.8,1.45612
90191.3,1.39042
90227.8,1.33003
90251.4,1.29426
90275.0,1.26147
90298.6,1.23206
90322.2,1.20644
90345.8,1.18506
90369.4,1.16848
90393.1,1.15727
90416.7,1.15210
90430.6,1.15218
90444.6,1.15476
90458.5,1.15989
90472.5,1.16807
90486.4,1.17939
90500.4,1.19403
90514.3,1.21223
90528.2,1.23421
90540.1,1.25600
90551.9,1.28085
90563.7,1.30895
90575.5,1.34050
90587.3,1.37573
90599.1,1.41478
90610.9,1.45791
90622.7,1.50535
90634.5,1.55738
90646.3,1.61418
90658.1,1.67607
90669.9,1.74332
90681.7,1.81630
90693.5,1.89520
90705.3,1.98041
90717.1,2.07228
90728.9,2.17125
90740.7,2.27753
90752.5,2.39160
90764.3,2.51386
90776.1,2.64486
90787.9,2.78483
90799.7,2.93432
90811.5,3.09382
90827.3,3.32330
90843.0,3.57255
90858.8,3.84344
90874.5,4.13714
90890.3,4.45407
90906.0,4.79584
90921.8,5.16425
90937.5,5.56014
90947.8,5.83328
90958.0,6.11903
90968.3,6.41768
90978.5,6.72929
90999.0,7.39391
91019.5,8.11421
91040.0,8.89223
91060.5,9.72797
91081.0,10.6220
91101.5,11.5723
91116.4,12.2980
91131.3,13.0532
91161.1,14.6345
91190.9,16.2944
91220.8,18.0087
91280.4,21.4625
91310.2,23.1221
91340.0,24.6826
91369.8,26.1071
91399.6,27.3635
91429.4,28.4298
91459.3,29.2931
91489.1,29.9505
91518.9,30.4071
91548.7,30.6760
91578.5,30.7749
91600.8,30.7480
91623.1,30.6479
91667.7,30.2683
91712.3,29.6942
91757.0,28.9954
91846.2,27.3962
91935.4,25.7422
92043.9,23.8454
92098.2,22.9733
92152.5,22.1597
92206.7,21.4002
92261.0,20.6971
92315.2,20.0458
92369.5,19.4413
92423.8,18.8834
92478.0,18.3654
92586.5,17.4402
92695.1,16.6402
92803.6,15.9457
92892.4,15.4441
92981.2,14.9930
92999.7,14.9050
93018.2,14.8190
93027.4,14.7768
93036.7,14.7351
93041.3,14.7146
93045.9,14.6943
93048.2,14.6843
93049.4,14.6793
93050.5,14.6744
93051.7,14.6695
93052.9,14.6649
93054.0,14.6603
93054.6,14.6581
93055.2,14.6560
93055.7,14.6542
93056.2,14.6526
93056.7,14.6510
93057.2,14.6495
93057.7,14.6482
93058.2,14.6470
93058.7,14.6459
93059.2,14.6451
93059.7,14.6444
93060.2,14.6440
93060.7,14.6439
93061.2,14.6441
93062.2,14.6455
93063.2,14.6486
93064.2,14.6536
93065.2,14.6608
93066.2,14.6703
93067.2,14.6824
93068.2,14.6972
93069.2,14.7143
93071.2,14.7543
93073.8,14.8113
93076.4,14.8578
93078.6,14.8754
93079.4,14.8756
93079.8,14.8742
93080.0,14.8735
93080.0,14.8734
93080.1,14.8731
93080.1,14.8728
93080.2,14.8722
93080.4,14.8708
93080.7,14.8679
93081.8,14.8544
93083.0,14.8320
93084.2,14.8031
93087.5,14.7044
93089.2,14.6533
93090.8,14.6063
93091.8,14.5824
93092.7,14.5611
93093.6,14.5420
93094.5,14.5252
93095.5,14.5106
93096.4,14.4979
93097.3,14.4870
93098.3,14.4775
93099.2,14.4694
93100.1,14.4622
93101.1,14.4559
93101.5,14.4530
93102.0,14.4503
93102.5,14.4476
93102.9,14.4452
93103.8,14.4404
93104.8,14.4360
93105.7,14.4317
93106.4,14.4286
93107.1,14.4255
93107.8,14.4225
93108.5,14.4196
93109.9,14.4137
93111.3,14.4080
93114.1,14.3965
93116.9,14.3851
93122.5,14.3624
93128.0,14.3398
93139.2,14.2949
93150.4,14.2505
93172.7,14.1631
93195.0,14.0777
93284.3,13.7561
93454.5,13.2232
93624.6,12.7756
93752.2,12.4908
93879.8,12.2453
94007.4,12.0368
94135.0,11.8688
94254.1,11.7527
94373.2,11.6848
94441.3,11.6741
94509.3,11.6902
94577.4,11.7404
94645.4,11.8371
94692.2,11.9395
94739.0,12.0807
94785.8,12.2725
94832.6,12.5321
94870.9,12.8122
94909.1,13.1739
94928.3,13.3937
94947.4,13.6448
94966.6,13.9322
94985.7,14.2649
95009.1,14.7437
95032.5,15.3202
95044.2,15.6526
95055.9,16.0195
95067.6,16.4252
95079.3,16.8745
95091.0,17.3740
95102.7,17.9299
95114.4,18.5510
95126.1,19.2455
95137.8,20.0254
95149.5,20.9018
95161.2,21.8908
95172.8,23.0074
95184.4,24.2510
95195.9,25.6583
95207.4,27.2526
95213.1,28.1284
95218.9,29.0589
95224.6,30.0507
95230.4,31.1035
95236.2,32.2243
95241.9,33.4121
95247.7,34.6733
95253.4,36.0055
95259.2,37.4121
95264.9,38.8945
95276.3,42.0519
95287.7,45.4787
95310.5,52.8094
95321.8,56.4526
95333.2,59.8013
95338.9,61.2894
95344.6,62.6049
95350.3,63.7194
95356.0,64.6047
95363.0,65.3466
95370.0,65.6762
95375.7,65.6321
95381.4,65.3109
95387.1,64.7222
95392.8,63.8860
95398.5,62.8235
95404.2,61.5667
95409.9,60.1451
95415.6,58.5907
95426.9,55.2052
95438.3,51.6544
95449.7,48.1109
95461.1,44.6971
95472.6,41.4842
95484.0,38.5404
95495.5,35.8715
95506.9,33.4714
95518.4,31.3260
95529.8,29.4144
95541.3,27.7135
95552.7,26.2003
95564.8,24.7766
95577.0,23.5169
95589.1,22.3980
95601.2,21.4033
95613.4,20.5151
95625.5,19.7212
95637.6,19.0087
95649.8,18.3676
95661.9,17.7884
95674.0,17.2647
95686.2,16.7893
95698.3,16.3566
95710.4,15.9614
95722.6,15.6001
95746.8,14.9642
95762.3,14.6105
95777.7,14.2909
95808.6,13.7369
95839.5,13.2760
95870.4,12.8860
95894.6,12.6205
95918.9,12.3849
95967.4,11.9860
96016.0,11.6618
96064.5,11.3937
96113.0,11.1684
96161.6,10.9764
96258.6,10.6661
96355.7,10.4252
96452.8,10.2311
96549.8,10.0702
96646.9,9.93366
96744.0,9.81559
96841.0,9.71164
97035.1,9.53488
97229.3,9.38792
97423.4,9.26135
97617.5,9.14964
97811.7,9.04929
98076.4,8.92642
98341.1,8.81584
98605.8,8.71417
98870.5,8.61968
99435.3,8.43507
100000,8.26455
100427,8.13974
100853,8.01454
101325,7.87074
101562,7.79496
101680,7.75563
101739,7.73554
101798,7.71514
101828,7.70445
101851,7.69630
101862,7.69220
101874,7.68807
101885,7.68385
101891,7.68173
101897,7.67959
101902,7.67743
101908,7.67522
101911,7.67408
101914,7.67297
101915,7.67237
101917,7.67182
101918,7.67127
101919,7.67100
101919,7.67075
101920,7.67053
101921,7.67033
101921,7.67014
101922,7.66998
101922,7.66983
101923,7.66972
101924,7.66964
101924,7.66962
101925,7.66965
101925,7.66976
101926,7.66995
101927,7.67025
101927,7.67069
101928,7.67127
101928,7.67203
101929,7.67283
101930,7.67400
101930,7.67545
101931,7.67720
101931,7.67931
101932,7.68182
101933,7.68476
101933,7.68818
101934,7.69213
101935,7.70174
101936,7.71386
101937,7.72865
101938,7.74453
101940,7.77480
101942,7.80877
101946,7.87494
101947,7.89336
101948,7.90656
101949,7.91288
101950,7.91414
101950,7.91438
101950,7.91443
101951,7.91422
101951,7.91228
101951,7.91185
101952,7.90970
101952,7.90693
101953,7.89962
101955,7.87566
101956,7.84612
101961,7.76245
101962,7.74403
101963,7.72754
101964,7.71318
101965,7.70198
101966,7.69425
101967,7.68756
101968,7.68182
101968,7.67750
101969,7.67330
101970,7.66979
101971,7.66686
101971,7.66472
101972,7.66266
101973,7.66096
101974,7.65955
101974,7.65851
101975,7.65750
101976,7.65665
101977,7.65591
101978,7.65534
101978,7.65476
101979,7.65423
101980,7.65375
101981,7.65335
101981,7.65292
101982,7.65251
101984,7.65178
101985,7.65104
101987,7.65037
101990,7.64907
101994,7.64731
101998,7.64563
102002,7.64398
102006,7.64236
102015,7.63911
102023,7.63595
102039,7.62963
102056,7.62334
102096,7.60821
102135,7.59297
102214,7.56200
102465,7.45772
102716,7.34150
102967,7.20935
103218,7.05622
103509,6.84055
103654,6.71197
103800,6.56490
103919,6.42709
104038,6.26990
104156,6.08880
104275,5.87739
104348,5.72911
104421,5.56372
104493,5.37758
104566,5.16711
104629,4.96123
104691,4.72959
104754,4.46640
104786,4.32165
104817,4.16699
104853,3.97327
104890,3.76389
104926,3.53686
104962,3.29089
105002,2.99914
105042,2.68467
105081,2.34987
105121,2.00390
105144,1.80383
105156,1.70712
105167,1.61497
105179,1.52766
105190,1.44863
105196,1.41235
105202,1.37896
105208,1.34886
105213,1.32290
105219,1.30067
105225,1.28317
105231,1.27109
105236,1.26521
105241,1.26532
105245,1.27004
105250,1.28003
105255,1.29532
105259,1.31712
105264,1.34504
105268,1.38007
105273,1.42287
105277,1.47535
105282,1.53600
105286,1.60835
105291,1.69014
105295,1.78596
105300,1.89268
105304,2.01328
105309,2.14891
105313,2.29720
105318,2.46218
105322,2.64512
105327,2.84730
105331,3.07006
105335,3.31478
105340,3.58293
105344,3.86911
105347,4.04703
105349,4.23378
105352,4.42961
105354,4.63477
105357,4.84951
105359,5.07408
105364,5.55367
105369,6.07545
105374,6.64105
105379,7.25182
105384,7.90863
105388,8.43889
105392,8.98094
105395,9.56384
105399,10.1565
105403,10.7902
105407,11.4306
105414,12.7937
105422,14.2295
105429,15.7180
105444,18.7559
105452,20.3457
105460,21.8667
105465,22.7666
105470,23.6181
105475,24.4144
105480,25.1497
105485,25.8196
105490,26.4209
105495,26.9517
105500,27.4113
105505,27.8003
105510,28.1202
105515,28.3736
105520,28.5636
105530,28.7690
105540,28.7708
105551,28.5910
105561,28.2691
105572,27.8364
105582,27.3330
105603,26.1949
105624,25.0021
105644,23.8977
105664,22.8561
105684,21.8929
105704,21.0120
105725,20.2074
105745,19.4816
105765,18.8240
105785,18.2280
105804,17.7110
105823,17.2374
105842,16.8036
105861,16.4055
105899,15.7016
105937,15.1018
105977,14.5609
106017,14.0936
106057,13.6866
106097,13.3292
106152,12.9069
106206,12.5469
106261,12.2348
106315,11.9624
106395,11.6202
106475,11.3321
106555,11.0861
106635,10.8738
106737,10.6421
106839,10.4449
106941,10.2755
107043,10.1272
107174,9.96271
107239,9.88962
107304,9.82190
107348,9.77936
107370,9.75883
107381,9.74879
107392,9.73888
107402,9.72992
107407,9.72550
107412,9.72113
107414,9.71899
107416,9.71789
107417,9.71689
107418,9.71584
107419,9.71492
107420,9.71440
107421,9.71398
107421,9.71359
107422,9.71323
107422,9.71285
107423,9.71258
107424,9.71237
107424,9.71223
107425,9.71217
107426,9.71223
107426,9.71241
107427,9.71274
107427,9.71335
107428,9.71408
107429,9.71505
107429,9.71629
107430,9.71813
107431,9.72008
107431,9.72242
107432,9.72519
107433,9.72964
107433,9.73429
107434,9.73973
107435,9.74601
107436,9.76121
107437,9.78006
107439,9.80409
107440,9.82946
107443,9.88399
107445,9.91995
107447,9.94709
107449,9.95958
107450,9.96147
107450,9.96172
107450,9.96140
107450,9.96067
107451,9.95776
107453,9.94602
107454,9.92565
107456,9.89904
107460,9.81109
107462,9.77046
107463,9.75193
107464,9.73701
107465,9.72518
107466,9.71592
107466,9.70779
107467,9.70073
107468,9.69394
107469,9.68884
107470,9.68450
107471,9.68083
107471,9.67738
107472,9.67482
107473,9.67266
107474,9.67082
107475,9.66925
107475,9.66788
107476,9.66669
107477,9.66562
107478,9.66454
107479,9.66366
107480,9.66283
107480,9.66205
107481,9.66121
107482,9.66048
107484,9.65908
107485,9.65763
107487,9.65628
107490,9.65362
107495,9.64951
107500,9.64542
107510,9.63734
107520,9.62934
107530,9.62143
107560,9.59818
107590,9.57569
107650,9.53250
107770,9.45345
108010,9.32030
108289,9.20137
108569,9.11919
108789,9.08613
108899,9.08378
109008,9.09470
109093,9.11546
109178,9.15084
109263,9.20583
109348,9.28961
109403,9.36525
109458,9.46379
109513,9.59318
109568,9.76491
109610,9.93755
109653,10.1566
109695,10.4383
109716,10.6097
109737,10.8065
109765,11.1072
109792,11.4702
109820,11.9152
109834,12.1737
109847,12.4613
109861,12.7843
109875,13.1426
109889,13.5467
109902,13.9968
109916,14.5064
109930,15.0757
109943,15.7167
109957,16.4387
109972,17.3461
109988,18.3782
110003,19.5462
110018,20.8486
110033,22.3041
110048,23.8947
110079,27.2821
110096,29.2351
110105,30.1308
110114,30.9238
110123,31.6046
110132,32.1334
110141,32.4981
110150,32.6850
110159,32.6870
110166,32.5518
110174,32.2992
110181,31.9379
110188,31.4855
110195,30.9425
110203,30.3371
110217,28.9626
110246,25.9402
110261,24.4516
110275,23.0422
110290,21.7296
110304,20.5330
110319,19.4516
110334,18.4818
110348,17.6154
110363,16.8431
110377,16.1550
110392,15.5418
110407,14.9735
110422,14.4710
110437,14.0226
110453,13.6215
110468,13.2617
110483,12.9382
110498,12.6465
110513,12.3828
110543,11.9249
110573,11.5460
110604,11.2282
110634,10.9592
110660,10.7588
110686,10.5835
110738,10.2901
110790,10.0569
110843,9.86810
110903,9.69082
110964,9.54708
111024,9.42817
111084,9.32873
111194,9.18466
111304,9.07322
111414,8.98530
111524,8.91369
111700,8.82330
111876,8.75347
112227,8.65153
112579,8.58020
112931,8.52752
113546,8.46410
114162,8.42603
114953,8.40877
115348,8.41356
115546,8.41972
115744,8.42930
115782,8.43174
115820,8.43466
115839,8.43636
115857,8.43853
115867,8.43993
115872,8.44077
115876,8.44175
115881,8.44297
115884,8.44371
115885,8.44413
115886,8.44455
115887,8.44507
115888,8.44565
115889,8.44634
115891,8.44709
115891,8.44757
115892,8.44809
115892,8.44868
115893,8.44935
115894,8.45010
115894,8.45095
115895,8.45192
115895,8.45283
115896,8.45384
115896,8.45498
115897,8.45624
115897,8.45765
115898,8.46098
115899,8.46509
115900,8.47013
115901,8.47625
115902,8.48360
115903,8.49138
115904,8.50140
115905,8.51295
115906,8.52604
115907,8.54061
115909,8.57352
115911,8.60762
115914,8.65610
115917,8.69027
115919,8.70144
115919,8.70172
115920,8.70055
115920,8.70021
115920,8.69982
115921,8.69792
115921,8.69236
115923,8.67477
115925,8.63753
115927,8.59461
115930,8.53637
115932,8.51095
115933,8.48927
115935,8.47165
115936,8.45799
115937,8.45220
115938,8.44791
115939,8.44381
115939,8.44084
115940,8.43779
115941,8.43547
115942,8.43375
115943,8.43253
115944,8.43171
115945,8.43119
115946,8.43091
115947,8.43081
115948,8.43084
115948,8.43096
115949,8.43115
115950,8.43138
115951,8.43163
115952,8.43190
115953,8.43217
115954,8.43245
115956,8.43298
115957,8.43349
115961,8.43440
115965,8.43520
115968,8.43591
115975,8.43715
115983,8.43822
115997,8.44004
116016,8.44213
116036,8.44403
116074,8.44757
116201,8.45922
116329,8.47192
116583,8.50240
116838,8.54010
116965,8.56232
117029,8.57408
117060,8.58006
117076,8.58302
117092,8.58586
117104,8.58774
117109,8.58857
117112,8.58895
117115,8.58929
117117,8.58947
117118,8.58964
117119,8.58983
117120,8.58993
117121,8.59005
117122,8.59021
117122,8.59038
117123,8.59058
117124,8.59083
117124,8.59113
117125,8.59150
117126,8.59195
117126,8.59251
117127,8.59331
117128,8.59417
117129,8.59521
117129,8.59647
117130,8.59797
117131,8.59974
117131,8.60184
117132,8.60428
117133,8.60755
117134,8.61086
117135,8.61886
117136,8.62883
117138,8.64080
117140,8.66103
117142,8.68266
117144,8.70597
117146,8.72624
117147,8.73854
117148,8.74709
117149,8.75145
117150,8.75285
117150,8.75325
117150,8.75342
117151,8.75389
117151,8.75378
117151,8.75366
117152,8.75300
117152,8.75255
117153,8.74990
117154,8.74657
117155,8.73737
117158,8.70566
117162,8.67111
117164,8.65526
117164,8.64833
117165,8.64214
117166,8.63668
117167,8.63194
117168,8.62788
117169,8.62445
117170,8.62159
117171,8.61925
117172,8.61735
117173,8.61582
117173,8.61462
117174,8.61369
117175,8.61298
117176,8.61244
117177,8.61205
117178,8.61177
117179,8.61158
117180,8.61146
117181,8.61139
117182,8.61137
117183,8.61141
117185,8.61153
117187,8.61171
117191,8.61216
117198,8.61328
117205,8.61456
117219,8.61735
117242,8.62225
117300,8.63563
117358,8.65006
117473,8.68110
117703,8.75272
117934,8.83987
118164,8.94483
118418,9.08724
118671,9.26480
118925,9.48764
119178,9.77019
119391,10.0709
119498,10.2477
119605,10.4453
119711,10.6669
119818,10.9162
119924,11.1987
120031,11.5186
120063,11.6215
120067,11.6347
120069,11.6413
120070,11.6477
120072,11.6545
120073,11.6579
120074,11.6615
120075,11.6651
120076,11.6689
120077,11.6729
120078,11.6767
120079,11.6811
120080,11.6858
120081,11.6909
120082,11.6965
120083,11.7026
120084,11.7092
120085,11.7164
120086,11.7234
120088,11.7407
120090,11.7602
120094,11.8004
120096,11.8193
120098,11.8349
120099,11.8421
120100,11.8441
120100,11.8454
120100,11.8459
120100,11.8471
120101,11.8482
120101,11.8485
120101,11.8488
120101,11.8500
120102,11.8507
120102,11.8519
120104,11.8526
120106,11.8493
120111,11.8359
120112,11.8331
120114,11.8310
120115,11.8296
120116,11.8290
120117,11.8291
120118,11.8299
120120,11.8315
120121,11.8334
120122,11.8360
120123,11.8389
120124,11.8423
120125,11.8455
120127,11.8493
120128,11.8532
120129,11.8572
120130,11.8613
120133,11.8697
120135,11.8779
120144,11.9120
120172,12.0153
120199,12.1228
120254,12.3494
120365,12.8542
120475,13.4413
120585,14.1236
120646,14.5491
120706,15.0126
120767,15.5199
120827,16.0764
120888,16.6856
120948,17.3570
121009,18.0954
121070,18.9048
121131,19.8113
121192,20.8082
121253,21.9093
121314,23.1240
121375,24.4591
121437,25.9301
121498,27.5411
121559,29.2942
121599,30.5149
121638,31.7941
121717,34.5223
121797,37.4272
121876,40.4370
121955,43.4205
122034,46.1987
122074,47.4397
122113,48.5528
122153,49.5145
122193,50.2918
122241,50.9598
122290,51.2914
122339,51.2772
122379,51.0065
122418,50.5195
122458,49.8437
122497,48.9982
122537,47.9988
122577,46.8655
122656,44.3280
122814,38.8382
122893,36.1337
122973,33.5915
123035,31.7156
123098,29.9711
123161,28.3575
123224,26.8803
123287,25.5226
123349,24.2835
123412,23.1536
123475,22.1191
123537,21.1920
123599,20.3421
123661,19.5644
123723,18.8554
123784,18.2017
123846,17.6031
123908,17.0527
123970,16.5454
124038,16.0381
124105,15.5711
124173,15.1436
124240,14.7486
124375,14.0490
124510,13.4509
124634,12.9765
124757,12.5572
124881,12.1867
125005,11.8604
125129,11.5671
125252,11.3063
125500,10.8584
125680,10.5841
125770,10.4596
125860,10.3405
125891,10.2983
125906,10.2754
125910,10.2690
125914,10.2625
125916,10.2588
125918,10.2552
125919,10.2532
125920,10.2514
125921,10.2495
125922,10.2477
125923,10.2463
125923,10.2451
125924,10.2440
125924,10.2428
125925,10.2418
125926,10.2408
125926,10.2399
125927,10.2390
125927,10.2382
125928,10.2377
125929,10.2373
125929,10.2371
125930,10.2375
125932,10.2391
125933,10.2426
125934,10.2476
125935,10.2547
125937,10.2641
125939,10.2913
125941,10.3263
125943,10.3495
125944,10.3734
125945,10.3852
125945,10.3919
125946,10.3968
125946,10.4078
125947,10.4182
125948,10.4363
125949,10.4466
125950,10.4492
125950,10.4515
125950,10.4522
125951,10.4549
125951,10.4583
125953,10.4607
125954,10.4575
125954,10.4566
125955,10.4538
125955,10.4511
125956,10.4480
125956,10.4437
125956,10.4398
125957,10.4299
125958,10.4201
125961,10.3837
125963,10.3476
125965,10.3300
125966,10.3151
125967,10.3006
125968,10.2887
125970,10.2775
125970,10.2722
125971,10.2679
125972,10.2634
125972,10.2598
125973,10.2565
125973,10.2534
125974,10.2501
125975,10.2475
125975,10.2451
125976,10.2429
125977,10.2404
125977,10.2385
125978,10.2366
125978,10.2349
125979,10.2330
125980,10.2314
125981,10.2285
125982,10.2259
125983,10.2234
125986,10.2188
125988,10.2145
125993,10.2066
125998,10.1994
126017,10.1733
126056,10.1272
126133,10.0427
126210,9.96309
126287,9.88591
126326,9.84618
126345,9.82431
126355,9.81188
126360,9.80501
126362,9.80128
126365,9.79731
126366,9.79486
126367,9.79251
126369,9.79007
126370,9.78759
126371,9.78623
126371,9.78489
126372,9.78355
126373,9.78244
126373,9.78117
126374,9.78014
126375,9.77902
126375,9.77816
126376,9.77729
126377,9.77662
126377,9.77619
126378,9.77605
126379,9.77621
126379,9.77667
126380,9.77765
126381,9.77892
126382,9.78329
126383,9.79028
126385,9.80041
126386,9.81409
126388,9.83940
126391,9.90893
126393,9.94968
126394,9.97196
126396,10.0180
126398,10.0586
126399,10.0838
126400,10.0917
126400,10.0962
126400,10.0972
126400,10.1000
126401,10.1017
126401,10.1068
126403,10.1081
126406,10.0892
126407,10.0743
126408,10.0491
126411,10.0065
126412,9.97837
126414,9.93620
126415,9.91704
126416,9.89954
126417,9.88382
126419,9.86991
126420,9.85776
126421,9.84725
126422,9.83823
126423,9.83052
126424,9.82681
126424,9.82395
126425,9.82077
126425,9.81833
126426,9.81561
126426,9.81350
126427,9.81116
126427,9.80933
126428,9.80569
126430,9.80247
126430,9.80035
126431,9.79861
126432,9.79543
126434,9.79235
126435,9.78972
126437,9.78709
126438,9.78462
126441,9.78018
126447,9.77222
126455,9.76236
126463,9.75340
126479,9.73715
126512,9.70753
126576,9.65371
126705,9.55546
126963,9.38115
127338,9.16775
127525,9.07460
127712,8.98724
127771,8.95963
127800,8.94486
127815,8.93682
127830,8.92816
127842,8.91937
127849,8.91428
127855,8.90839
127858,8.90502
127862,8.90125
127863,8.89919
127865,8.89700
127866,8.89467
127867,8.89346
127868,8.89222
127869,8.89097
127870,8.88971
127870,8.88846
127871,8.88724
127872,8.88607
127873,8.88500
127874,8.88407
127874,8.88332
127875,8.88283
127876,8.88268
127877,8.88297
127878,8.88379
127878,8.88528
127879,8.88757
127880,8.89081
127881,8.89515
127882,8.90078
127882,8.90687
127884,8.92282
127885,8.94617
127887,8.97440
127888,9.00904
127891,9.10253
127894,9.20339
127897,9.29524
127899,9.34815
127899,9.36562
127900,9.37336
127900,9.37473
127900,9.37594
127900,9.37963
127901,9.38267
127902,9.38845
127904,9.38073
127906,9.34201
127909,9.28155
127911,9.20859
127912,9.17370
127914,9.13511
127915,9.09995
127917,9.06895
127918,9.04416
127919,9.03238
127919,9.02167
127920,9.01198
127921,9.00444
127921,8.99648
127922,8.98935
127923,8.98299
127923,8.97809
127924,8.97296
127925,8.96839
127925,8.96433
127926,8.96120
127927,8.95792
127927,8.95498
127928,8.95234
127929,8.95028
127929,8.94810
127930,8.94611
127931,8.94429
127931,8.94284
127932,8.94127
127933,8.93982
127934,8.93736
127936,8.93499
127937,8.93285
127940,8.92918
127942,8.92597
127945,8.92308
127951,8.91790
127956,8.91348
127967,8.90578
127978,8.89922
127999,8.88767
128021,8.87744
128065,8.85870
128152,8.82463
128326,8.76264
128674,8.65208
129099,8.53476
129524,8.43211
130375,8.25837
130916,8.16371
131458,8.07703
131999,7.99591
132541,7.91824
132618,7.90708
132695,7.89561
132727,7.89069
132742,7.88814
132758,7.88543
132774,7.88251
132782,7.88091
132790,7.87918
132797,7.87723
132801,7.87615
132805,7.87497
132809,7.87362
132811,7.87288
132813,7.87212
132814,7.87171
132815,7.87129
132816,7.87085
132817,7.87046
132818,7.87003
132819,7.86961
132820,7.86923
132821,7.86892
132822,7.86875
132822,7.86861
132823,7.86852
132823,7.86848
132824,7.86849
132824,7.86857
132825,7.86875
132826,7.86898
132826,7.86936
132827,7.86988
132828,7.87128
132829,7.87336
132830,7.87629
132831,7.88067
132832,7.88593
132833,7.89257
132835,7.90072
132836,7.91144
132837,7.92297
132839,7.95069
132842,8.00048
132846,8.04990
132847,8.06136
132848,8.07626
132848,8.07717
132848,8.07975
132849,8.08211
132849,8.08619
132850,8.08788
132850,8.09018
132850,8.09056
132851,8.09182
132851,8.09297
132853,8.09158
132853,8.09129
132853,8.09026
132853,8.08900
132853,8.08804
132854,8.08641
132854,8.08457
132855,8.08104
132856,8.06531
132858,8.04642
132861,8.00190
132863,7.97314
132864,7.96008
132866,7.94818
132867,7.93754
132868,7.92819
132869,7.92011
132870,7.91322
132871,7.90742
132872,7.90260
132873,7.89861
132874,7.89675
132874,7.89535
132875,7.89382
132875,7.89268
132876,7.89143
132877,7.89049
132877,7.88947
132878,7.88870
132878,7.88786
132879,7.88722
132880,7.88619
132881,7.88530
132881,7.88452
132882,7.88382
132883,7.88319
132884,7.88263
132885,7.88210
132886,7.88167
132888,7.88079
132889,7.88005
132891,7.87932
132893,7.87869
132896,7.87751
132900,7.87644
132907,7.87455
132914,7.87288
132921,7.87137
132935,7.86862
132949,7.86611
132963,7.86376
132991,7.85930
133066,7.84817
133140,7.83750
133290,7.81658
133589,7.77511
134186,7.69130
135381,7.51034
136084,7.38671
136787,7.24207
137016,7.18821
137130,7.15957
137187,7.14464
137216,7.13703
137244,7.12919
137264,7.12354
137274,7.12062
137284,7.11759
137294,7.11441
137299,7.11272
137304,7.11097
137306,7.11003
137309,7.10906
137311,7.10805
137313,7.10755
137314,7.10705
137315,7.10649
137316,7.10598
137317,7.10573
137317,7.10548
137318,7.10524
137319,7.10500
137319,7.10474
137320,7.10454
137321,7.10435
137321,7.10418
137322,7.10405
137322,7.10395
137323,7.10389
137324,7.10388
137324,7.10394
137325,7.10404
137326,7.10441
137327,7.10516
137328,7.10623
137329,7.10792
137330,7.11002
137331,7.11275
137332,7.11620
137333,7.12093
137334,7.12615
137335,7.13231
137336,7.13942
137338,7.15737
137340,7.17768
137343,7.21208
137346,7.24215
137347,7.25078
137348,7.25283
137348,7.25591
137348,7.25703
137349,7.25906
137349,7.26223
137350,7.26337
137350,7.26382
137350,7.26402
137351,7.26461
137351,7.26489
137352,7.26437
137352,7.26421
137352,7.26340
137353,7.26259
137353,7.26161
137354,7.25667
137355,7.25047
137357,7.23323
137363,7.17742
137364,7.16431
137365,7.15252
137367,7.14224
137368,7.13408
137369,7.12771
137371,7.12235
137372,7.11791
137372,7.11600
137373,7.11427
137374,7.11271
137374,7.11130
137375,7.11003
137375,7.10888
137376,7.10785
137377,7.10692
137377,7.10607
137378,7.10543
137378,7.10472
137379,7.10407
137379,7.10348
137380,7.10294
137381,7.10243
137381,7.10196
137382,7.10152
137382,7.10111
137383,7.10072
137384,7.10035
137385,7.09966
137386,7.09902
137387,7.09847
137388,7.09790
137390,7.09735
137392,7.09631
137394,7.09533
137397,7.09443
137401,7.09267
137406,7.09099
137416,7.08761
137426,7.08442
137446,7.07825
137482,7.06744
137518,7.05677
137589,7.03526
137733,6.99082
138083,6.87044
138434,6.72881
138784,6.55850
139135,6.34842
139358,6.18533
139581,5.99385
139804,5.76228
139916,5.62818
140027,5.47902
140163,5.27306
140298,5.03473
140366,4.90107
140433,4.75724
140501,4.60025
140569,4.42941
140656,4.18491
140744,3.91128
140788,3.76246
140832,3.60499
140875,3.43873
140919,3.26382
140991,2.95948
141063,2.63810
141134,2.31339
141170,2.15846
141188,2.08570
141206,2.01734
141230,1.93519
141242,1.89879
141254,1.86685
141266,1.83952
141278,1.81791
141290,1.80248
141302,1.79443
141313,1.79430
141324,1.80213
141335,1.81895
141346,1.84556
141357,1.88370
141367,1.93399
141378,1.99884
141384,2.03707
141389,2.07865
141398,2.15650
141407,2.24682
141416,2.35069
141425,2.46922
141434,2.60351
141443,2.75472
141452,2.92423
141460,3.11136
141466,3.24834
141472,3.39499
141478,3.55169
141484,3.71886
141490,3.89694
141496,4.08634
141502,4.28739
141508,4.49660
141513,4.70189
141518,4.91754
141524,5.14381
141529,5.38089
141540,5.88810
141551,6.43991
141562,7.03632
141572,7.67648
141583,8.35867
141594,9.07367
141605,9.83136
141615,10.6181
141637,12.2449
141659,13.9112
141680,15.5313
141691,16.3079
141702,17.0486
141712,17.7457
141723,18.3930
141734,18.9855
141745,19.5197
141756,19.9933
141766,20.4020
141777,20.7540
141788,21.0466
141799,21.2822
141810,21.4639
141820,21.5954
141831,21.6807
141853,21.7299
141878,21.6170
141904,21.3675
141929,21.0222
141955,20.6186
142006,19.7290
142057,18.8303
142115,17.8766
142172,17.0201
142230,16.2649
142288,15.6047
142345,15.0261
142403,14.5188
142461,14.0725
142518,13.6786
142571,13.3592
142623,13.0711
142728,12.5721
142833,12.1580
142938,11.8088
143022,11.5671
143106,11.3529
143273,10.9908
143441,10.6960
143609,10.4520
143861,10.1558
144112,9.92095
144343,9.74620
144574,9.59790
144804,9.47193
145035,9.36507
145496,9.19203
145958,9.06258
146377,8.97629
146797,8.91597
147027,8.89487
147143,8.88737
147172,8.88577
147200,8.88418
147215,8.88335
147229,8.88244
147244,8.88138
147251,8.88072
147254,8.88033
147258,8.87990
147260,8.87966
147262,8.87943
147263,8.87921
147264,8.87911
147265,8.87903
147266,8.87897
147267,8.87894
147268,8.87896
147269,8.87904
147270,8.87921
147271,8.87948
147272,8.87990
147272,8.88051
147273,8.88134
147274,8.88245
147275,8.88392
147276,8.88580
147277,8.88818
147278,8.89114
147279,8.89478
147280,8.89918
147281,8.90445
147281,8.91065
147282,8.91788
147283,8.92620
147285,8.94624
147287,8.97077
147291,9.03934
147293,9.07641
147295,9.10842
147297,9.12816
147298,9.14197
147299,9.14961
147300,9.15185
147300,9.15257
147300,9.15275
147300,9.15310
147301,9.15319
147301,9.15286
147302,9.15206
147302,9.14951
147302,9.14903
147303,9.14799
147303,9.14683
147303,9.14488
147304,9.13571
147305,9.12485
147307,9.09594
147313,9.00291
147314,8.98235
147316,8.96399
147317,8.94809
147319,8.93470
147320,8.92514
147321,8.91782
147322,8.91174
147323,8.90675
147324,8.90239
147325,8.89922
147326,8.89670
147328,8.89472
147328,8.89382
147329,8.89304
147330,8.89184
147331,8.89090
147332,8.89016
147333,8.88952
147334,8.88905
147335,8.88867
147337,8.88834
147338,8.88804
147339,8.88781
147341,8.88741
147343,8.88706
147346,8.88678
147350,8.88630
147355,8.88592
147364,8.88533
147373,8.88492
147390,8.88440
147436,8.88402
147543,8.88612
147650,8.89163
147865,8.91318
148079,8.95158
148293,9.01137
148463,9.07907
148632,9.17026
148801,9.29103
148970,9.45282
149095,9.60584
149219,9.79635
149343,10.0348
149467,10.3356
149569,10.6424
149670,11.0186
149721,11.2380
149772,11.4821
149823,11.7533
149873,12.0577
149918,12.3609
149964,12.6990
150009,13.0825
150054,13.5344
150071,13.7342
150088,13.9612
150105,14.2359
150113,14.4037
150122,14.6010
150129,14.8266
150137,15.1126
150141,15.2933
150145,15.5084
150149,15.7697
150153,16.0856
150155,16.3055
150157,16.5477
150159,16.8288
150161,17.1577
150163,17.5658
150165,18.0303
150167,18.5848
150170,19.2488
150171,19.7628
150172,20.3416
150174,20.9919
150175,21.7196
150177,22.5301
150178,23.4269
150179,24.4116
150181,25.4830
150183,27.1535
150185,28.8685
150188,32.4930
150191,34.6372
150193,36.4956
150194,37.3126
150195,38.0340
150196,38.6460
150197,39.1362
150199,39.5692
150200,39.7688
150201,39.7936
150202,39.7014
150203,39.4427
150204,39.0253
150206,38.4612
150207,37.7657
150208,36.9567
150209,36.0537
150210,35.0775
150215,31.1112
150217,29.1114
150219,27.3297
150221,26.3577
150222,25.4530
150223,24.6184
150224,23.9106
150226,23.2103
150227,22.6229
150228,22.0472
150229,21.5679
150231,21.1349
150232,20.7445
150234,20.1010
150236,19.5747
150239,19.1434
150241,18.7887
150243,18.4957
150246,18.2523
150248,18.0491
150252,17.7706
150256,17.5680
150260,17.4123
150264,17.2986
150272,17.1506
150279,17.0784
150288,17.0547
150296,17.0678
150312,17.1666
150329,17.3259
150345,17.5237
150369,17.8531
150392,18.2177
150439,19.0289
150486,19.9078
150533,20.8357
150626,22.7033
150673,23.5952
150720,24.3939
150758,24.9435
150795,25.3918
150833,25.7223
150870,25.9232
150908,25.9884
150938,25.9399
150969,25.8040
150999,25.5888
151029,25.3027
151060,24.9503
151090,24.5414
151151,23.6014
151395,19.4140
151445,18.6410
151494,17.9173
151544,17.2454
151593,16.6276
151642,16.0576
151692,15.5366
151741,15.0589
151791,14.6222
151840,14.2268
151889,13.8645
151938,13.5327
151987,13.2297
152085,12.6950
152183,12.2442
152281,11.8626
152379,11.5391
152477,11.2652
152574,11.0351
152672,10.8446
152770,10.6919
152868,10.5781
152966,10.5081
153002,10.4954
153038,10.4904
153113,10.5110
153189,10.5861
153227,10.6509
153265,10.7372
153303,10.8540
153340,11.0071
153365,11.1304
153389,11.2767
153414,11.4504
153438,11.6569
153463,11.9031
153487,12.1976
153512,12.5513
153536,12.9747
153561,13.4903
153573,13.7912
153585,14.1216
153598,14.4907
153610,14.8972
153622,15.3530
153634,15.8564
153647,16.4226
153659,17.0498
153671,17.7568
153683,18.5415
153696,19.4269
153708,20.4096
153720,21.5075
153732,22.7316
153739,23.5173
153747,24.3401
153761,26.1464
153775,28.1541
153789,30.3368
153804,32.6754
153818,35.0730
153832,37.4654
153846,39.6791
153857,41.1786
153868,42.3959
153874,42.8870
153879,43.2795
153885,43.5823
153890,43.7805
153899,43.8885
153906,43.7792
153913,43.5034
153920,43.0712
153927,42.4967
153934,41.7970
153942,40.9907
153956,39.1350
153984,34.9661
153998,32.8734
154013,30.8736
154023,29.4286
154034,28.0837
154045,26.8183
154056,25.6557
154067,24.5717
154078,23.5821
154089,22.6632
154099,21.8265
154110,21.0712
154121,20.3758
154131,19.7353
154142,19.1450
154152,18.6004
154163,18.0975
154184,17.2063
154203,16.5030
154223,15.8897
154242,15.3467
154261,14.8696
154280,14.4442
154300,14.0673
154319,13.7300
154338,13.4270
154359,13.1268
154380,12.8578
154423,12.3980
154465,12.0199
154507,11.7046
154548,11.4506
154588,11.2309
154628,11.0405
154669,10.8738
154750,10.5964
154830,10.3752
154954,10.1123
155077,9.91151
155200,9.75199
155323,9.62196
155569,9.42129
155692,9.34151
155815,9.27119
155861,9.24659
155885,9.23438
155908,9.22226
155925,9.21262
155934,9.20766
155943,9.20249
155948,9.19975
155952,9.19694
155957,9.19391
155959,9.19234
155961,9.19072
155962,9.18981
155963,9.18897
155964,9.18812
155966,9.18728
155967,9.18644
155968,9.18564
155969,9.18488
155970,9.18420
155971,9.18388
155971,9.18361
155972,9.18324
155973,9.18312
155974,9.18331
155976,9.18392
155977,9.18506
155978,9.18684
155979,9.18939
155980,9.19215
155981,9.19518
155982,9.20364
155984,9.21518
155986,9.22905
155987,9.24697
155989,9.26780
155992,9.31331
155994,9.34349
155997,9.36845
155997,9.37153
155997,9.37350
155998,9.37901
155998,9.38309
155998,9.38385
155999,9.38601
155999,9.38799
155999,9.39086
156000,9.39187
156000,9.39360
156000,9.39398
156000,9.39434
156001,9.39554
156001,9.39685
156002,9.39626
156003,9.39607
156003,9.39537
156003,9.39448
156004,9.39210
156005,9.38515
156006,9.38067
156008,9.35843
156010,9.33214
156012,9.30422
156014,9.27744
156017,9.25473
156018,9.24428
156019,9.23571
156020,9.22730
156021,9.22056
156022,9.21463
156023,9.20945
156024,9.20453
156025,9.20070
156026,9.19709
156027,9.19428
156028,9.19163
156029,9.18955
156030,9.18774
156031,9.18614
156032,9.18459
156033,9.18333
156034,9.18208
156035,9.18104
156036,9.17998
156037,9.17908
156038,9.17823
156039,9.17742
156041,9.17581
156043,9.17438
156048,9.17166
156052,9.16908
156056,9.16669
156064,9.16217
156081,9.15387
156097,9.14615
156114,9.13884
156164,9.11805
156213,9.09855
156313,9.06223
156512,8.99751
156910,8.89090
157326,8.80207
157743,8.72899
158160,8.66723
158577,8.61400
159486,8.51905
159941,8.47891
160395,8.44264
160547,8.43110
160610,8.42632
160672,8.42144
160704,8.41892
160719,8.41762
160735,8.41626
160751,8.41483
160767,8.41328
160774,8.41243
160782,8.41152
160790,8.41050
160794,8.40995
160798,8.40935
160802,8.40864
160804,8.40825
160806,8.40786
160808,8.40743
160809,8.40722
160810,8.40701
160811,8.40677
160812,8.40656
160813,8.40636
160814,8.40617
160816,8.40599
160817,8.40587
160818,8.40580
160819,8.40582
160819,8.40588
160820,8.40596
160821,8.40625
160822,8.40673
160823,8.40746
160824,8.40862
160825,8.41008
160826,8.41201
160827,8.41451
160828,8.41803
160829,8.42204
160830,8.42692
160831,8.43276
160832,8.44353
160834,8.45587
160835,8.47051
160837,8.48733
160842,8.56875
160845,8.60275
160847,8.62870
160849,8.64204
160850,8.64563
160850,8.64709
160850,8.64731
160850,8.64782
160851,8.64804
160851,8.64815
160852,8.64780
160852,8.64682
160852,8.64655
160853,8.64524
160853,8.64485
160853,8.64356
160853,8.64205
160854,8.63488
160855,8.62628
160857,8.60425
160863,8.53335
160865,8.50018
160866,8.48569
160868,8.47286
160869,8.46416
160870,8.45646
160871,8.44973
160872,8.44444
160873,8.43937
160874,8.43545
160875,8.43175
160875,8.42893
160876,8.42630
160877,8.42411
160878,8.42231
160879,8.42095
160880,8.41969
160881,8.41874
160882,8.41785
160883,8.41718
160884,8.41653
160885,8.41598
160886,8.41551
160887,8.41513
160888,8.41475
160889,8.41444
160890,8.41412
160891,8.41386
160893,8.41333
160895,8.41289
160899,8.41210
160904,8.41118
160909,8.41039
160914,8.40967
160919,8.40902
160929,8.40784
160939,8.40678
160949,8.40580
160960,8.40488
160980,8.40315
161021,8.39996
161061,8.39696
161131,8.39200
161290,8.38136
161448,8.37115
161764,8.35159
162397,8.31499
163663,8.24912
164506,8.20896
165350,8.17069
166194,8.13387
167038,8.09899
167372,8.08632
167706,8.07498
168040,8.06603
168373,8.06145
168567,8.06235
168760,8.06748
168954,8.07909
169147,8.10101
169340,8.14029
169437,8.17010
169534,8.20984
169602,8.24585
169670,8.29054
169738,8.34636
169772,8.37995
169789,8.39853
169797,8.40840
169802,8.41359
169806,8.41883
169808,8.42140
169810,8.42404
169812,8.42676
169813,8.42816
169814,8.42960
169815,8.43108
169816,8.43261
169817,8.43420
169818,8.43586
169819,8.43762
169820,8.43948
169821,8.44147
169822,8.44361
169823,8.44593
169824,8.44846
169825,8.45123
169826,8.45427
169827,8.45763
169828,8.46132
169829,8.46539
169830,8.46985
169831,8.47472
169832,8.48002
169834,8.49186
169836,8.50516
169838,8.51875
169842,8.54656
169844,8.55827
169846,8.56751
169848,8.57497
169849,8.57585
169850,8.57595
169850,8.57594
169850,8.57574
169850,8.57554
169851,8.57499
169852,8.57243
169855,8.56112
169865,8.50984
169867,8.50457
169869,8.50103
169870,8.49987
169871,8.49908
169872,8.49863
169873,8.49849
169873,8.49863
169874,8.49901
169875,8.49960
169876,8.50037
169877,8.50129
169878,8.50234
169879,8.50350
169880,8.50474
169881,8.50605
169882,8.50741
169882,8.50882
169883,8.51025
169884,8.51172
169885,8.51320
169886,8.51469
169887,8.51619
169889,8.51921
169891,8.52225
169892,8.52528
169894,8.52816
169898,8.53424
169901,8.54035
169908,8.55269
169923,8.57791
169956,8.64128
169989,8.71281
170056,8.88777
170122,9.12043
170156,9.26624
170189,9.43610
170222,9.63708
170255,9.87563
170289,10.1620
170322,10.5063
170355,10.9265
170372,11.1703
170388,11.4409
170405,11.7442
170422,12.0806
170438,12.4571
170455,12.8793
170472,13.3570
170488,13.8922
170505,14.4967
170521,15.1807
170538,15.9608
170555,16.8406
170571,17.8387
170588,18.9698
170597,19.6283
170605,20.3222
170614,21.0689
170623,21.8527
170632,22.6929
170640,23.5712
170658,25.4795
170675,27.5603
170693,29.7529
170710,31.9904
170728,34.1575
170743,35.9067
170751,36.6776
170759,37.3516
170767,37.9327
170775,38.3997
170782,38.7429
170790,38.9537
170800,39.0308
170809,38.9177
170817,38.6559
170826,38.2491
170834,37.7198
170843,37.0712
170851,36.3358
170868,34.6522
170902,30.8821
170919,28.9909
170935,27.1990
170949,25.8670
170962,24.6295
170975,23.4713
170988,22.4094
171002,21.4247
171015,20.5276
171028,19.6992
171041,18.9464
171054,18.2620
171067,17.6392
171080,17.0678
171093,16.5430
171106,16.0605
171119,15.6165
171132,15.2073
171145,14.8297
171162,14.3889
171179,13.9894
171195,13.6266
171212,13.2985
171245,12.7226
171278,12.2385
171304,11.9094
171330,11.6201
171356,11.3634
171382,11.1347
171434,10.7456
171486,10.4298
171538,10.1690
171590,9.95129
171643,9.76752
171695,9.61109
171785,9.38993
171874,9.21500
171964,9.07394
172054,8.95802
172158,8.84769
172262,8.75665
172367,8.68025
172471,8.61526
172584,8.55450
172698,8.50202
172811,8.45601
172925,8.41497
172982,8.39588
173039,8.37735
173095,8.35913
173124,8.35003
173152,8.34081
173171,8.33451
173190,8.32803
173209,8.32128
173228,8.31411
173247,8.30630
173256,8.30206
173266,8.29756
173275,8.29261
173285,8.28720
173294,8.28105
173304,8.27402
173308,8.27048
173312,8.26671
173316,8.26247
173320,8.25787
173324,8.25259
173329,8.24673
173333,8.23983
173335,8.23597
173337,8.23204
173339,8.22702
173340,8.22443
173342,8.22206
173343,8.21953
173344,8.21716
173345,8.21508
173346,8.21348
173348,8.21263
173349,8.21287
173350,8.21463
173351,8.21807
173352,8.22443
173353,8.23333
173354,8.24591
173356,8.26297
173357,8.28540
173358,8.31414
173359,8.35014
173360,8.39433
173361,8.45288
173362,8.51680
173364,8.67572
173367,8.87567
173369,9.11036
173372,9.44897
173375,9.77580
173376,9.93898
173378,10.0611
173379,10.1373
173380,10.1630
173380,10.1660
173381,10.1764
173381,10.1824
173382,10.1902
173384,10.1529
173385,10.0885
173387,9.99746
173389,9.76631
173393,9.37746
173395,9.19490
173397,9.02971
173399,8.88699
173400,8.82162
173401,8.76854
173402,8.71579
173403,8.67364
173404,8.63236
173405,8.59982
173406,8.56543
173407,8.53629
173408,8.51170
173409,8.49103
173410,8.47366
173411,8.45906
173412,8.44674
173414,8.43631
173415,8.42741
173416,8.42041
173417,8.41484
173417,8.41038
173419,8.40260
173421,8.39560
173422,8.38992
173424,8.38461
173426,8.38014
173429,8.37217
173431,8.36716
173434,8.36284
173438,8.35532
173443,8.34881
173447,8.34331
173452,8.33837
173457,8.33406
173466,8.32662
173475,8.32028
173484,8.31485
173494,8.31000
173503,8.30570
173514,8.30108
173525,8.29684
173536,8.29292
173547,8.28925
173568,8.28253
173590,8.27644
173625,8.26755
173651,8.26138
173677,8.25555
173730,8.24466
173787,8.23372
173843,8.22343
173957,8.20428
174070,8.18661
174184,8.17014
174410,8.13983
174637,8.11194
175021,8.06886
175405,8.02872
175789,7.98973
176173,7.95058
176470,7.91925
176766,7.88614
176915,7.86859
177063,7.85023
177211,7.83059
177286,7.82015
177360,7.80917
177430,7.79817
177464,7.79236
177499,7.78626
177534,7.77981
177569,7.77291
177604,7.76544
177622,7.76140
177639,7.75711
177656,7.75248
177674,7.74748
177691,7.74194
177709,7.73579
177719,7.73172
177730,7.72725
177740,7.72229
177750,7.71681
177761,7.71053
177766,7.70706
177771,7.70333
177776,7.69931
177781,7.69497
177787,7.69029
177792,7.68537
177796,7.68093
177801,7.67650
177803,7.67444
177805,7.67270
177807,7.67158
177809,7.67160
177811,7.67372
177814,7.67965
177815,7.68488
177816,7.69223
177817,7.70232
177818,7.71450
177819,7.73206
177820,7.75501
177821,7.78461
177822,7.82231
177823,7.86975
177825,7.92871
177826,8.00112
177827,8.08031
177828,8.25982
177830,8.49372
177832,8.78819
177834,9.12437
177836,9.53960
177837,9.98018
177841,10.9730
177844,11.7722
177845,12.1314
177847,12.4126
177848,12.6414
177849,12.7772
177850,12.8108
177850,12.8150
177850,12.8248
177851,12.8309
177851,12.8315
177852,12.7935
177854,12.6959
177855,12.5586
177856,12.3621
177857,12.1453
177859,11.8052
177860,11.4556
177863,10.7202
177866,9.99394
177867,9.67930
177868,9.39524
177870,9.09462
177872,8.85634
177873,8.65907
177875,8.49886
177877,8.36379
177878,8.26431
177880,8.18653
177881,8.12598
177883,8.07623
177885,8.03982
177886,8.01097
177888,7.98777
177890,7.96879
177891,7.95298
177893,7.93956
177894,7.92797
177897,7.91375
177899,7.90169
177904,7.88209
177908,7.86665
177913,7.85430
177917,7.84371
177922,7.83470
177926,7.82690
177931,7.82020
177940,7.80871
177949,7.79947
177961,7.78932
177974,7.78092
177983,7.77542
177992,7.77054
178010,7.76196
178029,7.75456
178047,7.74804
178071,7.74017
178102,7.73126
178132,7.72305
178163,7.71531
178193,7.70789
178230,7.69923
178266,7.69071
178339,7.67387
178413,7.65691
178486,7.63960
178632,7.60343
178778,7.56402
179046,7.48000
179314,7.37414
179448,7.30941
179583,7.23399
179717,7.14484
179851,7.03746
180009,6.87797
180088,6.78012
180168,6.66619
180235,6.55388
180302,6.42355
180369,6.27003
180436,6.08721
180475,5.96172
180515,5.82062
180555,5.66016
180594,5.47676
180628,5.29954
180661,5.09922
180695,4.87089
180728,4.60929
180745,4.46374
180762,4.30758
180779,4.14009
180795,3.96175
180812,3.77011
180829,3.56759
180846,3.35279
180862,3.13074
180883,2.85279
180893,2.71694
180904,2.58767
180914,2.47037
180919,2.41790
180924,2.37223
180929,2.33288
180935,2.30283
180940,2.28294
180945,2.27522
180949,2.27938
180953,2.29422
180957,2.32121
180961,2.36195
180965,2.41818
180969,2.49180
180973,2.58486
180978,2.69955
180981,2.82718
180985,2.97729
180989,3.15181
180993,3.35271
180997,3.58188
181000,3.84113
181004,4.13209
181008,4.44720
181012,4.80455
181015,5.19672
181019,5.62387
181023,6.07298
181027,6.56722
181031,7.09305
181034,7.64776
181038,8.21230
181044,9.08725
181049,9.99095
181060,11.8123
181068,13.0165
181071,13.5843
181075,14.1223
181079,14.6263
181083,15.0927
181087,15.5191
181090,15.8942
181094,16.2375
181098,16.5384
181102,16.7975
181105,17.0109
181109,17.1920
181113,17.3367
181121,17.5253
181126,17.5917
181132,17.6064
181141,17.5385
181150,17.3857
181159,17.1711
181168,16.9204
181186,16.3594
181204,15.7844
181219,15.3143
181235,14.8741
181250,14.4677
181265,14.0977
181284,13.6992
181302,13.3439
181320,13.0238
181338,12.7375
181369,12.3129
181400,11.9549
181430,11.6491
181461,11.3856
181492,11.1557
181522,10.9550
181584,10.6205
181637,10.3865
181690,10.1903
181743,10.0238
181796,9.88093
181858,9.73854
181919,9.61637
182042,9.41717
182154,9.27458
182265,9.15753
182377,9.06018
182489,8.97757
182667,8.86876
182846,8.78120
183025,8.70883
183204,8.64801
183583,8.54581
183963,8.46864
184723,8.35712
185438,8.28273
185795,8.25189
185974,8.23741
186153,8.22317
186287,8.21227
186421,8.20068
186510,8.19195
186572,8.18492
186602,8.18096
186633,8.17644
186664,8.17115
186679,8.16811
186695,8.16476
186710,8.16098
186725,8.15669
186741,8.15162
186756,8.14561
186765,8.14159
186773,8.13710
186782,8.13199
186791,8.12611
186795,8.12278
186800,8.11919
186804,8.11532
186808,8.11126
186813,8.10683
186817,8.10233
186821,8.09782
186824,8.09581
186826,8.09430
186827,8.09360
186829,8.09355
186831,8.09445
186832,8.09660
186834,8.10089
186835,8.10813
186837,8.11955
186838,8.13545
186840,8.15987
186842,8.19444
186843,8.24210
186845,8.30166
186846,8.38450
186848,8.48348
186849,8.61504
186851,8.76515
186852,8.94262
186854,9.14760
186855,9.37867
186857,9.63259
186863,10.7266
186865,11.1536
186867,11.3285
186868,11.4695
186869,11.5588
186870,11.6142
186870,11.6222
186871,11.6377
186871,11.6468
186872,11.6468
186874,11.5794
186876,11.4279
186878,11.2199
186880,10.9650
186881,10.6809
186885,10.0759
186887,9.79995
186889,9.54892
186891,9.31659
186892,9.12931
186894,8.97319
186896,8.84570
186897,8.76943
186899,8.70476
186900,8.65016
186901,8.60746
186902,8.56827
186904,8.53526
186905,8.50737
186906,8.48538
186907,8.46491
186909,8.44729
186911,8.41960
186914,8.39706
186916,8.37956
186919,8.36446
186921,8.35213
186927,8.33177
186932,8.31587
186937,8.30304
186943,8.29093
186948,8.28114
186957,8.26930
186966,8.25989
186978,8.24985
186991,8.24053
187005,8.23322
187019,8.22722
187033,8.22227
187061,8.21436
187088,8.20819
187116,8.20318
187144,8.19899
187199,8.19224
187235,8.18856
187272,8.18535
187308,8.18248
187345,8.17993
187381,8.17774
187399,8.17679
187418,8.17596
187436,8.17526
187454,8.17474
187472,8.17446
187481,8.17446
187490,8.17458
187501,8.17488
187511,8.17544
187521,8.17635
187531,8.17779
187536,8.17879
187541,8.18005
187547,8.18165
187552,8.18370
187557,8.18637
187562,8.18992
187567,8.19480
187569,8.19793
187572,8.20178
187575,8.20903
187577,8.21406
187579,8.22007
187581,8.22833
187582,8.23871
187584,8.25268
187586,8.27171
187587,8.28449
187588,8.29962
187589,8.31752
187589,8.33613
187590,8.36059
187591,8.38935
187592,8.42306
187593,8.45772
187594,8.50266
187595,8.55464
187596,8.67474
187598,8.82770
187600,9.01788
187601,9.21892
187603,9.43522
187604,9.69648
187606,9.96495
187608,10.5741
187611,11.1964
187613,11.4750
187614,11.7244
187616,11.9337
187617,12.0840
187618,12.1854
187619,12.2320
187620,12.2375
187621,12.2137
187622,12.1582
187623,12.0510
187624,11.9169
187626,11.7523
187627,11.5618
187629,11.0391
187632,10.4934
187634,9.94368
187637,9.47573
187638,9.21915
187640,8.99908
187642,8.81517
187643,8.66516
187645,8.54551
187646,8.45205
187648,8.38039
187650,8.32634
187651,8.29051
187652,8.26306
187654,8.24214
187655,8.22723
187657,8.21489
187658,8.20603
187659,8.19861
187661,8.19319
187662,8.18853
187663,8.18502
187666,8.17948
187669,8.17548
187671,8.17242
187674,8.16999
187677,8.16800
187682,8.16493
187688,8.16267
187693,8.16093
187700,8.15918
187707,8.15785
187714,8.15678
187721,8.15589
187728,8.15512
187735,8.15445
187749,8.15332
187763,8.15236
187777,8.15151
187791,8.15073
187805,8.15000
187825,8.14902
187845,8.14809
187865,8.14720
187885,8.14633
187924,8.14462
187964,8.14298
188003,8.14137
188043,8.13981
188122,8.13678
188201,8.13388
188280,8.13111
188438,8.12593
188602,8.12111
189051,8.11076
189500,8.10520
189950,8.10570
190399,8.11444
190726,8.12807
191053,8.15012
191379,8.18370
191706,8.23365
191921,8.27885
192135,8.33710
192350,8.41270
192564,8.51170
192692,8.58589
192724,8.60687
192755,8.62931
192771,8.64116
192787,8.65379
192795,8.66065
192799,8.66428
192803,8.66810
192805,8.67012
192807,8.67223
192809,8.67446
192810,8.67564
192811,8.67687
192812,8.67816
192813,8.67952
192814,8.68097
192815,8.68252
192816,8.68420
192817,8.68602
192818,8.68801
192819,8.68998
192820,8.69164
192821,8.69316
192822,8.69682
192823,8.70105
192824,8.70553
192826,8.71110
192827,8.71751
192828,8.72483
192829,8.73243
192831,8.74161
192832,8.75174
192835,8.77359
192837,8.79849
192840,8.82245
192843,8.84816
192846,8.86411
192848,8.86793
192849,8.86666
192850,8.86544
192850,8.86518
192850,8.86486
192850,8.86350
192851,8.86312
192851,8.86148
192851,8.86009
192852,8.85581
192853,8.85070
192855,8.83400
192857,8.81491
192863,8.75069
192865,8.73789
192867,8.72705
192868,8.71827
192870,8.71149
192871,8.70792
192872,8.70538
192873,8.70328
192874,8.70193
192875,8.70099
192876,8.70056
192877,8.70047
192878,8.70066
192879,8.70114
192880,8.70178
192881,8.70255
192882,8.70344
192883,8.70451
192884,8.70555
192885,8.70663
192886,8.70774
192887,8.70897
192888,8.71010
192890,8.71135
192891,8.71247
192892,8.71370
192893,8.71481
192895,8.71700
192897,8.71925
192899,8.72135
192903,8.72555
192911,8.73373
192919,8.74157
192936,8.75702
192964,8.78357
193029,8.84563
193093,8.91308
193221,9.06740
193350,9.25431
193478,9.48332
193606,9.76729
193671,9.93470
193735,10.1221
193799,10.3325
193863,10.5692
193927,10.8353
193991,11.1378
194070,11.5646
194148,12.0640
194227,12.6511
194266,12.9816
194305,13.3397
194366,13.9529
194427,14.6411
194487,15.4050
194548,16.2355
194580,16.6899
194612,17.1389
194644,17.5581
194660,17.7425
194676,17.8993
194697,18.0390
194707,18.0705
194717,18.0673
194730,18.0085
194736,17.9535
194742,17.8801
194748,17.7883
194754,17.6864
194760,17.5863
194766,17.5163
194771,17.5205
194773,17.5629
194776,17.6446
194778,17.7585
194781,17.9122
194783,18.1181
194785,18.3841
194787,18.7181
194789,19.1271
194792,19.6162
194794,20.1883
194796,20.8118
194798,21.4730
194800,22.2322
194802,23.0083
194806,24.7131
194810,26.4268
194815,28.2584
194817,29.1043
194819,29.8351
194821,30.5058
194824,31.0519
194826,31.5029
194828,31.8610
194831,32.2096
194834,32.4112
194838,32.5123
194842,32.4700
194849,32.1537
194853,31.9455
194857,31.7348
194865,31.3546
194872,31.0746
194879,30.8616
194886,30.7097
194893,30.6117
194907,30.5389
194922,30.6021
194937,30.7598
194952,30.9841
194972,31.3648
194992,31.7996
195032,32.7422
195075,33.7505
195119,34.6324
195140,35.0222
195162,35.3419
195184,35.5938
195205,35.7729
195235,35.8893
195265,35.8617
195293,35.6984
195321,35.4067
195349,34.9951
195377,34.4780
195406,33.8637
195434,33.1712
195490,31.6117
195602,28.1938
195659,26.4958
195715,24.8938
195765,23.5715
195814,22.3502
195864,21.2279
195914,20.2070
195964,19.2763
196013,18.4354
196063,17.6739
196113,16.9837
196163,16.3536
196213,15.7823
196263,15.2643
196314,14.7945
196364,14.3664
196414,13.9766
196464,13.6207
196514,13.2947
196615,12.7219
196715,12.2367
196816,11.8222
196916,11.4662
197012,11.1716
197108,10.9120
197203,10.6838
197299,10.4806
197491,10.1377
197683,9.85981
197883,9.62198
198084,9.42516
198285,9.26015
198486,9.12084
198741,8.97451
198997,8.85858
199179,8.79563
199362,8.75268
199563,8.74097
199663,8.75716
199763,8.79668
199832,8.84299
199900,8.91145
199969,9.01014
200037,9.15290
200088,9.29677
200138,9.48647
200188,9.73853
200213,9.89501
200238,10.0759
200263,10.2873
200288,10.5341
200313,10.8228
200338,11.1613
200364,11.5587
200389,12.0256
200414,12.5732
200439,13.2134
200461,13.8672
200483,14.6049
200506,15.4358
200528,16.3450
200572,18.3085
200595,19.2883
200617,20.1789
200630,20.6418
200643,21.0333
200657,21.3404
200670,21.5530
200683,21.6657
200697,21.6754
200708,21.6095
200718,21.4825
200729,21.2993
200740,21.0662
200762,20.4785
200783,19.7753
200827,18.2401
200848,17.4809
200870,16.7590
200887,16.2034
200905,15.6839
200923,15.2014
200940,14.7579
200958,14.3470
200976,13.9692
200994,13.6224
201011,13.3058
201046,12.7465
201082,12.2751
201117,11.8746
201152,11.5325
201179,11.3007
201207,11.0947
201261,10.7442
201315,10.4574
201370,10.2201
201440,9.96877
201511,9.76451
201581,9.59537
201651,9.45283
201741,9.30018
201831,9.17201
201920,9.06008
202010,8.96039
202100,8.86715
202189,8.77451
202234,8.72598
202279,8.67289
202301,8.64368
202324,8.61184
202346,8.57667
202368,8.53648
202381,8.51048
202394,8.48169
202407,8.44945
202420,8.41296
202432,8.37132
202439,8.34821
202445,8.32340
202452,8.29687
202458,8.26882
202464,8.23988
202471,8.21172
202475,8.19620
202479,8.18461
202483,8.18082
202487,8.19203
202490,8.22043
202493,8.27806
202496,8.38208
202498,8.45881
202500,8.55689
202501,8.68053
202503,8.83422
202504,9.02264
202506,9.25032
202508,9.52136
202509,9.83902
202511,10.2053
202512,10.6203
202514,10.9921
202515,11.3926
202517,12.2296
202523,14.0514
202524,14.6933
202526,15.2717
202528,15.7605
202530,16.1210
202532,16.3465
202533,16.4465
202534,16.4978
202535,16.5116
202536,16.4887
202537,16.4305
202538,16.3390
202540,16.0662
202541,15.8143
202543,15.5227
202545,14.8580
202548,14.1447
202551,13.4432
202554,12.7959
202557,12.2264
202559,11.7426
202562,11.3414
202565,11.0131
202568,10.7459
202571,10.5279
202573,10.3488
202576,10.1904
202579,10.0587
202582,9.94766
202585,9.85281
202591,9.69924
202597,9.58006
202603,9.48464
202609,9.40630
202615,9.34070
202621,9.28576
202628,9.23161
202635,9.18520
202648,9.10967
202662,9.05046
202676,9.00254
202689,8.96223
202703,8.92817
202730,8.87253
202760,8.82378
202790,8.78458
202821,8.75134
202851,8.72255
202912,8.67402
202972,8.63343
203046,8.59101
203119,8.55326
203192,8.51862
203266,8.48619
203339,8.45528
203413,8.42559
203486,8.39643
203559,8.36818
203598,8.35387
203636,8.34001
203674,8.32677
203713,8.31439
203741,8.30607
203770,8.29905
203799,8.29380
203828,8.29110
203856,8.29218
203885,8.29879
203914,8.31366
203942,8.34219
203968,8.38551
203994,8.45551
204006,8.50545
204019,8.56895
204032,8.65180
204045,8.75885
204059,8.92150
204066,9.02477
204073,9.14685
204081,9.29186
204088,9.46515
204095,9.67375
204102,9.92295
204106,10.1039
204111,10.3091
204115,10.5424
204120,10.8086
204124,11.1131
204128,11.4626
204133,11.8650
204137,12.3181
204142,12.8538
204146,13.4748
204150,14.1950
204153,14.5972
204155,15.0097
204157,15.4738
204159,15.9724
204161,16.5074
204163,17.0806
204166,17.6933
204168,18.3464
204170,19.0404
204172,19.7409
204176,21.0246
204179,22.4031
204186,25.3110
204194,28.2225
204197,29.5711
204201,30.7238
204203,31.3957
204205,31.9326
204208,32.3691
204210,32.6602
204212,32.8257
204215,32.8484
204217,32.7599
204219,32.5886
204221,32.3369
204223,32.0104
204225,31.5933
204226,31.1349
204230,30.0692
204234,28.8261
204238,27.5328
204246,24.8774
204251,23.1197
204256,21.5162
204259,20.7803
204262,20.0892
204265,19.4425
204267,18.8388
204270,18.2762
204273,17.7713
204278,16.8454
204283,16.0429
204288,15.3465
204294,14.7618
204299,14.2581
204304,13.8049
204309,13.4114
204314,13.0547
204319,12.7427
204324,12.4576
204329,12.2064
204339,11.7508
204350,11.3786
204361,11.0706
204371,10.8149
204382,10.5960
204392,10.4085
204403,10.2465
204414,10.1055
204435,9.87292
204456,9.69043
204472,9.57357
204489,9.47376
204521,9.31280
204554,9.18808
204587,9.08904
204614,9.02147
204641,8.96393
204695,8.87053
204748,8.79819
204802,8.73995
204845,8.70146
204887,8.66802
204972,8.61232
205056,8.56744
205141,8.53019
205222,8.49987
205303,8.47325
205464,8.42843
205626,8.39142
205787,8.35974
206049,8.31628
206311,8.27944
206573,8.24698
206834,8.21781
207173,8.18367
207512,8.15253
208189,8.09659
208928,8.04237
209667,7.99364
210005,7.97323
210344,7.95438
210683,7.93766
211021,7.92407
211252,7.91755
211483,7.91429
211714,7.91561
211830,7.91879
211945,7.92429
211982,7.92669
212018,7.92955
212037,7.93125
212046,7.93221
212055,7.93324
212064,7.93441
212073,7.93576
212078,7.93656
212080,7.93700
212082,7.93747
212085,7.93802
212086,7.93834
212087,7.93867
212088,7.93906
212089,7.93948
212090,7.93995
212091,7.94049
212092,7.94095
212093,7.94146
212094,7.94204
212095,7.94270
212095,7.94346
212096,7.94433
212097,7.94533
212098,7.94632
212098,7.94761
212099,7.94909
212100,7.95078
212101,7.95272
212102,7.95493
212102,7.95745
212104,7.96308
212106,7.97063
212107,7.98000
212109,7.99139
212110,8.00402
212112,8.01962
212113,8.03613
212116,8.07495
212121,8.12978
212125,8.17427
212128,8.19398
212129,8.19612
212130,8.19597
212130,8.19561
212130,8.19546
212130,8.19486
212131,8.19436
212131,8.19200
212133,8.18162
212135,8.16040
212138,8.13249
212143,8.05319
212146,8.01812
212148,8.00295
212149,7.98958
212150,7.97882
212152,7.96962
212153,7.96191
212154,7.95556
212156,7.95044
212157,7.94639
212158,7.94326
212159,7.94105
212161,7.93928
212162,7.93802
212163,7.93717
212164,7.93666
212165,7.93647
212166,7.93635
212167,7.93621
212168,7.93621
212170,7.93629
212171,7.93644
212172,7.93663
212173,7.93685
212175,7.93707
212176,7.93732
212177,7.93757
212180,7.93806
212182,7.93855
212185,7.93902
212190,7.93992
212196,7.94087
212201,7.94177
212212,7.94351
212235,7.94686
212257,7.95020
212280,7.95362
212350,7.96554
212421,7.97936
212563,8.01527
212705,8.06597
212846,8.13757
213011,8.26133
213093,8.34699
213175,8.45486
213257,8.59248
213339,8.76997
213421,9.00214
213462,9.14506
213503,9.31051
213555,9.56177
213608,9.86733
213634,10.0464
213660,10.2460
213686,10.4689
213712,10.7185
213753,11.1754
213774,11.4375
213794,11.7259
213815,12.0439
213835,12.3949
213856,12.7830
213876,13.2126
213897,13.6888
213917,14.2169
213938,14.8029
213958,15.4532
213979,16.1744
213999,16.9731
214020,17.8556
214040,18.8273
214065,20.1591
214091,21.6322
214116,23.2398
214142,24.9310
214192,28.3671
214218,29.9237
214231,30.6106
214243,31.2163
214255,31.6902
214267,32.0735
214278,32.3584
214290,32.5393
214306,32.6141
214318,32.5341
214331,32.3329
214344,32.0184
214357,31.6009
214369,31.0931
214382,30.5088
214407,29.1664
214458,26.1602
214484,24.6531
214509,23.2223
214535,21.8341
214562,20.5661
214588,19.4189
214614,18.3932
214641,17.4734
214667,16.6566
214693,15.9262
214720,15.2777
214747,14.6742
214775,14.1392
214802,13.6605
214830,13.2340
214857,12.8504
214884,12.5067
214912,12.1958
214939,11.9157
214994,11.4301
215049,11.0266
215104,10.6880
215159,10.4016
215201,10.2085
215244,10.0370
215329,9.74650
215413,9.50933
215498,9.31350
215608,9.10633
215718,8.93841
215828,8.79983
215937,8.68382
216087,8.55293
216237,8.44602
216386,8.35625
216536,8.27999
216756,8.18639
216975,8.10861
217195,8.04219
217414,7.98432
217813,7.89474
218213,7.81801
218612,7.74996
219011,7.68704
219650,7.59252
220288,7.50065
220927,7.40770
221566,7.31085
222204,7.20776
222643,7.13216
223083,7.05221
223522,6.96766
223961,6.87881
224260,6.81672
224410,6.78617
224485,6.77167
224522,6.76470
224559,6.75837
224596,6.75312
224614,6.75101
224632,6.74955
224650,6.74900
224659,6.74929
224668,6.75011
224677,6.75167
224686,6.75427
224691,6.75613
224695,6.75851
224700,6.76157
224704,6.76558
224709,6.77085
224711,6.77424
224713,6.77838
224715,6.78359
224717,6.79036
224718,6.79455
224720,6.79944
224721,6.80520
224722,6.81133
224723,6.81929
224724,6.82876
224725,6.84008
224726,6.85359
224727,6.86973
224728,6.88895
224729,6.91177
224730,6.93612
224731,6.96743
224733,7.00406
224734,7.04666
224735,7.09584
224736,7.15215
224737,7.21609
224739,7.36059
224741,7.48225
224742,7.61877
224745,7.92969
224751,8.58895
224754,8.83926
224755,8.93275
224756,9.00396
224758,9.05494
224759,9.06991
224760,9.06272
224762,9.00374
224764,8.90374
224765,8.76476
224767,8.57262
224769,8.36574
224773,7.91270
224775,7.64317
224777,7.40186
224780,7.19766
224782,7.03370
224783,6.96374
224784,6.90841
224785,6.85692
224787,6.81714
224788,6.78098
224789,6.75369
224790,6.73128
224791,6.71306
224792,6.69962
224793,6.68871
224794,6.67993
224795,6.67293
224796,6.66743
224797,6.66314
224798,6.65984
224799,6.65757
224800,6.65566
224801,6.65428
224803,6.65264
224805,6.65199
224807,6.65190
224809,6.65212
224811,6.65249
224815,6.65336
224819,6.65419
224823,6.65490
224830,6.65592
224838,6.65646
224846,6.65661
224854,6.65645
224869,6.65551
224884,6.65392
224899,6.65185
224914,6.64942
224944,6.64375
224973,6.63717
225000,6.63060
225027,6.62335
225053,6.61545
225076,6.60803
225088,6.60432
225100,6.60086
225111,6.59820
225117,6.59756
225123,6.59781
225129,6.59956
225134,6.60408
225137,6.60814
225140,6.61417
225143,6.62321
225146,6.63693
225149,6.66277
225151,6.68168
225153,6.70460
225154,6.73593
225156,6.77372
225158,6.82490
225159,6.88581
225161,6.96687
225163,7.06133
225164,7.18398
225166,7.32297
225168,7.49795
225169,7.68965
225171,7.92228
225173,8.16729
225175,8.66581
225178,9.20694
225181,9.74329
225183,9.99977
225184,10.2164
225186,10.4167
225187,10.5769
225189,10.6913
225190,10.7532
225190,10.7606
225191,10.7701
225192,10.7648
225193,10.7155
225195,10.6090
225197,10.4636
225198,10.2803
225199,10.0814
225202,9.62941
225208,8.68209
225210,8.37703
225212,8.10362
225214,7.86537
225216,7.66275
225218,7.49395
225220,7.35567
225222,7.24382
225224,7.15813
225226,7.08565
225228,7.02773
225230,6.98121
225232,6.94526
225234,6.91412
225236,6.88830
225240,6.84896
225244,6.81689
225248,6.79286
225252,6.77326
225257,6.75756
225265,6.73289
225273,6.71472
225282,6.70045
225290,6.68900
225307,6.67146
225324,6.65827
225341,6.64797
225375,6.63242
225447,6.60993
225520,6.59415
225628,6.57697
225700,6.56869
225863,6.55893
226026,6.56375
226189,6.58832
226351,6.64128
226451,6.69381
226550,6.76677
226650,6.86669
226749,7.00240
226821,7.13095
226894,7.29240
226966,7.49578
227002,7.61809
227038,7.75641
227088,7.97879
227138,8.24702
227187,8.57420
227212,8.76577
227237,8.97876
227257,9.17303
227278,9.38595
227298,9.62240
227318,9.88330
227339,10.1750
227359,10.4986
227379,10.8608
227400,11.2692
227425,11.8429
227437,12.1629
227449,12.5084
227462,12.8848
227474,13.2884
227487,13.7245
227499,14.1952
227519,15.0194
227538,15.9362
227558,16.9531
227578,18.0545
227617,20.4126
227636,21.5841
227656,22.6651
227667,23.1878
227677,23.6506
227688,24.0550
227698,24.3877
227712,24.7232
227726,24.9339
227740,25.0308
227755,25.0302
227771,24.9378
227787,24.7827
227820,24.4019
227853,24.0765
227885,23.9124
227903,23.9055
227921,23.9595
227939,24.0723
227957,24.2391
227993,24.7188
228029,25.3550
228088,26.6019
228146,27.8843
228176,28.4574
228205,28.9420
228235,29.3090
228264,29.5336
228290,29.5996
228312,29.5515
228334,29.4089
228356,29.1728
228378,28.8466
228401,28.4360
228423,27.9500
228445,27.3987
228467,26.7941
228511,25.4529
228555,24.0083
228643,21.0807
228697,19.3822
228751,17.8077
228805,16.3723
228858,15.0741
228885,14.4747
228912,13.9101
228939,13.3717
228966,12.8685
228993,12.3882
229019,11.9377
229073,11.1080
229118,10.4900
229162,9.92760
229207,9.41806
229251,8.95783
229296,8.54517
229340,8.17538
229385,7.85026
229430,7.56935
229474,7.33358
229519,7.14046
229565,6.99762
229610,6.90827
229633,6.88481
229656,6.87618
229687,6.88941
229718,6.93305
229749,7.00850
229780,7.11707
229812,7.25985
229843,7.43775
229874,7.65128
229905,7.90049
229942,8.24061
229979,8.62799
230016,9.06026
230053,9.53159
230090,10.0344
230126,10.5599
230200,11.6527
230262,12.5724
230325,13.4411
230387,14.2207
230418,14.5683
230450,14.8840
230481,15.1703
230512,15.4232
230574,15.8319
230637,16.1200
230699,16.3026
230767,16.3957
230835,16.4035
230917,16.3234
230999,16.1747
231162,15.7597
231326,15.2795
231490,14.7970
231662,14.3175
231834,13.8793
232006,13.4842
232178,13.1306
232460,12.6301
232601,12.4103
232742,12.2066
232816,12.1016
232835,12.0746
232853,12.0463
232863,12.0313
232872,12.0152
232877,12.0065
232881,11.9973
232883,11.9925
232886,11.9876
232888,11.9826
232889,11.9799
232890,11.9775
232891,11.9754
232892,11.9734
232893,11.9714
232894,11.9698
232895,11.9682
232896,11.9668
232897,11.9657
232898,11.9651
232899,11.9649
232900,11.9653
232901,11.9664
232902,11.9683
232903,11.9716
232904,11.9757
232905,11.9818
232906,11.9888
232908,12.0088
232910,12.0355
232913,12.0721
232915,12.1177
232919,12.2280
232922,12.3148
232923,12.3589
232926,12.4353
232929,12.4849
232930,12.5004
232930,12.5049
232930,12.5060
232930,12.5089
232931,12.5114
232931,12.5150
232933,12.5196
232935,12.5077
232938,12.4792
232946,12.2863
232948,12.2338
232950,12.1876
232951,12.1582
232953,12.1314
232954,12.1075
232955,12.0877
232957,12.0727
232958,12.0604
232959,12.0494
232960,12.0394
232961,12.0295
232962,12.0216
232963,12.0144
232964,12.0079
232965,11.9999
232966,11.9930
232968,11.9869
232969,11.9818
232971,11.9769
232972,11.9725
232973,11.9684
232975,11.9649
232977,11.9581
232980,11.9518
232986,11.9409
232992,11.9299
232998,11.9199
233010,11.9014
233034,11.8682
233058,11.8375
233082,11.8083
233179,11.6991
233371,11.5026
233658,11.2471
233945,11.0254
234518,10.6575
234826,10.4895
235135,10.3332
235251,10.2745
235366,10.2131
235424,10.1797
235482,10.1428
235511,10.1224
235540,10.1000
235569,10.0747
235598,10.0455
235621,10.0177
235633,10.0021
235645,9.98505
235657,9.96639
235668,9.94623
235674,9.93564
235680,9.92519
235686,9.91486
235692,9.90570
235697,9.89937
235702,9.89666
235707,9.90113
235710,9.90810
235712,9.91952
235715,9.93838
235718,9.96743
235720,10.0110
235723,10.0720
235725,10.1627
235728,10.2907
235730,10.4672
235733,10.6937
235735,10.9348
235737,11.2274
235739,11.5744
235741,11.9553
235743,12.4042
235745,12.8707
235749,13.8922
235752,14.4598
235754,14.9849
235756,15.4362
235759,15.7859
235760,15.9397
235762,16.0503
235763,16.0993
235764,16.1046
235765,16.0672
235767,15.9891
235768,15.8733
235769,15.7236
235772,15.3567
235774,14.9709
235776,14.5711
235780,13.7556
235782,13.3700
235785,13.0128
235787,12.6896
235789,12.4027
235791,12.0973
235794,11.8429
235797,11.6333
235799,11.4613
235802,11.3199
235804,11.2031
235807,11.1057
235810,11.0237
235812,10.9538
235815,10.8936
235820,10.7951
235825,10.7179
235830,10.6566
235838,10.5824
235846,10.5246
235854,10.4781
235861,10.4400
235869,10.4076
235877,10.3798
235892,10.3349
235908,10.2994
235924,10.2708
235955,10.2256
235999,10.1786
236043,10.1429
236131,10.0884
236219,10.0454
236307,10.0084
236587,9.91127
236867,9.83017
237426,9.69244
238422,9.50106
239417,9.35783
239914,9.30057
240412,9.24876
240495,9.23968
240660,9.21880
240723,9.20896
240785,9.19681
240826,9.18654
240868,9.17359
240888,9.16559
240919,9.15043
240935,9.14093
240951,9.12984
240961,9.12117
240971,9.11122
240982,9.09986
240992,9.08661
240997,9.07923
241002,9.07146
241008,9.06300
241011,9.05635
241015,9.04950
241019,9.04264
241023,9.03611
241027,9.03058
241031,9.02749
241035,9.02971
241037,9.03426
241039,9.04238
241042,9.06702
241043,9.08759
241045,9.11346
241046,9.14981
241048,9.19392
241049,9.24972
241051,9.31929
241053,9.41115
241054,9.51613
241056,9.65059
241057,9.79959
241059,9.98449
241060,10.1828
241062,10.4051
241063,10.6500
241066,11.1588
241069,11.6908
241072,12.2470
241074,12.7426
241076,12.9838
241077,13.1788
241079,13.3495
241080,13.4689
241081,13.5133
241083,13.5827
241085,13.5564
241087,13.4401
241089,13.2455
241091,13.0020
241093,12.7182
241097,12.1097
241101,11.5009
241103,11.2267
241105,10.9917
241107,10.7428
241109,10.5409
241112,10.3719
241114,10.2321
241116,10.1173
241118,10.0232
241120,9.94596
241123,9.88209
241125,9.82884
241127,9.78398
241129,9.74574
241131,9.71277
241136,9.65874
241140,9.61617
241144,9.58667
241148,9.56150
241155,9.52070
241162,9.48897
241170,9.46390
241177,9.44312
241184,9.42601
241199,9.39870
241214,9.37796
241229,9.36175
241243,9.34873
241258,9.33806
241274,9.32869
241305,9.31401
241336,9.30296
241399,9.28772
241462,9.27790
241588,9.26653
241870,9.26053
242153,9.26993
242436,9.29252
242718,9.32977
243033,9.39304
243347,9.48463
243661,9.61696
243975,9.80263
244147,9.93704
244320,10.1004
244493,10.2992
244666,10.5409
244752,10.6803
244838,10.8321
244882,10.9122
244925,10.9932
244946,11.0336
244968,11.0731
244990,11.1110
245000,11.1288
245011,11.1454
245020,11.1578
245028,11.1691
245037,11.1793
245045,11.1884
245050,11.1928
245054,11.1976
245058,11.2036
245063,11.2129
245065,11.2203
245067,11.2302
245069,11.2449
245071,11.2649
245073,11.2949
245076,11.3354
245078,11.3945
245080,11.4719
245082,11.5922
245085,11.7466
245087,11.9462
245089,12.1959
245092,12.5116
245094,12.8641
245098,13.6753
245103,14.4541
245105,14.8077
245107,15.0904
245109,15.2502
245110,15.3696
245111,15.4054
245112,15.4584
245113,15.4774
245116,15.4309
245118,15.2808
245120,15.0458
245125,14.5038
245129,13.9245
245131,13.6429
245133,13.3956
245135,13.1631
245137,12.9697
245139,12.7809
245141,12.6257
245144,12.5002
245146,12.3999
245148,12.3203
245151,12.2571
245153,12.2069
245155,12.1668
245158,12.1345
245160,12.1083
245164,12.0693
245169,12.0428
245174,12.0249
245182,12.0060
245190,11.9991
245198,12.0001
245207,12.0066
245223,12.0307
245240,12.0645
245273,12.1509
245306,12.2529
245335,12.3533
245434,12.7436
245533,13.2072
245632,13.7462
245732,14.3669
245799,14.8459
245867,15.3685
245901,15.6452
245935,15.9284
245969,16.2148
245986,16.3565
245995,16.4270
246003,16.4982
246008,16.5444
246013,16.5964
246016,16.6289
246018,16.6662
246021,16.7125
246023,16.7722
246026,16.8547
246028,16.9612
246031,17.1034
246033,17.2908
246036,17.5439
246039,17.8509
246041,18.2237
246044,18.6595
246049,19.7739
246052,20.3582
246055,20.8759
246057,21.3188
246060,21.6177
246061,21.6975
246063,21.7798
246066,21.7599
246068,21.6454
246070,21.4506
246074,21.0084
246077,20.4921
246081,19.9826
246084,19.5353
246087,19.2857
246089,19.0854
246091,18.9149
246094,18.7850
246096,18.6792
246098,18.6018
246101,18.5432
246103,18.4997
246106,18.4627
246109,18.4390
246114,18.4194
246120,18.4231
246125,18.4418
246136,18.5070
246147,18.5954
246169,18.8127
246191,19.0594
246253,19.8492
246316,20.7309
246378,21.6749
246440,22.6731
246689,26.8766
246774,28.1964
246817,28.7912
246859,29.3258
246902,29.7849
246945,30.1614
246987,30.4570
247030,30.6588
247087,30.7720
247133,30.7337
247179,30.5835
247226,30.3331
247272,29.9910
247318,29.5650
247364,29.0651
247457,27.9049
247826,22.6880
247912,21.5864
247998,20.5655
248084,19.6303
248170,18.7790
248256,18.0033
248342,17.3051
248428,16.6729
248514,16.1000
248602,15.5739
248689,15.0975
248777,14.6658
248864,14.2760
248952,13.9200
249040,13.5971
249215,13.0318
249390,12.5572
249566,12.1546
249741,11.8098
249916,11.5123
250068,11.2870
250219,11.0863
250522,10.7435
250825,10.4620
251127,10.2256
251510,9.97646
251701,9.86724
251892,9.76486
251924,9.74759
251943,9.73686
251953,9.73121
251962,9.72528
251967,9.72204
251969,9.72035
251972,9.71868
251974,9.71688
251975,9.71595
251976,9.71510
251978,9.71416
251979,9.71321
251980,9.71226
251981,9.71140
251982,9.71048
251984,9.70959
251985,9.70875
251986,9.70798
251987,9.70731
251988,9.70677
251990,9.70640
251991,9.70623
251992,9.70630
251993,9.70667
251994,9.70739
251995,9.70841
251997,9.70998
251998,9.71205
252000,9.71764
252002,9.72325
252003,9.72970
252007,9.74584
252010,9.76525
252013,9.78573
252015,9.79775
252016,9.80324
252016,9.80582
252017,9.80730
252017,9.80826
252017,9.81057
252018,9.81230
252019,9.81584
252020,9.81852
252020,9.81882
252020,9.81996
252020,9.82022
252020,9.82098
252021,9.82144
252021,9.82297
252022,9.82418
252023,9.82425
252023,9.82443
252023,9.82454
252024,9.82456
252024,9.82451
252024,9.82437
252025,9.82367
252025,9.82298
252027,9.82081
252028,9.81810
252030,9.81085
252034,9.79061
252036,9.77777
252038,9.76557
252040,9.75355
252043,9.74319
252044,9.73809
252045,9.73377
252046,9.72979
252047,9.72615
252048,9.72254
252049,9.71954
252051,9.71683
252052,9.71437
252053,9.71195
252054,9.70995
252055,9.70813
252056,9.70647
252057,9.70482
252058,9.70343
252060,9.70215
252061,9.70095
252062,9.69973
252063,9.69868
252064,9.69768
252065,9.69672
252067,9.69493
252070,9.69326
252072,9.69174
252074,9.69035
252078,9.68763
252086,9.68256
252102,9.67319
252119,9.66454
252153,9.64768
252187,9.63161
252254,9.60039
252390,9.54103
252661,9.43027
253203,9.23003
253926,8.98751
254287,8.86890
254649,8.74728
255109,8.58008
255339,8.48658
255568,8.38143
255683,8.32171
255798,8.25461
255856,8.21678
255913,8.17490
255942,8.15193
255971,8.12739
256000,8.10088
256028,8.07215
256053,8.04537
256065,8.03127
256078,8.01675
256090,8.00182
256102,7.98700
256115,7.97268
256127,7.95997
256136,7.95298
256144,7.94929
256153,7.95114
256162,7.96262
256166,7.97433
256171,7.99199
256175,8.01792
256179,8.05456
256184,8.10860
256188,8.18484
256192,8.29795
256197,8.45849
256200,8.61679
256203,8.82186
256206,9.08499
256209,9.40580
256211,9.60686
256212,9.81563
256214,10.0606
256215,10.3115
256218,10.8934
256221,11.5293
256229,13.3033
256233,14.1358
256235,14.4991
256236,14.7976
256238,15.0434
256240,15.2303
256241,15.3321
256243,15.3945
256245,15.4136
256247,15.3511
256249,15.2151
256251,15.0137
256253,14.7570
256255,14.4563
256259,13.7701
256265,12.7055
256268,12.1983
256271,11.7502
256274,11.3372
256277,10.9878
256280,10.6852
256282,10.4250
256286,10.1877
256289,9.99235
256292,9.81998
256295,9.67681
256301,9.44142
256307,9.26094
256313,9.11887
256319,9.00443
256325,8.91033
256331,8.83155
256339,8.74564
256347,8.67462
256355,8.61483
256363,8.56432
256379,8.48117
256395,8.41649
256411,8.36326
256427,8.31860
256443,8.27988
256459,8.24605
256484,8.19870
256510,8.15776
256561,8.08783
256612,8.02675
256663,7.97088
256765,7.86559
256867,7.76168
256969,7.65409
257071,7.53943
257173,7.41459
257275,7.27684
257369,7.13606
257463,6.97833
257556,6.79983
257650,6.59596
257726,6.40569
257803,6.19044
257879,5.94488
257956,5.66414
258003,5.47190
258049,5.26260
258096,5.03519
258143,4.78986
258200,4.46462
258258,4.12203
258315,3.78282
258344,3.62814
258373,3.49532
258387,3.43973
258402,3.39654
258417,3.36860
258432,3.35927
258442,3.36564
258453,3.38398
258463,3.41618
258473,3.46321
258483,3.52772
258494,3.61021
258504,3.71302
258514,3.83794
258524,3.98830
258534,4.16284
258545,4.36437
258555,4.59412
258565,4.85566
258575,5.14437
258586,5.46260
258596,5.80972
258607,6.22260
258618,6.66203
258629,7.13237
258640,7.62068
258685,9.68287
258703,10.4831
258720,11.2359
258738,11.9216
258756,12.5234
258773,13.0411
258791,13.4694
258809,13.8122
258826,14.0755
258849,14.3135
258872,14.4613
258883,14.5128
258894,14.5580
258906,14.6078
258911,14.6401
258917,14.6815
258922,14.7281
258926,14.7895
258931,14.8764
258935,14.9971
258940,15.1765
258945,15.4364
258947,15.6110
258949,15.8244
258952,16.0851
258954,16.4025
258956,16.7684
258958,17.2044
258961,17.7186
258963,18.2886
258965,18.9725
258967,19.7452
258969,20.6014
258971,21.4858
258977,24.0233
258980,25.2707
258982,26.3632
258984,27.0273
258986,27.5784
258988,27.9970
258990,28.2688
258992,28.3772
258993,28.3739
258995,28.2709
258996,28.0753
258998,27.7934
258999,27.4335
259001,27.0053
259004,25.9883
259012,22.8015
259016,21.3231
259018,20.6560
259020,20.0447
259023,19.2351
259026,18.5707
259029,18.0114
259032,17.5434
259035,17.1397
259037,16.8133
259040,16.5375
259043,16.3025
259047,16.0747
259050,15.8803
259056,15.5655
259063,15.3197
259070,15.1234
259076,14.9566
259083,14.8157
259096,14.5811
259109,14.3892
259122,14.2274
259135,14.0841
259148,13.9558
259175,13.7283
259201,13.5290
259226,13.3586
259251,13.2027
259300,12.9233
259350,12.6767
259400,12.4576
259464,12.2066
259528,11.9866
259592,11.7917
259657,11.6184
259738,11.4233
259820,11.2520
259902,11.1009
259984,10.9660
260112,10.7811
260241,10.6229
260369,10.4856
260498,10.3653
260708,10.1968
260918,10.0547
261128,9.93213
261339,9.82445
261689,9.66866
262040,9.53221
262390,9.40547
262740,9.28083
263114,9.13923
263558,8.93457
263780,8.80060
264002,8.62577
264101,8.52610
264201,8.40673
264300,8.26061
264399,8.07494
264458,7.93994
264516,7.77872
264574,7.58252
264633,7.33915
264665,7.17755
264697,6.99174
264729,6.77542
264761,6.52106
264777,6.37620
264794,6.21790
264810,6.04453
264826,5.85556
264842,5.64680
264858,5.41910
264874,5.16824
264890,4.89692
264913,4.46479
264925,4.23868
264937,4.01526
264948,3.80110
264954,3.70249
264960,3.61547
264966,3.54075
264972,3.48524
264977,3.45271
264983,3.44929
264987,3.46897
264992,3.51061
264996,3.57746
265000,3.67289
265004,3.80036
265008,3.96333
265013,4.16502
265017,4.40833
265020,4.63023
265023,4.88006
265027,5.15826
265030,5.46482
265033,5.79924
265037,6.16051
265040,6.54702
265043,6.95663
265047,7.50698
265052,8.08348
265060,9.28252
265067,10.2295
265073,11.1428
265080,11.9915
265086,12.7514
265090,13.0928
265093,13.4068
265096,13.6928
265100,13.9507
265106,14.3839
265113,14.7130
265120,14.9716
265128,15.1305
265135,15.2083
265142,15.2221
265156,15.1345
265169,14.9570
265182,14.7331
265195,14.4905
265208,14.2451
265221,14.0058
265234,13.7775
265247,13.5641
265262,13.3321
265277,13.1203
265308,12.7466
265338,12.4324
265368,12.1673
265399,11.9403
265429,11.7451
265459,11.5756
265489,11.4281
265550,11.1814
265611,10.9845
265671,10.8240
265732,10.6907
265825,10.5236
265919,10.3913
266106,10.1933
266348,10.0184
266591,9.89486
266833,9.80217
267075,9.72930
267163,9.70617
267494,9.62872
267577,9.60958
267659,9.58901
267700,9.57731
267742,9.56389
267783,9.54769
267804,9.53773
267824,9.52582
267835,9.51839
267846,9.51001
267857,9.50033
267868,9.48881
267879,9.47511
267885,9.46717
267890,9.45835
267897,9.44589
267901,9.43897
267904,9.43196
267908,9.42471
267911,9.41822
267915,9.41355
267916,9.41259
267918,9.41312
267920,9.41555
267921,9.42013
267923,9.42823
267924,9.43974
267926,9.45729
267927,9.47991
267929,9.51209
267930,9.55129
267932,9.60443
267933,9.66647
267935,9.74730
267937,9.83814
267940,10.0759
267943,10.3820
267946,10.7349
267949,11.1101
267952,11.4899
267954,11.8395
267957,12.1146
267959,12.2201
267960,12.3005
267961,12.3228
267962,12.3740
267964,12.3800
267966,12.3460
267967,12.2747
267970,12.0801
267973,11.8189
267979,11.2232
267981,11.0261
267983,10.8524
267985,10.6870
267987,10.5480
267989,10.4210
267991,10.3180
267993,10.2307
267995,10.1573
267997,10.0931
267998,10.0426
268000,10.0005
268002,9.96519
268004,9.93405
268006,9.90901
268008,9.88753
268010,9.86889
268013,9.84324
268016,9.82202
268019,9.80410
268022,9.78914
268028,9.76406
268034,9.74414
268041,9.72782
268047,9.71414
268059,9.69235
268071,9.67554
268083,9.66234
268108,9.64238
268128,9.62964
268149,9.61938
268170,9.61091
268211,9.59724
268252,9.58633
268376,9.56258
268540,9.54042
268623,9.53146
268787,9.51608
269364,9.47937
269941,9.45866
270250,9.45314
270404,9.45180
270443,9.45155
270482,9.45151
270501,9.45157
270520,9.45172
270530,9.45186
270539,9.45206
270544,9.45222
270547,9.45231
270549,9.45243
270550,9.45250
270552,9.45259
270553,9.45268
270554,9.45279
270555,9.45293
270556,9.45309
270558,9.45328
270559,9.45352
270560,9.45373
270560,9.45394
270561,9.45423
270562,9.45451
270563,9.45489
270564,9.45527
270565,9.45577
270566,9.45628
270566,9.45693
270567,9.45760
270568,9.45845
270569,9.45930
270571,9.46148
270572,9.46421
270574,9.46759
270576,9.47167
270577,9.47650
270579,9.48212
270581,9.48847
270583,9.49551
270586,9.51054
270590,9.53132
270595,9.54699
270598,9.55256
270599,9.55306
270600,9.55298
270600,9.55285
270600,9.55279
270601,9.55251
270601,9.55232
270601,9.55223
270601,9.55212
270601,9.55163
270602,9.55121
270602,9.55019
270604,9.54700
270605,9.54309
270608,9.52993
270611,9.51446
270616,9.49009
270619,9.47954
270621,9.47101
270623,9.46709
270624,9.46391
270625,9.46113
270626,9.45874
270628,9.45654
270629,9.45485
270630,9.45344
270631,9.45229
270632,9.45136
270634,9.45062
270635,9.45004
270636,9.44962
270637,9.44927
270638,9.44901
270639,9.44883
270641,9.44871
270642,9.44862
270643,9.44857
270644,9.44854
270645,9.44854
270646,9.44855
270648,9.44856
270649,9.44859
270650,9.44861
270652,9.44868
270655,9.44875
270659,9.44887
270669,9.44909
270687,9.44938
270706,9.44958
270743,9.44989
270781,9.45016
270930,9.45137
271439,9.46008
271947,9.47645
272964,9.53375
273981,9.62605
274998,9.76014
275987,9.94324
276482,10.0583
276729,10.1229
276977,10.1921
277107,10.2301
277238,10.2682
277303,10.2865
277368,10.3033
277401,10.3107
277434,10.3167
277450,10.3190
277466,10.3207
277483,10.3217
277499,10.3214
277510,10.3204
277521,10.3185
277532,10.3154
277544,10.3110
277549,10.3080
277555,10.3045
277560,10.3003
277566,10.2954
277571,10.2896
277577,10.2830
277580,10.2793
277583,10.2755
277585,10.2717
277588,10.2683
277590,10.2660
277592,10.2645
277594,10.2638
277596,10.2644
277598,10.2673
277600,10.2730
277602,10.2826
277604,10.2978
277606,10.3215
277608,10.3538
277609,10.3979
277611,10.4565
277613,10.5367
277615,10.6331
277617,10.7514
277619,10.8928
277622,11.1935
277626,11.5433
277632,12.3153
277636,12.7277
277638,12.8842
277640,13.0019
277640,13.0213
277641,13.0427
277642,13.0919
277644,13.1040
277646,13.0799
277647,13.0260
277649,12.9331
277651,12.8113
277654,12.5073
277658,12.1675
277662,11.8467
277664,11.6795
277665,11.5354
277667,11.4007
277669,11.2892
277671,11.1883
277673,11.1071
277675,11.0385
277677,10.9810
277679,10.9306
277681,10.8908
277683,10.8574
277685,10.8293
277687,10.8044
277689,10.7842
277692,10.7516
277697,10.7230
277701,10.7010
277706,10.6836
277710,10.6695
277714,10.6578
277719,10.6478
277723,10.6397
277732,10.6268
277738,10.6200
277744,10.6145
277756,10.6066
277769,10.6017
277781,10.5988
277793,10.5975
277805,10.5974
277829,10.5999
277853,10.6051
277878,10.6122
277902,10.6205
277926,10.6300
277979,10.6541
278032,10.6821
278138,10.7490
278213,10.8070
278287,10.8770
278362,10.9650
278437,11.0836
278477,11.1670
278517,11.2735
278537,11.3397
278556,11.4170
278576,11.5096
278596,11.6234
278617,11.7767
278638,11.9789
278648,12.1074
278659,12.2592
278669,12.4450
278680,12.6731
278691,13.0005
278697,13.2039
278703,13.4424
278709,13.7255
278714,14.0658
278720,14.4815
278726,14.9878
278729,15.3155
278732,15.6761
278735,16.0870
278738,16.5572
278741,17.1162
278744,17.7395
278747,18.4559
278750,19.2767
278752,19.9185
278754,20.6184
278756,21.3769
278758,22.1526
278763,23.8883
278767,25.7613
278771,27.6080
278775,29.2748
278777,30.0210
278778,30.6321
278780,31.1496
278782,31.5030
278784,31.6682
278785,31.7472
278787,31.7367
278788,31.6454
278790,31.3116
278792,30.9032
278793,30.3708
278795,29.7246
278797,28.9771
278799,28.1431
278800,27.2389
278804,25.3476
278807,23.2020
278811,21.1654
278812,20.1715
278814,19.2278
278816,18.3415
278818,17.5613
278820,16.4795
278822,15.9895
278823,15.5328
278824,15.1084
278826,14.7153
278828,14.0421
278831,13.4474
278833,12.9469
278836,12.5274
278838,12.1891
278841,11.8941
278844,11.6474
278846,11.4409
278849,11.2676
278851,11.1217
278854,10.9986
278859,10.8091
278864,10.6688
278869,10.5680
278875,10.4923
278880,10.4377
278887,10.3860
278893,10.3526
278900,10.3320
278907,10.3204
278919,10.3143
278931,10.3192
278942,10.3306
278954,10.3458
278978,10.3814
279001,10.4191
279024,10.4563
279048,10.4918
279071,10.5255
279095,10.5572
279147,10.6220
279199,10.6795
279252,10.7320
279304,10.7803
279409,10.8686
279513,10.9497
279778,11.1398
280186,11.4251
280594,11.7243
281001,12.0500
281409,12.4108
281456,12.4565
281503,12.5042
281526,12.5298
281550,12.5576
281562,12.5732
281567,12.5819
281573,12.5912
281576,12.5965
281579,12.6021
281581,12.6052
281582,12.6083
281584,12.6119
281585,12.6155
281586,12.6198
281588,12.6246
281589,12.6300
281591,12.6358
281592,12.6429
281594,12.6505
281595,12.6599
281597,12.6702
281598,12.6821
281599,12.6958
281601,12.7115
281602,12.7282
281604,12.7484
281605,12.7712
281606,12.7965
281608,12.8223
281610,12.8848
281613,12.9517
281619,13.0898
281622,13.1562
281625,13.1956
281628,13.2010
281629,13.1951
281630,13.1891
281630,13.1881
281631,13.1839
281631,13.1803
281632,13.1708
281634,13.1357
281636,13.0695
281639,12.9906
281646,12.7963
281649,12.7194
281651,12.6886
281653,12.6632
281655,12.6386
281657,12.6217
281658,12.6147
281659,12.6097
281660,12.6057
281661,12.6027
281662,12.6004
281663,12.5991
281664,12.5984
281665,12.5983
281666,12.5986
281667,12.5993
281668,12.6003
281669,12.6015
281670,12.6031
281671,12.6046
281672,12.6063
281673,12.6080
281674,12.6100
281675,12.6119
281677,12.6155
281679,12.6194
281681,12.6230
281683,12.6264
281685,12.6298
281690,12.6365
281694,12.6427
281702,12.6543
281718,12.6754
281751,12.7134
281783,12.7496
281834,12.8043
282022,13.0047
282210,13.2122
282585,13.6596
282960,14.1441
283336,14.6726
283711,15.2538
284087,15.8862
284462,16.5831
284837,17.3157
285380,18.4835
285922,19.7529
286464,21.1041
286735,21.8012
286871,22.1541
287006,22.5098
287092,22.7392
287179,22.9726
287222,23.0933
287265,23.2187
287287,23.2846
287308,23.3540
287330,23.4297
287340,23.4708
287351,23.5147
287360,23.5541
287369,23.5973
287377,23.6461
287386,23.7031
287395,23.7734
287399,23.8157
287404,23.8636
287408,23.9220
287412,23.9924
287417,24.0855
287419,24.1440
287421,24.2103
287423,24.2777
287425,24.3575
287426,24.4529
287428,24.5680
287430,24.7078
287432,24.8779
287434,25.0854
287435,25.3377
287437,25.6434
287439,26.0109
287441,26.4488
287443,26.9645
287444,27.5638
287446,28.2496
287448,29.0211
287450,29.8235
287452,31.2207
287455,32.7124
287458,34.2084
287460,35.5963
287462,36.2332
287463,36.7918
287465,37.2569
287466,37.6152
287468,37.9217
287470,37.9699
287472,37.7555
287474,37.2896
287475,36.8271
287477,36.3091
287479,35.0143
287483,33.2947
287486,31.5035
287489,29.8005
287492,28.3438
287493,27.6250
287495,27.0239
287497,26.4960
287498,26.0387
287500,25.6476
287501,25.3172
287503,25.0410
287505,24.8125
287506,24.6250
287508,24.4723
287509,24.3488
287511,24.2494
287513,24.1696
287514,24.1058
287517,24.0139
287520,23.9640
287523,23.9291
287525,23.9045
287528,23.8870
287533,23.8661
287538,23.8569
287543,23.8543
287548,23.8561
287554,23.8609
287559,23.8677
287569,23.8858
287579,23.9072
287590,23.9307
287600,23.9553
287614,23.9893
287628,24.0239
287655,24.0942
287683,24.1646
287710,24.2346
287765,24.3734
287821,24.5106
287931,24.7802
288041,25.0429
288356,25.7562
288797,26.6431
289238,27.3848
289593,27.8367
289948,28.1810
290303,28.3986
290658,28.4884
290975,28.4542
291291,28.3356
291607,28.1419
291924,27.8815
292240,27.5625
292556,27.1869
293189,26.3208
294455,24.4266
295720,22.5515
296538,21.4402
297356,20.4055
297544,20.1604
297591,20.0941
297638,20.0231
297662,19.9848
297685,19.9438
297709,19.8989
297721,19.8743
297732,19.8485
297741,19.8295
297749,19.8105
297757,19.7919
297761,19.7837
297765,19.7777
297769,19.7758
297774,19.7830
297776,19.7926
297778,19.8083
297780,19.8321
297782,19.8648
297785,19.9125
297787,19.9775
297789,20.0637
297791,20.1694
297793,20.3082
297796,20.4788
297800,20.9086
297803,21.3588
297807,21.8639
297811,22.3776
297814,22.8284
297817,23.1335
297820,23.3275
297821,23.3610
297823,23.4071
297826,23.3649
297828,23.2410
297831,23.0480
297836,22.4898
297841,21.8710
297844,21.5777
297847,21.3232
297849,21.1008
297852,20.9112
297854,20.7584
297857,20.6360
297859,20.5305
297862,20.4467
297864,20.3744
297867,20.3164
297869,20.2674
297871,20.2255
297876,20.1562
297881,20.1018
297886,20.0573
297891,20.0202
297901,19.9577
297910,19.9065
297920,19.8615
297930,19.8203
297946,19.7546
297954,19.7221
297962,19.6891
297971,19.6549
297979,19.6207
297983,19.6043
297987,19.5902
297991,19.5801
297995,19.5791
297998,19.5915
298002,19.6250
298005,19.6916
298009,19.8026
298012,19.9817
298016,20.2344
298019,20.5858
298023,21.0150
298029,21.9224
298032,22.3922
298035,22.8242
298037,23.1597
298040,23.3958
298042,23.4880
298044,23.5568
298047,23.5253
298049,23.4018
298052,23.2012
298057,22.6387
298063,22.0264
298065,21.7291
298068,21.4698
298070,21.2417
298073,21.0457
298075,20.9098
298077,20.7975
298079,20.6956
298081,20.6119
298083,20.5362
298085,20.4738
298089,20.3718
298093,20.2907
298097,20.2276
298102,20.1744
298106,20.1307
298114,20.0595
298122,20.0039
298130,19.9585
298138,19.9204
298153,19.8614
298169,19.8136
298199,19.7378
298260,19.6251
298382,19.4544
298584,19.2233
298787,19.0140
299191,18.6298
299596,18.2751
299798,18.1077
299899,18.0240
299949,17.9814
299962,17.9518
299968,17.8881
299972,17.8178
299975,17.7072
299978,17.5305
299981,17.2790
299984,16.9174
299987,16.4553
299991,15.8598
299994,15.1780
299997,14.3911
300000,13.5844
300000,9.16759
350000,9.00337
400000,8.81377
450000,8.61010
500000,8.40005
600000,7.98069
700000,7.58018
801840,7.20200
886000,6.91471
1.00000E+06,6.56162
1.10670E+06,6.26703
1.20000E+06,6.03552
1.30000E+06,5.81176
1.40000E+06,5.61072
1.50000E+06,5.42990
1.60000E+06,5.26691
1.70000E+06,5.11966
1.80000E+06,4.98663
1.85720E+06,4.91611
1.90910E+06,4.85549
1.94250E+06,4.81805
2.00000E+06,4.75640
2.25000E+06,4.52354
2.50000E+06,4.33649
2.76550E+06,4.17415
3.00000E+06,4.05411
3.18820E+06,3.97113
3.25540E+06,3.94413
3.25543E+06,3.94409
3.52660E+06,3.84921
3.52661E+06,3.84920
3.56330E+06,3.83807
3.56332E+06,3.83804
3.62590E+06,3.81999
3.62594E+06,3.81997
3.67680E+06,3.80618
3.67681E+06,3.80617
3.99800E+06,3.73711
4.06570E+06,3.72638
4.06572E+06,3.72637
4.08190E+06,3.72409
4.08191E+06,3.72409
4.08540E+06,3.72360
4.08545E+06,3.72358
4.21830E+06,3.70718
4.21890E+06,3.70714
4.27570E+06,3.70161
4.27571E+06,3.70161
4.31770E+06,3.69806
4.34900E+06,3.69575
4.34904E+06,3.69574
4.41830E+06,3.69160
4.41832E+06,3.69160
4.46450E+06,3.68952
4.46455E+06,3.68951
4.50310E+06,3.68822
4.53650E+06,3.68736
4.56580E+06,3.68678
4.58470E+06,3.68662
4.61220E+06,3.68636
4.75000E+06,3.68823
5.00000E+06,3.70183
5.25000E+06,3.72699
5.50000E+06,3.76154
5.75000E+06,3.80309
6.00130E+06,3.84981
6.25000E+06,3.89887
6.50000E+06,3.94910
6.75000E+06,3.99867
7.00130E+06,4.04671
7.25000E+06,4.09108
7.50000E+06,4.13186
7.75000E+06,4.16842
8.00130E+06,4.20029
8.25000E+06,4.22696
8.48340E+06,4.24753
8.70000E+06,4.26265
8.88600E+06,4.27260
9.00000E+06,4.27725
9.32880E+06,4.28540
9.65000E+06,4.28527
1.00000E+07,4.27673
1.02500E+07,4.26517
1.05000E+07,4.24939
1.07340E+07,4.23085
1.10000E+07,4.20583
1.12400E+07,4.17943
1.12405E+07,4.17933
1.16460E+07,4.12727
1.18500E+07,4.09792
1.21890E+07,4.04474
1.24000E+07,4.00904
1.27000E+07,3.95519
1.30000E+07,3.89843
1.32500E+07,3.84900
1.35000E+07,3.79797
1.37500E+07,3.74581
1.40000E+07,3.69249
1.43710E+07,3.61218
1.47600E+07,3.52721
1.50000E+07,3.47481
1.55000E+07,3.36682
1.60000E+07,3.26213
1.65000E+07,3.16265
1.70000E+07,3.07026
1.75000E+07,2.98629
1.80000E+07,2.91218
1.85000E+07,2.84893
1.90000E+07,2.79736
1.94000E+07,2.76499
1.97660E+07,2.74229
2.00000E+07,2.73130
