1.03125E-05,3280.64
1.06250E-05,3232.05
1.09375E-05,3185.55
1.12500E-05,3141.00
1.15625E-05,3098.28
1.18750E-05,3057.25
1.21875E-05,3017.81
1.25000E-05,2979.86
1.28125E-05,2943.30
1.31250E-05,2908.06
1.34375E-05,2874.06
1.37500E-05,2841.22
1.43750E-05,2778.78
1.50000E-05,2720.29
1.54624E-05,2679.32
1.59248E-05,2640.15
1.63871E-05,2602.65
1.68495E-05,2566.70
1.68750E-05,2564.76
1.69531E-05,2558.85
1.70313E-05,2552.98
1.71875E-05,2541.35
1.75000E-05,2518.56
1.81250E-05,2474.77
1.87500E-05,2433.19
1.93750E-05,2393.64
2.00000E-05,2355.96
2.06427E-05,2319.01
2.12854E-05,2283.74
2.19281E-05,2250.04
2.25709E-05,2217.79
2.32136E-05,2186.88
2.38563E-05,2157.24
2.44990E-05,2128.77
2.51417E-05,2101.39
2.63209E-05,2053.81
2.75000E-05,2009.32
2.84375E-05,1975.94
2.93750E-05,1944.17
3.03125E-05,1913.89
3.12500E-05,1884.98
3.21875E-05,1857.34
3.31250E-05,1830.88
3.40625E-05,1805.53
3.50000E-05,1781.20
3.62500E-05,1750.24
3.75000E-05,1720.84
3.87500E-05,1692.88
4.00000E-05,1666.24
4.12500E-05,1640.82
4.25000E-05,1616.53
4.43750E-05,1582.04
4.62500E-05,1549.67
4.81250E-05,1519.20
5.00000E-05,1490.47
5.22464E-05,1458.11
5.44928E-05,1427.77
5.67392E-05,1399.25
5.89856E-05,1372.38
6.07428E-05,1352.40
6.25000E-05,1333.28
6.40625E-05,1316.94
6.56250E-05,1301.18
6.71875E-05,1285.98
6.87500E-05,1271.30
7.18750E-05,1243.40
7.50000E-05,1217.25
7.75000E-05,1197.49
8.00000E-05,1178.65
8.36203E-05,1152.89
8.72406E-05,1128.76
8.75000E-05,1127.09
8.82813E-05,1122.10
8.90625E-05,1117.17
9.06250E-05,1107.51
9.37500E-05,1088.93
9.68750E-05,1071.25
0.000100000,1054.41
0.000104493,1031.54
0.000108986,1010.09
0.000113478,989.932
0.000117971,970.937
0.000121486,956.819
0.000125000,943.301
0.000128125,931.752
0.000131250,920.618
0.000134375,909.874
0.000137500,899.499
0.000143750,879.775
0.000150000,861.297
0.000155000,847.327
0.000160000,834.017
0.000167241,815.812
0.000174481,798.754
0.000175000,797.572
0.000176563,794.045
0.000178125,790.565
0.000181250,783.740
0.000187500,770.606
0.000193750,758.114
0.000200000,746.212
0.000206827,733.832
0.000213655,722.051
0.000220482,710.822
0.000227310,700.103
0.000234137,689.856
0.000240964,680.049
0.000247792,670.650
0.000254619,661.632
0.000264810,648.826
0.000275000,636.740
0.000284358,626.218
0.000293716,616.204
0.000294336,615.557
0.000294922,614.948
0.000296489,613.327
0.000298057,611.720
0.000301192,608.542
0.000307461,602.333
0.000320000,590.467
0.000334481,577.603
0.000348962,565.549
0.000350000,564.714
0.000352344,562.842
0.000354688,560.988
0.000359375,557.336
0.000368750,550.241
0.000378125,543.411
0.000387500,536.832
0.000396875,530.487
0.000406250,524.363
0.000425000,512.729
0.000443750,501.841
0.000462500,491.623
0.000481250,482.008
0.000500000,472.939
0.000515625,465.763
0.000531250,458.906
0.000546875,452.346
0.000562500,446.060
0.000578125,440.032
0.000593750,434.243
0.000609375,428.679
0.000625000,423.324
0.000640000,418.370
0.000667500,409.724
0.000695000,401.598
0.000722500,393.940
0.000750000,386.707
0.000781250,378.957
0.000812500,371.658
0.000843750,364.769
0.000875000,358.252
0.000906250,352.076
0.000937500,346.211
0.000968750,340.633
0.00100000,335.318
0.00103125,330.247
0.00106250,325.401
0.00109375,320.765
0.00112500,316.323
0.00115625,312.063
0.00118750,307.972
0.00121875,304.040
0.00125000,300.256
0.00128000,296.754
0.00133500,290.644
0.00139000,284.901
0.00144500,279.489
0.00150000,274.377
0.00156250,268.899
0.00162500,263.741
0.00168750,258.872
0.00175000,254.267
0.00181250,249.901
0.00187500,245.757
0.00193750,241.814
0.00200000,238.058
0.00207000,234.054
0.00214000,230.249
0.00221000,226.626
0.00228000,223.172
0.00235000,219.873
0.00242000,216.718
0.00249000,213.697
0.00256000,210.801
0.00256250,210.700
0.00256836,210.463
0.00257422,210.227
0.00259619,209.350
0.00261817,208.484
0.00266211,206.783
0.00275000,203.506
0.00284375,200.179
0.00293750,197.013
0.00303125,193.994
0.00312500,191.113
0.00321875,188.359
0.00331250,185.722
0.00340625,183.195
0.00350000,180.771
0.00359375,178.441
0.00368750,176.202
0.00378125,174.046
0.00387500,171.969
0.00396875,169.966
0.00406250,168.033
0.00425000,164.360
0.00443750,160.923
0.00462500,157.697
0.00481250,154.662
0.00500000,151.799
0.00512000,150.049
0.00526125,148.068
0.00540250,146.164
0.00554375,144.334
0.00568500,142.572
0.00582625,140.875
0.00596750,139.239
0.00610875,137.660
0.00625000,136.134
0.00640625,134.506
0.00656250,132.936
0.00671875,131.421
0.00687500,129.959
0.00718750,127.178
0.00750000,124.572
0.00781250,122.125
0.00812500,119.820
0.00843750,117.645
0.00875000,115.587
0.00906250,113.637
0.00937500,111.785
0.00968750,110.024
0.0100000,108.346
0.0103125,106.744
0.0106250,105.214
0.0109375,103.750
0.0112500,102.348
0.0115625,101.003
0.0118750,99.7111
0.0121875,98.4695
0.0125000,97.2747
0.0128125,96.1240
0.0131250,95.0146
0.0134375,93.9441
0.0137500,92.9103
0.0143750,90.9449
0.0150000,89.1037
0.0156250,87.3741
0.0162500,85.7454
0.0168750,84.2081
0.0175000,82.7539
0.0181250,81.3758
0.0187500,80.0672
0.0193750,78.8225
0.0200000,77.6366
0.0206625,76.4389
0.0213250,75.2974
0.0219875,74.2080
0.0226500,73.1668
0.0233125,72.1703
0.0239750,71.2154
0.0246375,70.2993
0.0253000,69.4195
0.0261130,68.3859
0.0269260,67.3996
0.0277391,66.4570
0.0285521,65.5550
0.0293651,64.6908
0.0301781,63.8619
0.0309911,63.0659
0.0318042,62.3008
0.0331138,61.1281
0.0344234,60.0230
0.0357331,58.9791
0.0370427,57.9910
0.0383524,57.0541
0.0396620,56.1640
0.0409716,55.3170
0.0422813,54.5099
0.0442109,53.3867
0.0461406,52.3349
0.0480703,51.3472
0.0500000,50.4173
0.0506000,50.1391
0.0527938,49.1627
0.0549875,48.2453
0.0571813,47.3813
0.0593750,46.5658
0.0595257,46.5115
0.0598975,46.3783
0.0602693,46.2463
0.0610129,45.9861
0.0625000,45.4797
0.0640625,44.9669
0.0656250,44.4727
0.0671875,43.9958
0.0687500,43.5354
0.0718750,42.6596
0.0750000,41.8389
0.0781250,41.0680
0.0812500,40.3424
0.0843750,39.6580
0.0875000,39.0108
0.0906250,38.3977
0.0937500,37.8155
0.0968750,37.2617
0.100000,36.7343
0.104688,35.9881
0.109375,35.2907
0.114063,34.6367
0.118750,34.0222
0.119051,33.9839
0.119795,33.8902
0.120539,33.7973
0.122026,33.6142
0.125000,33.2579
0.128125,32.8973
0.131250,32.5498
0.134375,32.2147
0.137500,31.8912
0.143367,31.3125
0.149234,30.7679
0.150000,30.6992
0.153125,30.4243
0.156250,30.1578
0.162500,29.6487
0.168750,29.1687
0.175000,28.7152
0.180388,28.3436
0.185776,27.9885
0.187500,27.8781
0.193750,27.4907
0.200000,27.1220
0.202400,26.9851
0.210575,26.5369
0.218750,26.1143
0.220719,26.0161
0.224914,25.8112
0.229109,25.6121
0.237500,25.2300
0.238103,25.2033
0.240296,25.1072
0.242489,25.0125
0.246875,24.8270
0.254433,24.5190
0.262036,24.2233
0.269639,23.9409
0.275000,23.7491
0.284375,23.4274
0.293750,23.1217
0.298467,22.9736
0.311351,22.5869
0.324234,22.2239
0.337117,21.8833
0.350000,21.5629
0.359375,21.3413
0.368750,21.1287
0.371551,21.0669
0.379864,20.8880
0.388176,20.7155
0.404800,20.3869
0.415625,20.1843
0.425000,20.0161
0.441438,19.7352
0.443750,19.6970
0.450781,19.5829
0.457813,19.4718
0.471875,19.2583
0.500000,18.8621
0.546875,18.2805
0.593750,17.7806
0.596935,17.7490
0.603951,17.6805
0.610967,17.6138
0.625000,17.4850
0.656250,17.2172
0.687500,16.9728
0.750000,16.5467
0.809600,16.2075
0.812500,16.1924
0.820313,16.1525
0.828125,16.1136
0.843750,16.0387
0.875000,15.8989
0.937500,15.6575
1.00000,15.4630
1.09375,15.2480
1.18750,15.1161
1.25000,15.0709
1.31250,15.0600
1.37500,15.0812
1.43750,15.1362
1.50000,15.2241
1.56250,15.3482
1.62500,15.5075
1.68750,15.7077
1.75000,15.9492
1.81250,16.2374
1.87500,16.5751
1.93750,16.9712
2.00000,17.4309
2.05832,17.9290
2.11664,18.4998
2.17496,19.1486
2.23328,19.9009
2.29160,20.7677
2.34992,21.7701
2.37908,22.3293
2.40824,22.9351
2.43740,23.5913
2.46656,24.3027
2.50447,25.3154
2.54238,26.4425
2.58029,27.7136
2.61820,29.1450
2.65611,30.7581
2.69401,32.5843
2.71297,33.5919
2.73192,34.6728
2.75088,35.8336
2.76983,37.0808
2.79976,39.2462
2.82968,41.6883
2.84465,43.0284
2.85961,44.4573
2.87458,45.9832
2.88954,47.6148
2.90450,49.3622
2.91947,51.2366
2.93443,53.2511
2.94939,55.4203
2.96436,57.7616
2.97932,60.2937
2.99428,63.0383
3.00925,66.0194
3.02491,69.4242
3.04058,73.1552
3.05625,77.2560
3.07191,81.7794
3.07975,84.2190
3.08758,86.7885
3.09542,89.4981
3.10325,92.3575
3.11108,95.3789
3.11892,98.5737
3.12675,101.957
3.13458,105.541
3.14014,108.219
3.14571,111.013
3.15127,113.932
3.15683,116.981
3.16425,121.266
3.16795,123.508
3.17166,125.819
3.17676,129.118
3.18186,132.564
3.18696,136.164
3.19205,139.930
3.19715,143.872
3.20225,148.000
3.20735,152.326
3.21245,156.864
3.21782,161.888
3.22318,167.180
3.22855,172.761
3.23392,178.650
3.23929,184.874
3.24466,191.456
3.24734,194.892
3.25003,198.427
3.25271,202.067
3.25539,205.816
3.25832,210.025
3.26124,214.374
3.26416,218.869
3.26708,223.518
3.27000,228.328
3.27292,233.305
3.27584,238.459
3.27876,243.795
3.28168,249.327
3.28460,255.062
3.28752,261.010
3.29044,267.180
3.29337,273.588
3.29629,280.245
3.29921,287.162
3.30213,294.352
3.30630,305.146
3.31048,316.578
3.31466,328.703
3.31883,341.580
3.32301,355.272
3.32718,369.850
3.33136,385.394
3.33554,401.992
3.33955,419.014
3.34356,437.191
3.34757,456.641
3.35157,477.476
3.35558,499.844
3.35959,523.886
3.36360,549.789
3.36761,577.733
3.36962,592.545
3.37162,607.954
3.37363,623.992
3.37563,640.686
3.37764,658.088
3.37964,676.229
3.38165,695.150
3.38365,714.886
3.38566,735.502
3.38766,757.039
3.38967,779.550
3.39167,803.079
3.39367,827.710
3.39568,853.495
3.39768,880.501
3.39969,908.786
3.40169,938.454
3.40370,969.571
3.40570,1002.22
3.40771,1036.48
3.40971,1072.47
3.41172,1110.27
3.41372,1150.00
3.41573,1191.72
3.41773,1235.61
3.41974,1281.76
3.42174,1330.28
3.42375,1381.27
3.42575,1434.92
3.42776,1491.32
3.42976,1550.62
3.43176,1612.90
3.43377,1678.37
3.43577,1747.13
3.43778,1819.30
3.43978,1894.98
3.44179,1974.36
3.44379,2057.51
3.44580,2144.54
3.44780,2235.50
3.44981,2330.55
3.45181,2429.72
3.45382,2533.06
3.45582,2640.52
3.45783,2752.23
3.45983,2868.11
3.46184,2988.11
3.46384,3112.08
3.46785,3371.76
3.47186,3645.67
3.47587,3931.99
3.47988,4227.95
3.48436,4565.97
3.48883,4906.38
3.49331,5242.91
3.49779,5568.24
3.50138,5816.01
3.50497,6047.69
3.50856,6259.28
3.51215,6446.93
3.51574,6607.23
3.51933,6736.99
3.52292,6833.73
3.52651,6895.44
3.52930,6918.42
3.53209,6919.22
3.53388,6908.13
3.53714,6864.54
3.54041,6791.57
3.54367,6690.47
3.54694,6562.98
3.55020,6411.14
3.55347,6237.45
3.55674,6044.51
3.56000,5835.29
3.56363,5586.91
3.56727,5326.20
3.57453,4783.56
3.58179,4236.86
3.58906,3710.48
3.59290,3446.52
3.59674,3195.07
3.60058,2957.42
3.60443,2734.46
3.60827,2526.49
3.61211,2333.60
3.61595,2155.57
3.61979,1991.96
3.62363,1842.03
3.62748,1705.05
3.63132,1580.16
3.63516,1466.51
3.63900,1363.12
3.64284,1269.15
3.64669,1183.73
3.65053,1106.08
3.65315,1057.17
3.65577,1011.30
3.65839,968.237
3.66100,927.804
3.66362,889.789
3.66624,854.049
3.66886,820.410
3.67148,788.721
3.67410,758.833
3.67672,730.643
3.67934,704.019
3.68196,678.854
3.68720,632.494
3.69244,590.865
3.69593,565.424
3.69942,541.660
3.70291,519.417
3.70641,498.581
3.70990,479.025
3.71339,460.658
3.71688,443.381
3.72037,427.108
3.72387,411.759
3.72736,397.274
3.73434,370.633
3.74133,346.743
3.74831,325.241
3.75598,304.019
3.76365,284.963
3.77131,267.785
3.77898,252.250
3.78665,238.152
3.79431,225.324
3.80198,213.617
3.80964,202.906
3.81974,190.136
3.82984,178.699
3.83993,168.417
3.85003,159.143
3.86013,150.754
3.87022,143.144
3.88032,136.222
3.89041,129.911
3.89776,125.667
3.90510,121.687
3.91244,117.951
3.92713,111.142
3.93611,107.365
3.94510,103.855
3.95409,100.590
3.96308,97.5504
3.97620,93.4796
3.98932,89.8007
4.00244,86.4711
4.01556,83.4551
4.02868,80.7214
4.04180,78.2437
4.05492,75.9991
4.06804,73.9675
4.08116,72.1310
4.09428,70.4739
4.10740,68.9823
4.12051,67.6440
4.13363,66.4478
4.14675,65.3845
4.17299,63.6251
4.19535,62.4812
4.21770,61.6376
4.24005,61.0755
4.26240,60.7812
4.29034,60.7744
4.31828,61.1588
4.34622,61.9373
4.37416,63.1239
4.40210,64.7401
4.43004,66.8173
4.45798,69.4001
4.47195,70.8985
4.48592,72.5457
4.50128,74.5415
4.51665,76.7451
4.53202,79.1750
4.54738,81.8527
4.56275,84.8034
4.57812,88.0545
4.58580,89.8029
4.59348,91.6385
4.60117,93.5664
4.60885,95.5916
4.61564,97.4673
4.62243,99.4275
4.62922,101.477
4.63601,103.620
4.64280,105.861
4.64959,108.207
4.65299,109.421
4.65638,110.664
4.65978,111.935
4.66317,113.236
4.66707,114.769
4.67097,116.343
4.67487,117.962
4.67877,119.624
4.68267,121.334
4.68657,123.092
4.69047,124.899
4.69437,126.758
4.69697,128.027
4.69957,129.320
4.70217,130.638
4.70477,131.982
4.70737,133.351
4.70997,134.748
4.71257,136.172
4.71517,137.623
4.71803,139.254
4.72089,140.921
4.72375,142.625
4.72661,144.366
4.72947,146.146
4.73232,147.967
4.73518,149.829
4.73804,151.733
4.74090,153.682
4.74376,155.676
4.74662,157.716
4.74948,159.804
4.75234,161.941
4.75520,164.129
4.75806,166.371
4.76092,168.665
4.76417,171.341
4.76742,174.090
4.77067,176.917
4.77391,179.825
4.77716,182.815
4.78041,185.893
4.78366,189.060
4.78691,192.321
4.79083,196.395
4.79476,200.617
4.79869,204.997
4.80262,209.539
4.80655,214.254
4.81048,219.149
4.81440,224.233
4.81833,229.518
4.82218,234.901
4.82603,240.496
4.82988,246.317
4.83373,252.372
4.83758,258.678
4.84143,265.245
4.84528,272.092
4.84913,279.231
4.85297,286.667
4.85681,294.431
4.86065,302.543
4.86450,311.021
4.86834,319.893
4.87218,329.179
4.87602,338.911
4.87986,349.112
4.88370,359.819
4.88755,371.064
4.89139,382.883
4.89523,395.314
4.89907,408.406
4.90291,422.202
4.90675,436.760
4.91059,452.132
4.91444,468.387
4.91828,485.592
4.92212,503.824
4.92596,523.161
4.92980,543.708
4.93365,565.563
4.93749,588.841
4.94133,613.664
4.94517,640.186
4.94901,668.559
4.95285,698.961
4.95670,731.581
4.96054,766.656
4.96438,804.415
4.96822,845.153
4.97206,889.159
4.97555,932.311
4.97905,978.731
4.98254,1028.76
4.98603,1082.72
4.98952,1141.02
4.99302,1204.04
4.99651,1272.26
5.00000,1346.15
5.00208,1393.13
5.00416,1442.42
5.00625,1494.17
5.00833,1548.48
5.01041,1605.50
5.01249,1665.34
5.01457,1728.17
5.01666,1794.06
5.01874,1863.25
5.02082,1935.82
5.02290,2011.94
5.02498,2091.73
5.02707,2175.34
5.02915,2262.91
5.03123,2354.58
5.03331,2450.41
5.03530,2546.01
5.03729,2645.62
5.03927,2749.36
5.04126,2857.32
5.04325,2969.63
5.04523,3086.22
5.04722,3207.19
5.04921,3332.56
5.05318,3596.57
5.05716,3877.90
5.06113,4176.01
5.06511,4489.90
5.06927,4834.11
5.07343,5191.73
5.07760,5559.88
5.08176,5934.96
5.09055,6730.76
5.09494,7119.36
5.09934,7493.19
5.10300,7788.34
5.10665,8064.77
5.11031,8318.78
5.11396,8546.76
5.11762,8745.41
5.12128,8911.62
5.12493,9042.89
5.12859,9137.19
5.13224,9193.02
5.13590,9209.53
5.14030,9176.95
5.14395,9107.11
5.14760,8999.63
5.15124,8856.26
5.15489,8679.28
5.15854,8471.41
5.16218,8235.78
5.16583,7975.83
5.16948,7695.28
5.17576,7174.18
5.18204,6622.21
5.19461,5496.65
5.20066,4972.74
5.20672,4474.73
5.20974,4237.69
5.21277,4009.62
5.21580,3790.85
5.21882,3581.85
5.22213,3365.10
5.22543,3160.31
5.22873,2967.32
5.23203,2786.09
5.23533,2616.23
5.23863,2457.49
5.24193,2309.34
5.24524,2171.39
5.24826,2053.39
5.25129,1943.13
5.25432,1840.10
5.25734,1743.96
5.26037,1654.22
5.26339,1570.54
5.26642,1492.45
5.26945,1419.62
5.27247,1351.65
5.27550,1288.22
5.27853,1228.96
5.28155,1173.61
5.28458,1121.84
5.28761,1073.41
5.29063,1028.03
5.29366,985.515
5.29669,945.610
5.29971,908.145
5.30274,872.914
5.30577,839.772
5.30879,808.543
5.31182,779.105
5.31485,751.309
5.31787,725.054
5.32392,676.705
5.32998,633.287
5.33603,594.151
5.34208,558.749
5.34649,535.074
5.35089,512.979
5.35529,492.318
5.35969,472.969
5.36409,454.822
5.36850,437.777
5.37290,421.747
5.37730,406.651
5.38170,392.414
5.38611,378.977
5.39491,354.263
5.40371,332.097
5.41252,312.136
5.41802,300.651
5.42352,289.856
5.42903,279.696
5.43453,270.125
5.44003,261.095
5.44553,252.568
5.45654,236.879
5.46367,227.585
5.47080,218.911
5.47794,210.801
5.48507,203.211
5.49220,196.094
5.49933,189.417
5.50647,183.143
5.51360,177.242
5.52786,166.447
5.54213,156.840
5.55639,148.262
5.57066,140.579
5.58621,133.092
5.60176,126.416
5.61731,120.450
5.63286,115.110
5.64841,110.324
5.66397,106.032
5.67952,102.184
5.69507,98.7329
5.70779,96.1785
5.72052,93.8463
5.73324,91.7202
5.74596,89.7862
5.75869,88.0324
5.77141,86.4482
5.79686,83.7536
5.82231,81.6420
5.84776,80.0685
5.87320,79.0012
5.89865,78.4198
5.91513,78.2977
5.93160,78.3754
5.94808,78.6548
5.96456,79.1403
5.99169,80.4059
6.00526,81.2667
6.01883,82.2879
6.03240,83.4774
6.04596,84.8444
6.05953,86.3997
6.07310,88.1555
6.08667,90.1264
6.10023,92.3284
6.11380,94.7805
6.12737,97.5040
6.14094,100.524
6.15450,103.869
6.16807,107.572
6.18164,111.673
6.19151,114.930
6.20137,118.442
6.21124,122.229
6.22111,126.317
6.23097,130.734
6.24084,135.509
6.25071,140.678
6.26058,146.278
6.27409,154.733
6.28760,164.216
6.30112,174.889
6.30788,180.732
6.31463,186.949
6.32392,196.167
6.33321,206.247
6.34251,217.294
6.35180,229.435
6.36109,242.817
6.37038,257.610
6.37967,274.019
6.38896,292.285
6.39361,302.206
6.39825,312.703
6.40290,323.826
6.40754,335.623
6.41219,348.153
6.41683,361.475
6.42148,375.662
6.42612,390.786
6.43077,406.939
6.43541,424.211
6.44006,442.717
6.44471,462.570
6.44935,483.914
6.45400,506.895
6.45864,531.689
6.46329,558.493
6.46669,579.551
6.47010,601.906
6.47350,625.664
6.47691,650.940
6.48032,677.863
6.48372,706.572
6.48713,737.219
6.49053,769.959
6.49394,804.994
6.49735,842.508
6.50075,882.715
6.50416,925.832
6.50756,972.130
6.51097,1021.86
6.51437,1075.31
6.51778,1132.76
6.52048,1181.45
6.52319,1233.02
6.52589,1287.67
6.52859,1345.55
6.53130,1406.87
6.53400,1471.77
6.53670,1540.48
6.53941,1613.14
6.54211,1689.99
6.54481,1771.13
6.54752,1856.81
6.55022,1947.12
6.55293,2042.29
6.55563,2142.38
6.55833,2247.55
6.56103,2357.89
6.56417,2492.28
6.56730,2633.73
6.57043,2782.31
6.57356,2937.95
6.57669,3100.55
6.57982,3269.89
6.58608,3627.56
6.59234,4007.57
6.59860,4404.85
6.61112,5222.97
6.61915,5737.49
6.62718,6217.71
6.63120,6437.63
6.63522,6640.14
6.63923,6822.55
6.64325,6982.19
6.64844,7151.09
6.65363,7274.05
6.65881,7348.05
6.66400,7371.20
6.66822,7352.14
6.67243,7299.50
6.67665,7214.18
6.68086,7097.67
6.68508,6951.93
6.68929,6779.37
6.69351,6582.75
6.69772,6365.18
6.70149,6155.62
6.70525,5934.27
6.71278,5465.96
6.72784,4490.54
6.73553,4006.00
6.73937,3772.78
6.74321,3547.31
6.74705,3330.45
6.75089,3123.06
6.75473,2925.61
6.75857,2738.46
6.76241,2561.74
6.76625,2395.59
6.77009,2239.82
6.77393,2094.29
6.77777,1958.62
6.78161,1832.52
6.78545,1715.52
6.78929,1607.14
6.79243,1524.51
6.79558,1447.07
6.79872,1374.53
6.80186,1306.59
6.80500,1242.99
6.80814,1183.46
6.81129,1127.73
6.81443,1075.57
6.81757,1026.72
6.82071,980.971
6.82385,938.105
6.82700,897.918
6.83014,860.217
6.83328,824.826
6.83642,791.578
6.83956,760.319
6.84341,724.598
6.84725,691.402
6.85109,660.496
6.85493,631.695
6.85877,604.805
6.86261,579.678
6.86645,556.157
6.87029,534.111
6.87413,513.413
6.87797,493.964
6.88181,475.662
6.88565,458.416
6.88949,442.142
6.89333,426.775
6.90101,398.485
6.90869,373.076
6.91637,350.164
6.92405,329.425
6.93173,310.591
6.93941,293.425
6.94709,277.734
6.95478,263.351
6.96246,250.132
6.97046,237.463
6.97846,225.799
6.98646,215.034
6.99446,205.076
7.00246,195.846
7.01046,187.271
7.01846,179.292
7.02646,171.852
7.03446,164.904
7.04247,158.405
7.05047,152.316
7.05847,146.602
7.06647,141.234
7.07447,136.183
7.08247,131.425
7.09047,126.937
7.09944,122.202
7.10840,117.755
7.11737,113.573
7.12634,109.634
7.13530,105.920
7.14427,102.414
7.16220,95.9656
7.18014,90.1802
7.19807,84.9697
7.21600,80.2590
7.23394,75.9856
7.24522,73.4978
7.25649,71.1505
7.27905,66.8357
7.30160,62.9685
7.32416,59.4880
7.34121,57.0810
7.35827,54.8466
7.37533,52.7679
7.39238,50.8306
7.40944,49.0219
7.42650,47.3308
7.44355,45.7474
7.46061,44.2627
7.47767,42.8685
7.49472,41.5577
7.51178,40.3236
7.52884,39.1605
7.56295,37.0262
7.59706,35.1185
7.61929,33.9829
7.63951,33.0162
7.65973,32.1073
7.68986,30.8499
7.72000,29.6966
7.75013,28.6362
7.78026,27.6599
7.81040,26.7596
7.84053,25.9284
7.87066,25.1599
7.90080,24.4488
7.93093,23.7901
7.96106,23.1792
7.99120,22.6121
8.02133,22.0851
8.08160,21.1406
8.14187,20.3264
8.19415,19.7130
8.24644,19.1768
8.29872,18.7115
8.35100,18.3123
8.40329,17.9743
8.45557,17.6934
8.50786,17.4680
8.56014,17.2972
8.62797,17.1563
8.69581,17.1064
8.76364,17.1546
8.79755,17.2186
8.83147,17.3103
8.86538,17.4310
8.89930,17.5826
8.93322,17.7675
8.96713,17.9884
9.00105,18.2482
9.03496,18.5503
9.06888,18.8988
9.10279,19.2995
9.13564,19.7438
9.16848,20.2506
9.20132,20.8275
9.23417,21.4842
9.26701,22.2321
9.29985,23.0853
9.33270,24.0612
9.36554,25.1813
9.39392,26.2859
9.42230,27.5399
9.45067,28.9700
9.46486,29.7612
9.47905,30.6097
9.49324,31.5210
9.50743,32.5015
9.52162,33.5584
9.53581,34.6999
9.55000,35.9356
9.56419,37.2766
9.57838,38.7357
9.59256,40.3278
9.61029,42.5307
9.62801,45.0104
9.63687,46.3697
9.64573,47.8183
9.65459,49.3648
9.66345,51.0187
9.67231,52.7909
9.68117,54.6936
9.69004,56.7411
9.69890,58.9495
9.70776,61.3374
9.71662,63.9265
9.72548,66.7420
9.73434,69.8136
9.74562,74.1493
9.75126,76.5209
9.75690,79.0447
9.76253,81.7363
9.76817,84.6118
9.77381,87.6899
9.77945,90.9914
9.78831,96.6925
9.79717,103.121
9.80160,106.650
9.80603,110.416
9.81046,114.443
9.81489,118.754
9.81933,123.381
9.82376,128.354
9.82819,133.712
9.83262,139.492
9.83705,145.742
9.84148,152.510
9.84591,159.852
9.85034,167.832
9.85376,174.478
9.85719,181.579
9.86061,189.172
9.86403,197.292
9.86746,205.988
9.87088,215.297
9.87430,225.272
9.87773,235.956
9.88115,247.405
9.88457,259.667
9.88800,272.803
9.89142,286.861
9.89484,301.907
9.89827,317.988
9.90169,335.170
9.90511,353.500
9.90955,379.027
9.91398,406.676
9.91841,436.560
9.92284,468.746
9.92727,503.312
9.93170,540.282
9.93613,579.680
9.94056,621.464
9.94479,663.531
9.94902,707.634
9.95325,753.646
9.95747,801.399
9.96170,850.683
9.96593,901.247
9.97439,1005.00
9.98325,1114.80
9.99211,1221.89
9.99712,1279.54
10.0021,1334.13
10.0071,1384.92
10.0121,1430.95
10.0157,1460.57
10.0193,1487.13
10.0228,1510.49
10.0264,1530.46
10.0300,1546.89
10.0335,1559.57
10.0371,1568.43
10.0406,1573.40
10.0430,1574.53
10.0454,1573.91
10.0492,1569.17
10.0531,1559.90
10.0570,1546.18
10.0608,1528.18
10.0647,1506.10
10.0685,1480.18
10.0724,1450.70
10.0763,1418.05
10.0814,1369.69
10.0866,1317.03
10.0917,1260.87
10.0969,1202.08
10.1035,1124.11
10.1102,1045.15
10.1234,890.149
10.1283,835.864
10.1331,783.735
10.1380,733.858
10.1428,686.674
10.1477,642.163
10.1525,600.615
10.1574,561.916
10.1622,526.228
10.1671,493.369
10.1720,463.343
10.1768,436.050
10.1817,411.418
10.1865,389.209
10.1914,369.369
10.1962,351.668
10.2011,336.028
10.2059,322.236
10.2108,310.208
10.2157,299.758
10.2205,290.806
10.2254,283.197
10.2302,276.860
10.2351,271.673
10.2399,267.577
10.2435,265.232
10.2470,263.396
10.2518,261.663
10.2567,260.810
10.2616,260.800
10.2664,261.604
10.2713,263.208
10.2761,265.597
10.2810,268.781
10.2858,272.756
10.2905,277.323
10.2951,282.648
10.2997,288.771
10.3021,292.153
10.3044,295.735
10.3067,299.555
10.3090,303.587
10.3113,307.874
10.3136,312.387
10.3159,317.174
10.3183,322.205
10.3206,327.532
10.3229,333.122
10.3251,338.668
10.3272,344.490
10.3294,350.598
10.3316,357.005
10.3338,363.723
10.3360,370.767
10.3381,378.150
10.3403,385.889
10.3425,393.999
10.3447,402.498
10.3469,411.404
10.3490,420.735
10.3512,430.512
10.3534,440.757
10.3556,451.490
10.3578,462.735
10.3600,474.572
10.3621,486.917
10.3643,499.850
10.3665,513.399
10.3687,527.591
10.3709,542.456
10.3730,558.026
10.3752,574.330
10.3774,591.483
10.3796,609.361
10.3818,628.076
10.3839,647.662
10.3861,668.156
10.3883,689.594
10.3905,712.014
10.3927,735.454
10.3949,760.067
10.3970,785.666
10.3992,812.400
10.4014,840.308
10.4036,869.427
10.4058,899.796
10.4079,931.451
10.4101,964.428
10.4123,998.762
10.4145,1034.49
10.4167,1071.63
10.4188,1110.23
10.4210,1150.31
10.4232,1191.90
10.4254,1235.01
10.4276,1279.66
10.4315,1365.00
10.4355,1455.34
10.4395,1551.14
10.4434,1651.88
10.4474,1757.95
10.4513,1868.64
10.4553,1983.97
10.4593,2103.60
10.4636,2240.13
10.4680,2380.41
10.4724,2523.98
10.4767,2669.92
10.4854,2964.77
10.4942,3255.61
10.5033,3544.91
10.5079,3679.34
10.5124,3804.92
10.5198,3983.72
10.5234,4061.22
10.5271,4129.71
10.5307,4188.95
10.5344,4238.11
10.5380,4277.01
10.5417,4305.11
10.5454,4322.29
10.5490,4328.32
10.5539,4318.98
10.5579,4296.80
10.5618,4261.92
10.5658,4214.66
10.5697,4155.54
10.5737,4085.19
10.5777,4004.34
10.5816,3913.82
10.5856,3814.53
10.5925,3621.72
10.5995,3410.33
10.6065,3186.04
10.6134,2954.75
10.6274,2488.15
10.6344,2262.66
10.6413,2047.45
10.6483,1844.46
10.6518,1748.37
10.6553,1656.02
10.6588,1567.50
10.6623,1482.89
10.6658,1402.22
10.6693,1325.49
10.6725,1258.99
10.6756,1195.89
10.6788,1135.75
10.6820,1078.86
10.6852,1024.80
10.6883,973.803
10.6915,925.457
10.6947,879.959
10.6979,836.913
10.7010,796.476
10.7042,758.279
10.7074,722.446
10.7106,688.637
10.7137,656.950
10.7169,627.074
10.7201,599.087
10.7236,570.143
10.7271,543.194
10.7306,518.024
10.7340,494.511
10.7375,472.476
10.7410,451.935
10.7445,432.718
10.7480,414.730
10.7515,397.831
10.7550,382.035
10.7585,367.212
10.7620,353.290
10.7655,340.201
10.7690,327.884
10.7725,316.281
10.7759,305.340
10.7807,291.367
10.7855,278.454
10.7902,266.470
10.7950,255.327
10.7998,244.925
10.8045,235.238
10.8093,226.180
10.8140,217.696
10.8188,209.721
10.8236,202.243
10.8283,195.205
10.8331,188.572
10.8379,182.311
10.8426,176.395
10.8521,165.492
10.8588,158.473
10.8655,151.954
10.8722,145.877
10.8789,140.200
10.8856,134.889
10.8923,129.911
10.8990,125.238
10.9057,120.844
10.9125,116.700
10.9192,112.800
10.9259,109.117
10.9326,105.637
10.9460,99.2212
10.9594,93.4499
10.9679,90.0755
10.9764,86.9075
10.9849,83.9288
10.9934,81.1242
11.0020,78.4801
11.0105,75.9840
11.0275,71.3952
11.0445,67.2753
11.0616,63.5654
11.0786,60.2080
11.0956,57.1626
11.1138,54.2187
11.1319,51.5449
11.1500,49.1085
11.1682,46.8828
11.1864,44.8252
11.2047,42.9352
11.2230,41.1947
11.2413,39.5889
11.2595,38.1026
11.2778,36.7257
11.2961,35.4465
11.3144,34.2573
11.3326,33.1488
11.3509,32.1151
11.3692,31.1484
11.3875,30.2442
11.4057,29.3963
11.4240,28.6009
11.4606,27.1504
11.4833,26.3342
11.5060,25.5763
11.5286,24.8713
11.5513,24.2150
11.5740,23.6029
11.5967,23.0323
11.6421,22.0022
11.6875,21.1026
11.7329,20.3168
11.7783,19.6306
11.8236,19.0327
11.8626,18.5832
11.9015,18.1874
11.9404,17.8417
11.9793,17.5433
12.0183,17.2893
12.0572,17.0770
12.0961,16.9045
12.1351,16.7708
12.1894,16.6496
12.2438,16.6058
12.2982,16.6416
12.3526,16.7608
12.4070,16.9696
12.4614,17.2768
12.4886,17.4708
12.5158,17.6938
12.5430,17.9480
12.5702,18.2359
12.6034,18.6379
12.6367,19.1011
12.6699,19.6327
12.7031,20.2405
12.7364,20.9345
12.7696,21.7262
12.8028,22.6296
12.8361,23.6612
12.8655,24.6968
12.8948,25.8652
12.9242,27.1872
12.9536,28.6872
12.9806,30.2507
13.0077,32.0173
13.0212,32.9877
13.0347,34.0223
13.0482,35.1265
13.0617,36.3053
13.0753,37.5672
13.0888,38.9187
13.1023,40.3684
13.1158,41.9242
13.1293,43.5992
13.1429,45.4042
13.1564,47.3526
13.1699,49.4581
13.1855,52.1200
13.2012,55.0474
13.2168,58.2783
13.2325,61.8555
13.2403,63.7908
13.2481,65.8299
13.2560,67.9860
13.2638,70.2623
13.2716,72.6742
13.2794,75.2260
13.2873,77.9358
13.2951,80.8097
13.3008,83.0140
13.3086,86.2157
13.3164,89.6279
13.3243,93.2699
13.3321,97.1581
13.3399,101.326
13.3438,103.519
13.3477,105.791
13.3517,108.153
13.3556,110.595
13.3595,113.130
13.3634,115.761
13.3673,118.500
13.3712,121.341
13.3751,124.301
13.3791,127.374
13.3830,130.582
13.3869,133.915
13.3908,137.389
13.3947,141.013
13.3986,144.806
13.4025,148.759
13.4064,152.891
13.4104,157.214
13.4143,161.752
13.4182,166.497
13.4221,171.474
13.4260,176.700
13.4296,181.689
13.4331,186.913
13.4367,192.388
13.4402,198.114
13.4438,204.141
13.4474,210.475
13.4509,217.137
13.4545,224.131
13.4580,231.520
13.4616,239.315
13.4651,247.545
13.4687,256.218
13.4723,265.418
13.4758,275.132
13.4794,285.457
13.4829,296.380
13.4868,309.227
13.4907,322.931
13.4947,337.640
13.4986,353.362
13.5025,370.267
13.5064,388.367
13.5103,407.808
13.5142,428.701
13.5181,451.225
13.5221,475.393
13.5260,501.396
13.5299,529.375
13.5338,559.480
13.5377,591.866
13.5416,626.695
13.5455,664.133
13.5494,704.456
13.5533,747.631
13.5573,794.053
13.5612,843.655
13.5651,896.860
13.5690,953.557
13.5729,1014.03
13.5768,1078.42
13.5807,1147.04
13.5847,1219.63
13.5886,1296.45
13.5925,1377.57
13.5964,1463.22
13.6003,1552.98
13.6042,1647.01
13.6081,1745.22
13.6120,1847.76
13.6160,1953.92
13.6199,2063.75
13.6238,2176.96
13.6277,2293.52
13.6316,2412.46
13.6394,2656.55
13.6473,2905.74
13.6551,3154.51
13.6629,3397.99
13.6707,3629.63
13.6786,3844.38
13.6864,4034.99
13.6943,4196.24
13.6982,4264.07
13.7021,4322.69
13.7071,4383.37
13.7121,4427.52
13.7171,4454.54
13.7221,4464.10
13.7271,4456.09
13.7312,4436.74
13.7352,4406.14
13.7393,4364.56
13.7433,4312.36
13.7474,4249.86
13.7514,4177.91
13.7555,4096.99
13.7595,4007.80
13.7673,3817.06
13.7750,3604.69
13.7827,3376.28
13.7904,3137.67
13.8061,2645.84
13.8139,2405.66
13.8217,2174.65
13.8296,1955.89
13.8335,1851.83
13.8374,1751.62
13.8413,1655.40
13.8452,1563.30
13.8491,1475.38
13.8530,1391.88
13.8562,1326.50
13.8594,1263.93
13.8626,1204.13
13.8658,1147.07
13.8690,1092.68
13.8722,1040.92
13.8754,991.711
13.8786,944.980
13.8818,900.648
13.8850,858.631
13.8882,818.843
13.8914,781.193
13.8946,745.593
13.8978,711.949
13.9010,680.172
13.9042,650.262
13.9081,615.878
13.9120,583.853
13.9159,554.034
13.9198,526.270
13.9237,500.419
13.9277,476.346
13.9316,453.922
13.9355,433.025
13.9394,413.541
13.9433,395.363
13.9472,378.391
13.9511,362.532
13.9550,347.701
13.9589,333.817
13.9628,320.807
13.9668,308.603
13.9710,296.123
13.9753,284.456
13.9796,273.533
13.9838,263.316
13.9881,253.703
13.9924,244.686
13.9966,236.179
14.0009,228.178
14.0052,220.610
14.0094,213.474
14.0179,200.310
14.0265,188.470
14.0350,177.773
14.0423,169.446
14.0495,161.772
14.0568,154.671
14.0641,148.086
14.0713,141.965
14.0786,136.264
14.0858,130.944
14.0931,125.969
14.1004,121.305
14.1076,116.935
14.1149,112.831
14.1221,108.970
14.1294,105.333
14.1367,101.903
14.1439,98.6636
14.1512,95.6018
14.1612,91.6626
14.1711,88.0078
14.1811,84.6042
14.1910,81.4359
14.2010,78.4764
14.2110,75.7139
14.2209,73.1295
14.2309,70.7091
14.2409,68.4382
14.2508,66.3101
14.2608,64.3107
14.2708,62.4353
14.2807,60.6722
14.2907,59.0180
14.3106,56.0080
14.3305,53.3628
14.3505,51.0569
14.3704,49.0748
14.3804,48.2047
14.3903,47.4165
14.4003,46.7122
14.4102,46.0978
14.4202,45.5787
14.4302,45.1650
14.4401,44.8683
14.4501,44.7056
14.4601,44.6977
14.4700,44.8718
14.4755,45.0585
14.4810,45.3181
14.4866,45.6580
14.4921,46.0859
14.4976,46.6124
14.5031,47.2471
14.5086,48.0006
14.5141,48.8829
14.5196,49.9092
14.5251,51.0909
14.5306,52.4407
14.5361,53.9689
14.5416,55.6936
14.5471,57.6207
14.5526,59.7682
14.5581,62.1382
14.5639,64.8757
14.5697,67.8764
14.5754,71.1425
14.5812,74.6656
14.5870,78.4509
14.5927,82.4797
14.5985,86.7334
14.6043,91.1789
14.6127,97.9434
14.6211,104.939
14.6294,112.014
14.6378,118.995
14.6483,127.296
14.6536,131.158
14.6588,134.753
14.6652,138.686
14.6715,142.085
14.6778,144.888
14.6842,147.025
14.6883,148.039
14.6924,148.740
14.6965,149.126
14.7006,149.191
14.7082,148.457
14.7159,146.629
14.7235,143.757
14.7312,139.928
14.7335,138.571
14.7391,135.045
14.7447,131.141
14.7502,126.899
14.7558,122.393
14.7685,111.406
14.7812,99.9964
14.7920,90.4521
14.8027,81.3307
14.8081,76.9972
14.8135,72.8544
14.8188,68.9028
14.8242,65.1681
14.8281,62.5847
14.8320,60.1175
14.8359,57.7669
14.8399,55.5324
14.8438,53.4129
14.8477,51.4062
14.8516,49.5099
14.8555,47.7209
14.8594,46.0357
14.8633,44.4503
14.8672,42.9607
14.8711,41.5626
14.8750,40.2515
14.8790,39.0229
14.8829,37.8724
14.8868,36.7979
14.8931,35.1912
14.8995,33.7510
14.9058,32.4573
14.9122,31.2939
14.9185,30.2443
14.9249,29.2985
14.9312,28.4425
14.9376,27.6654
14.9439,26.9568
14.9503,26.3102
14.9566,25.7172
14.9630,25.1714
14.9693,24.6672
14.9757,24.1997
14.9884,23.3586
14.9982,22.7827
15.0079,22.2590
15.0177,21.7786
15.0275,21.3364
15.0373,20.9264
15.0470,20.5452
15.0666,19.8549
15.0861,19.2433
15.1057,18.6954
15.1252,18.1997
15.1448,17.7477
15.1682,17.2532
15.1917,16.8030
15.2151,16.3898
15.2386,16.0085
15.2596,15.6897
15.2807,15.3905
15.3228,14.8434
15.3649,14.3539
15.4070,13.9123
15.4525,13.4796
15.4979,13.0860
15.5434,12.7257
15.5889,12.3946
15.6344,12.0892
15.6799,11.8066
15.7254,11.5441
15.7708,11.2994
15.8163,11.0706
15.8618,10.8563
15.9073,10.6553
15.9528,10.4664
16.0437,10.1208
16.1347,9.81282
16.1903,9.64072
16.2459,9.47969
16.3571,9.18722
16.4684,8.92906
16.5796,8.70080
16.6908,8.49883
16.8020,8.32064
16.9132,8.16398
17.0244,8.02722
17.1407,7.90433
17.2569,7.80119
17.3648,7.72278
17.4728,7.66127
17.5807,7.61757
17.6887,7.59235
17.7966,7.58619
17.9046,7.60171
18.0125,7.64331
18.0665,7.67514
18.1204,7.71538
18.1798,7.77083
18.2391,7.84075
18.2985,7.93146
18.3281,7.98964
18.3578,8.06245
18.3791,8.12828
18.4004,8.20959
18.4218,8.31020
18.4431,8.43242
18.4644,8.57563
18.4857,8.73420
18.5071,8.89737
18.5284,9.04986
18.5358,9.09738
18.5557,9.20447
18.5757,9.27499
18.5933,9.30472
18.6109,9.30656
18.6416,9.26380
18.6723,9.20346
18.6915,9.17595
18.7106,9.16437
18.7298,9.17155
18.7490,9.19754
18.7682,9.24066
18.7874,9.29852
18.8257,9.44913
18.8641,9.63532
18.9024,9.85051
18.9408,10.0932
18.9792,10.3643
19.0252,10.7309
19.0712,11.1480
19.1059,11.5007
19.1406,11.8907
19.1754,12.3230
19.2101,12.8030
19.2448,13.3379
19.2795,13.9351
19.3142,14.6045
19.3489,15.3577
19.3787,16.0830
19.4086,16.8909
19.4384,17.7945
19.4682,18.8084
19.4832,19.3627
19.4981,19.9516
19.5130,20.5781
19.5279,21.2456
19.5429,21.9581
19.5578,22.7188
19.5727,23.5324
19.5876,24.4039
19.6093,25.7874
19.6310,27.3249
19.6527,29.0417
19.6744,30.9654
19.6853,32.0167
19.6962,33.1327
19.7070,34.3201
19.7179,35.5850
19.7287,36.9359
19.7396,38.3779
19.7504,39.9212
19.7613,41.5756
19.7762,44.0544
19.7911,46.7968
19.8060,49.8444
19.8210,53.2458
19.8284,55.0998
19.8359,57.0629
19.8433,59.1472
19.8508,61.3633
19.8583,63.7231
19.8657,66.2400
19.8732,68.9290
19.8806,71.8071
19.8874,74.6073
19.8942,77.5921
19.9010,80.7840
19.9078,84.2038
19.9146,87.8809
19.9213,91.8316
19.9281,96.0919
19.9349,100.697
19.9417,105.695
19.9485,111.117
19.9553,117.023
19.9620,123.474
19.9688,130.540
19.9756,138.299
19.9824,146.843
19.9892,156.276
19.9946,164.550
20.0000,173.519
20.0049,182.244
20.0097,191.660
20.0146,201.830
20.0195,212.799
20.0243,224.687
20.0292,237.548
20.0341,251.468
20.0389,266.503
20.0438,282.807
20.0487,300.450
20.0536,319.533
20.0584,340.118
20.0633,362.397
20.0681,386.387
20.0730,412.298
20.0779,440.131
20.0827,470.108
20.0876,502.208
20.0925,536.658
20.0973,573.407
20.1022,612.682
20.1071,654.387
20.1119,698.744
20.1168,745.603
20.1217,795.168
20.1265,847.333
20.1314,902.063
20.1363,959.172
20.1411,1018.80
20.1460,1080.71
20.1557,1210.55
20.1655,1347.27
20.1752,1488.34
20.1947,1772.44
20.2017,1872.28
20.2088,1967.97
20.2159,2058.04
20.2230,2140.92
20.2320,2234.21
20.2410,2311.08
20.2455,2342.63
20.2500,2369.28
20.2545,2390.81
20.2591,2407.06
20.2645,2419.45
20.2699,2423.88
20.2726,2423.09
20.2770,2417.56
20.2814,2406.80
20.2859,2390.90
20.2903,2370.03
20.2947,2344.25
20.2991,2313.80
20.3079,2239.92
20.3145,2173.70
20.3212,2099.74
20.3278,2019.09
20.3345,1932.93
20.3474,1754.03
20.3603,1567.54
20.3767,1331.60
20.3850,1218.23
20.3932,1109.69
20.3997,1028.31
20.4061,951.038
20.4126,878.003
20.4190,809.385
20.4255,745.272
20.4320,685.679
20.4384,630.555
20.4449,579.792
20.4513,533.171
20.4578,490.648
20.4610,470.829
20.4643,451.935
20.4675,433.936
20.4707,416.801
20.4740,400.502
20.4772,385.007
20.4804,370.286
20.4836,356.308
20.4869,343.043
20.4901,330.462
20.4933,318.536
20.4966,307.235
20.5016,290.912
20.5066,275.952
20.5115,262.227
20.5165,249.649
20.5215,238.115
20.5265,227.595
20.5315,217.993
20.5365,209.246
20.5415,201.282
20.5465,194.077
20.5515,187.571
20.5565,181.720
20.5615,176.488
20.5665,171.843
20.5714,167.759
20.5764,164.211
20.5834,160.133
20.5903,157.014
20.5973,154.822
20.6042,153.538
20.6111,153.141
20.6181,153.624
20.6250,154.979
20.6319,157.193
20.6381,159.876
20.6443,163.221
20.6504,167.214
20.6566,171.830
20.6627,177.056
20.6689,182.855
20.6750,189.186
20.6812,195.987
20.6913,208.019
20.7013,220.862
20.7114,234.155
20.7215,247.473
20.7338,263.113
20.7400,270.405
20.7461,277.184
20.7506,281.746
20.7570,287.634
20.7634,292.664
20.7698,296.749
20.7762,299.806
20.7809,301.364
20.7857,302.302
20.7904,302.606
20.7951,302.267
20.8004,301.109
20.8057,299.135
20.8111,296.356
20.8164,292.801
20.8244,285.997
20.8325,277.613
20.8405,267.827
20.8486,256.842
20.8572,244.021
20.8658,230.374
20.8830,201.751
20.9002,173.110
20.9089,159.348
20.9175,146.213
20.9249,135.455
20.9324,125.310
20.9398,115.820
20.9472,107.019
20.9547,98.8895
20.9621,91.4375
20.9658,87.9600
20.9695,84.6441
20.9733,81.4859
20.9770,78.4893
20.9813,75.1939
20.9856,72.0910
20.9899,69.1727
20.9942,66.4369
20.9985,63.8625
21.0028,61.4528
21.0071,59.1881
21.0114,57.0706
21.0157,55.0819
21.0200,53.2233
21.0243,51.4781
21.0286,49.8469
21.0330,48.3147
21.0373,46.8818
21.0416,45.5346
21.0459,44.2733
21.0502,43.0860
21.0545,41.9701
21.0631,39.9340
21.0717,38.1245
21.0803,36.5088
21.0889,35.0574
21.0975,33.7498
21.1062,32.5641
21.1148,31.4834
21.1234,30.4924
21.1320,29.5815
21.1406,28.7394
21.1492,27.9577
21.1578,27.2295
21.1664,26.5485
21.1750,25.9099
21.1837,25.3092
21.1978,24.3979
21.2118,23.5656
21.2259,22.8007
21.2400,22.0945
21.2541,21.4394
21.2682,20.8304
21.2823,20.2619
21.2964,19.7298
21.3105,19.2300
21.3246,18.7601
21.3528,17.8986
21.3809,17.1271
21.4091,16.4316
21.4373,15.8010
21.4655,15.2269
21.4937,14.7014
21.5219,14.2191
21.5501,13.7745
21.5782,13.3637
21.6064,12.9828
21.6346,12.6287
21.6585,12.3468
21.6825,12.0808
21.7304,11.5913
21.7783,11.1512
21.8262,10.7538
21.8643,10.4641
21.9024,10.1955
21.9406,9.94585
21.9787,9.71337
22.0168,9.49633
22.0550,9.29346
22.0931,9.10345
22.1312,8.92514
22.1870,8.68308
22.2428,8.46082
22.2986,8.25613
22.3544,8.06726
22.4102,7.89264
22.4660,7.73083
22.5218,7.58052
22.5775,7.44063
22.6333,7.31020
22.6891,7.18844
22.8007,6.96806
22.9123,6.77463
23.0239,6.60432
23.1498,6.43616
23.2757,6.29030
23.4016,6.16421
23.5275,6.05604
23.6667,5.95577
23.8058,5.87507
23.9450,5.81283
24.0842,5.76887
24.2234,5.74468
24.3626,5.74170
24.4322,5.74879
24.5017,5.76207
24.5713,5.78200
24.6409,5.80910
24.7411,5.86198
24.8414,5.93327
24.9416,6.02577
25.0418,6.14280
25.1420,6.28835
25.1921,6.37367
25.2422,6.46862
25.2923,6.57423
25.3424,6.69150
25.3925,6.82166
25.4426,6.96606
25.5092,7.18303
25.5759,7.43269
25.6425,7.72038
25.7091,8.05249
25.7586,8.33322
25.8081,8.64754
25.8577,9.00048
25.9072,9.39780
25.9569,9.84796
26.0066,10.3580
26.0563,10.9381
26.0812,11.2582
26.1060,11.6005
26.1308,11.9674
26.1557,12.3608
26.1805,12.7834
26.2054,13.2379
26.2302,13.7276
26.2551,14.2561
26.2799,14.8275
26.3048,15.4464
26.3336,16.2299
26.3623,17.0936
26.3911,18.0488
26.4199,19.1086
26.4486,20.2882
26.4630,20.9288
26.4774,21.6061
26.4918,22.3239
26.5062,23.0844
26.5206,23.8921
26.5350,24.7499
26.5559,26.0975
26.5768,27.5755
26.5977,29.2031
26.6082,30.0786
26.6187,30.9993
26.6291,31.9693
26.6396,32.9903
26.6500,34.0669
26.6605,35.2034
26.6710,36.4054
26.6814,37.6757
26.6919,39.0209
26.7024,40.4472
26.7167,42.5541
26.7311,44.8471
26.7455,47.3492
26.7599,50.0852
26.7743,53.0904
26.7887,56.3978
26.7959,58.1815
26.8031,60.0562
26.8103,62.0309
26.8174,64.1135
26.8246,66.3153
26.8318,68.6395
26.8390,71.1029
26.8462,73.7101
26.8534,76.4810
26.8606,79.4222
26.8678,82.5532
26.8750,85.8919
26.8822,89.4633
26.8894,93.2803
26.8966,97.3731
26.9038,101.771
26.9110,106.512
26.9182,111.623
26.9253,117.149
26.9325,123.141
26.9378,127.831
26.9430,132.811
26.9482,138.114
26.9535,143.769
26.9587,149.806
26.9639,156.259
26.9692,163.164
26.9744,170.561
26.9796,178.510
26.9849,187.028
26.9901,196.178
26.9953,206.018
27.0005,216.606
27.0058,228.006
27.0110,240.286
27.0162,253.518
27.0198,263.220
27.0234,273.436
27.0270,284.194
27.0306,295.489
27.0342,307.413
27.0378,319.931
27.0414,333.142
27.0450,347.005
27.0486,361.628
27.0522,377.007
27.0558,393.175
27.0594,410.117
27.0630,427.961
27.0666,446.640
27.0702,466.292
27.0738,486.840
27.0774,508.432
27.0810,531.043
27.0846,554.702
27.0882,579.370
27.0918,605.210
27.0954,632.182
27.1026,689.528
27.1098,751.726
27.1169,818.711
27.1241,890.616
27.1313,967.422
27.1369,1030.12
27.1424,1095.60
27.1480,1163.77
27.1536,1234.47
27.1647,1382.66
27.1758,1538.08
27.2046,1954.89
27.2189,2156.78
27.2261,2252.29
27.2333,2342.45
27.2427,2449.84
27.2520,2544.18
27.2613,2623.30
27.2707,2685.35
27.2767,2715.83
27.2828,2738.09
27.2888,2751.97
27.2949,2757.32
27.2979,2756.79
27.3029,2751.36
27.3078,2740.36
27.3176,2701.94
27.3274,2642.63
27.3373,2564.07
27.3468,2471.86
27.3563,2365.89
27.3658,2248.64
27.3753,2122.72
27.3850,1986.93
27.3948,1847.68
27.4143,1568.62
27.4241,1433.14
27.4338,1303.02
27.4436,1179.52
27.4534,1063.66
27.4609,979.730
27.4684,901.093
27.4760,827.723
27.4835,759.621
27.4911,696.631
27.4986,638.779
27.5024,611.688
27.5062,585.785
27.5099,561.039
27.5137,537.417
27.5186,508.398
27.5235,481.192
27.5283,455.660
27.5332,431.722
27.5381,409.297
27.5430,388.305
27.5479,368.667
27.5527,350.306
27.5576,333.143
27.5625,317.107
27.5674,302.124
27.5723,288.127
27.5771,275.050
27.5820,262.831
27.5869,251.409
27.5918,240.730
27.5967,230.720
27.6016,221.371
27.6064,212.615
27.6113,204.409
27.6162,196.712
27.6211,189.487
27.6260,182.699
27.6308,176.316
27.6357,170.295
27.6406,164.635
27.6504,154.255
27.6601,144.984
27.6699,136.669
27.6797,129.173
27.6894,122.403
27.6992,116.259
27.7089,110.662
27.7187,105.548
27.7285,100.859
27.7382,96.5484
27.7480,92.5748
27.7577,88.9030
27.7675,85.5025
27.7773,82.3468
27.7870,79.4129
27.7968,76.6806
27.8065,74.1321
27.8163,71.7517
27.8261,69.5256
27.8358,67.4394
27.8456,65.4862
27.8651,61.9343
27.8846,58.7989
27.9042,56.0289
27.9237,53.5767
27.9432,51.4085
27.9627,49.4929
27.9822,47.8053
27.9982,46.5792
28.0142,45.4837
28.0302,44.5098
28.0461,43.6523
28.0621,42.9051
28.0781,42.2651
28.0941,41.7291
28.1100,41.2953
28.1298,40.8985
28.1496,40.6584
28.1694,40.5783
28.1891,40.6647
28.2089,40.9272
28.2287,41.3795
28.2485,42.0394
28.2683,42.9301
28.2784,43.4875
28.2886,44.1190
28.2987,44.8303
28.3089,45.6275
28.3190,46.5196
28.3292,47.5140
28.3394,48.6227
28.3495,49.8557
28.3597,51.2296
28.3698,52.7598
28.3800,54.4659
28.3901,56.3695
28.4003,58.5024
28.4104,60.8938
28.4206,63.5893
28.4308,66.6326
28.4389,69.3625
28.4470,72.3875
28.4551,75.7574
28.4633,79.5132
28.4714,83.7215
28.4795,88.4387
28.4876,93.7533
28.4958,99.7410
28.5013,104.310
28.5069,109.286
28.5125,114.708
28.5181,120.609
28.5237,127.058
28.5293,134.083
28.5349,141.762
28.5404,150.126
28.5460,159.268
28.5516,169.237
28.5572,180.102
28.5628,191.912
28.5684,204.783
28.5740,218.744
28.5796,233.922
28.5851,250.337
28.5917,271.524
28.5983,294.677
28.6049,319.944
28.6115,347.432
28.6181,377.235
28.6247,409.431
28.6313,444.080
28.6379,481.214
28.6435,514.614
28.6491,549.789
28.6547,586.706
28.6603,625.242
28.6659,665.464
28.6715,707.133
28.6771,750.282
28.6826,794.616
28.6918,869.524
28.7009,946.521
28.7192,1102.60
28.7304,1196.06
28.7415,1284.95
28.7527,1366.78
28.7639,1439.05
28.7709,1478.46
28.7779,1512.61
28.7849,1541.13
28.7919,1563.56
28.7969,1575.65
28.8019,1584.43
28.8068,1589.85
28.8118,1591.87
28.8168,1590.48
28.8249,1580.93
28.8330,1562.57
28.8411,1535.72
28.8492,1500.95
28.8552,1470.49
28.8612,1436.35
28.8672,1398.84
28.8732,1358.33
28.8850,1271.12
28.8968,1176.74
28.9059,1100.74
28.9150,1023.52
28.9333,870.257
28.9451,775.004
28.9510,729.289
28.9569,685.058
28.9628,642.456
28.9687,601.597
28.9746,562.570
28.9805,525.438
28.9864,490.181
28.9923,456.936
28.9982,425.639
29.0041,396.270
29.0100,368.748
29.0159,343.116
29.0218,319.266
29.0277,297.130
29.0333,277.500
29.0390,259.325
29.0446,242.496
29.0502,226.937
29.0559,212.547
29.0615,199.302
29.0671,187.101
29.0728,175.869
29.0784,165.519
29.0840,156.019
29.0897,147.286
29.0953,139.257
29.1009,131.863
29.1066,125.074
29.1122,118.827
29.1178,113.075
29.1237,107.520
29.1296,102.425
29.1355,97.7353
29.1414,93.4144
29.1473,89.4201
29.1532,85.7344
29.1591,82.3215
29.1650,79.1557
29.1709,76.2090
29.1768,73.4704
29.1827,70.9160
29.1886,68.5291
29.1945,66.2945
29.2004,64.1987
29.2063,62.2298
29.2122,60.3768
29.2219,57.5682
29.2316,55.0076
29.2412,52.6640
29.2509,50.5132
29.2605,48.5286
29.2702,46.6936
29.2799,44.9920
29.2895,43.4115
29.2992,41.9370
29.3088,40.5595
29.3185,39.2701
29.3281,38.0620
29.3378,36.9257
29.3474,35.8573
29.3571,34.8490
29.3668,33.8981
29.3786,32.8044
29.3904,31.7821
29.4022,30.8231
29.4140,29.9234
29.4258,29.0766
29.4376,28.2797
29.4612,26.8178
29.4848,25.5095
29.5084,24.3341
29.5320,23.2724
29.5556,22.3105
29.5739,21.6267
29.5921,20.9902
29.6103,20.3963
29.6286,19.8410
29.6468,19.3211
29.6651,18.8335
29.6833,18.3755
29.7015,17.9448
29.7380,17.1570
29.7745,16.4557
29.8110,15.8292
29.8475,15.2682
29.8704,14.9459
29.8933,14.6449
29.9390,14.1010
29.9848,13.6268
30.0306,13.2155
30.0764,12.8619
30.1222,12.5627
30.1680,12.3161
30.2138,12.1223
30.2467,12.0167
30.2845,11.9322
30.3222,11.8904
30.3600,11.8962
30.3788,11.9192
30.3977,11.9570
30.4166,12.0112
30.4354,12.0833
30.4543,12.1754
30.4732,12.2899
30.4921,12.4297
30.5109,12.5983
30.5298,12.8000
30.5487,13.0402
30.5699,13.3647
30.5805,13.5521
30.5911,13.7585
30.6017,13.9864
30.6124,14.2380
30.6230,14.5165
30.6336,14.8251
30.6442,15.1685
30.6548,15.5511
30.6654,15.9796
30.6760,16.4605
30.6867,17.0036
30.6973,17.6187
30.7079,18.3202
30.7185,19.1230
30.7247,19.6426
30.7308,20.2065
30.7369,20.8215
30.7431,21.4913
30.7492,22.2241
30.7554,23.0247
30.7615,23.9031
30.7677,24.8651
30.7738,25.9231
30.7800,27.0840
30.7861,28.3626
30.7922,29.7671
30.7984,31.3153
30.8045,33.0161
30.8107,34.8905
30.8168,36.9485
30.8216,38.6793
30.8263,40.5401
30.8311,42.5394
30.8358,44.6859
30.8406,46.9885
30.8453,49.4563
30.8501,52.0982
30.8548,54.9173
30.8596,57.9344
30.8643,61.1525
30.8691,64.5802
30.8738,68.2177
30.8786,72.0880
30.8833,76.1907
30.8881,80.5321
30.8928,85.1078
30.8989,91.4140
30.9051,98.1322
30.9112,105.287
30.9174,112.855
30.9235,120.853
30.9297,129.245
30.9358,138.043
30.9420,147.194
30.9475,155.821
30.9531,164.703
30.9587,173.810
30.9643,183.091
30.9755,202.078
30.9866,221.306
30.9989,242.245
31.0112,262.361
31.0235,281.010
31.0297,289.588
31.0358,297.547
31.0455,308.687
31.0552,317.876
31.0608,322.254
31.0665,325.844
31.0721,328.629
31.0778,330.575
31.0873,331.928
31.0944,331.343
31.1016,329.401
31.1089,326.003
31.1163,321.241
31.1236,315.185
31.1309,307.933
31.1387,299.085
31.1464,289.147
31.1542,278.267
31.1619,266.618
31.1697,254.330
31.1774,241.596
31.1929,215.357
31.2084,189.063
31.2162,176.226
31.2239,163.754
31.2313,152.240
31.2387,141.206
31.2461,130.687
31.2535,120.723
31.2609,111.327
31.2683,102.541
31.2757,94.3568
31.2830,86.7717
31.2869,83.0256
31.2908,79.4484
31.2947,76.0188
31.2985,72.7514
31.3024,69.6258
31.3063,66.6542
31.3102,63.8246
31.3140,61.1325
31.3179,58.5671
31.3218,56.1371
31.3257,53.8311
31.3295,51.6444
31.3334,49.5669
31.3373,47.6047
31.3411,45.7474
31.3450,43.9904
31.3517,41.1760
31.3584,38.6239
31.3651,36.3116
31.3718,34.2178
31.3785,32.3221
31.3852,30.6057
31.3918,29.0512
31.3985,27.6421
31.4052,26.3639
31.4119,25.2028
31.4186,24.1467
31.4253,23.1845
31.4320,22.3062
31.4387,21.5028
31.4454,20.7665
31.4521,20.0900
31.4598,19.3730
31.4676,18.7193
31.4753,18.1215
31.4830,17.5736
31.4908,17.0688
31.4985,16.6034
31.5063,16.1720
31.5140,15.7720
31.5218,15.3993
31.5295,15.0520
31.5450,14.4226
31.5605,13.8679
31.5760,13.3753
31.5915,12.9350
31.6070,12.5398
31.6225,12.1832
31.6380,11.8601
31.6535,11.5661
31.6689,11.2980
31.6844,11.0528
31.6999,10.8280
31.7154,10.6214
31.7309,10.4313
31.7464,10.2561
31.7619,10.0944
31.7929,9.80720
31.8239,9.56206
31.8492,9.38866
31.8746,9.23705
31.8999,9.10527
31.9253,8.99181
31.9506,8.89550
31.9760,8.81549
32.0013,8.75126
32.0267,8.70253
32.0576,8.66405
32.0886,8.64934
32.1196,8.65962
32.1506,8.69688
32.1816,8.76406
32.2126,8.86516
32.2436,9.00575
32.2590,9.09307
32.2745,9.19326
32.2985,9.37677
32.3224,9.60059
32.3344,9.73011
32.3464,9.87300
32.3583,10.0307
32.3703,10.2049
32.3823,10.3978
32.3943,10.6113
32.4062,10.8485
32.4182,11.1125
32.4302,11.4075
32.4421,11.7382
32.4541,12.1108
32.4661,12.5324
32.4735,12.8236
32.4810,13.1399
32.4884,13.4844
32.4959,13.8606
32.5033,14.2723
32.5108,14.7242
32.5182,15.2214
32.5257,15.7701
32.5331,16.3769
32.5406,17.0498
32.5480,17.7977
32.5555,18.6305
32.5629,19.5596
32.5704,20.5977
32.5778,21.7591
32.5853,23.0595
32.5908,24.1329
32.5964,25.2993
32.6020,26.5714
32.6075,27.9533
32.6131,29.4594
32.6187,31.0940
32.6242,32.8699
32.6298,34.7977
32.6354,36.8920
32.6409,39.1565
32.6465,41.6058
32.6520,44.2513
32.6576,47.1093
32.6632,50.1803
32.6687,53.4798
32.6743,57.0175
32.6804,61.1977
32.6865,65.6883
32.6926,70.4982
32.6988,75.6343
32.7049,81.1009
32.7110,86.8995
32.7171,93.0286
32.7232,99.4830
32.7294,106.254
32.7355,113.328
32.7416,120.688
32.7477,128.312
32.7538,136.173
32.7600,144.241
32.7661,152.479
32.7722,160.833
32.7822,174.694
32.7922,188.563
32.8045,205.161
32.8167,220.919
32.8289,235.372
32.8351,241.952
32.8412,248.025
32.8503,256.033
32.8595,262.619
32.8648,265.771
32.8702,268.367
32.8755,270.386
32.8809,271.813
32.8904,272.866
32.8975,272.400
32.9047,270.867
32.9121,268.128
32.9196,264.273
32.9271,259.359
32.9346,253.465
32.9431,245.656
32.9516,236.814
32.9602,227.090
32.9687,216.657
32.9772,205.654
32.9857,194.272
32.9942,182.658
33.0027,170.963
33.0198,147.856
33.0283,136.699
33.0368,125.951
33.0442,117.036
33.0515,108.529
33.0589,100.448
33.0662,92.8153
33.0736,85.6356
33.0809,78.9347
33.0883,72.7021
33.0956,66.9313
33.0999,63.7937
33.1041,60.8046
33.1084,57.9607
33.1127,55.2583
33.1169,52.6934
33.1212,50.2617
33.1254,47.9589
33.1297,45.7852
33.1339,43.7257
33.1382,41.7808
33.1425,39.9457
33.1467,38.2193
33.1510,36.5887
33.1552,35.0533
33.1595,33.6082
33.1637,32.2519
33.1707,30.2004
33.1777,28.3469
33.1847,26.6730
33.1916,25.1637
33.1986,23.7986
33.2055,22.5669
33.2125,21.4516
33.2195,20.4434
33.2264,19.5283
33.2334,18.6975
33.2404,17.9419
33.2473,17.2543
33.2543,16.6253
33.2613,16.0504
33.2682,15.5220
33.2752,15.0367
33.2837,14.4935
33.2922,13.9997
33.3008,13.5491
33.3093,13.1369
33.3178,12.7577
33.3263,12.4085
33.3348,12.0852
33.3433,11.7856
33.3519,11.5066
33.3604,11.2467
33.3774,10.7759
33.3944,10.3611
33.4115,9.99282
33.4277,9.67790
33.4440,9.39363
33.4602,9.13585
33.4765,8.90126
33.4927,8.68672
33.5090,8.49009
33.5253,8.30912
33.5415,8.14229
33.5578,7.98791
33.5740,7.84490
33.6065,7.58831
33.6390,7.36523
33.6715,7.17000
33.6963,7.03714
33.7211,6.91633
33.7459,6.80615
33.7706,6.70549
33.8202,6.52893
33.8697,6.38054
33.9193,6.25589
33.9688,6.15185
34.0183,6.06611
34.0679,5.99711
34.1286,5.93403
34.1894,5.89422
34.2502,5.87849
34.3109,5.88909
34.3413,5.90549
34.3717,5.93025
34.4021,5.96433
34.4324,6.00897
34.4628,6.06576
34.4932,6.13672
34.5236,6.22444
34.5539,6.33226
34.5816,6.45151
34.6092,6.59548
34.6368,6.77004
34.6506,6.87120
34.6644,6.98323
34.6782,7.10768
34.6920,7.24638
34.7058,7.40157
34.7197,7.57604
34.7335,7.77322
34.7473,7.99748
34.7611,8.25431
34.7749,8.55053
34.7824,8.73222
34.7900,8.92987
34.7975,9.14574
34.8050,9.38215
34.8126,9.64212
34.8201,9.92801
34.8276,10.2436
34.8351,10.5929
34.8427,10.9809
34.8502,11.4116
34.8577,11.8911
34.8653,12.4260
34.8728,13.0240
34.8803,13.6915
34.8879,14.4379
34.8954,15.2726
34.9011,15.9630
34.9067,16.7134
34.9124,17.5288
34.9180,18.4140
34.9237,19.3745
34.9293,20.4155
34.9350,21.5425
34.9406,22.7590
34.9462,24.0749
34.9519,25.4936
34.9575,27.0207
34.9632,28.6616
34.9688,30.4212
34.9745,32.3043
34.9801,34.3153
34.9858,36.4541
34.9927,39.2578
34.9996,42.2627
35.0065,45.4800
35.0134,48.9002
35.0203,52.5308
35.0272,56.3560
35.0341,60.3786
35.0410,64.5753
35.0523,71.7963
35.0636,79.3729
35.0749,87.1945
35.0862,95.1199
35.1000,104.738
35.1138,113.968
35.1276,122.491
35.1345,126.382
35.1414,129.965
35.1508,134.254
35.1601,137.840
35.1689,140.538
35.1778,142.480
35.1861,143.578
35.1944,143.966
35.2039,143.538
35.2133,142.191
35.2202,140.644
35.2271,138.645
35.2340,136.216
35.2409,133.382
35.2488,129.658
35.2568,125.495
35.2647,120.950
35.2726,116.086
35.2885,105.654
35.3044,94.7018
35.3232,81.7266
35.3325,75.4267
35.3419,69.3417
35.3499,64.3998
35.3578,59.6779
35.3657,55.1967
35.3737,50.9712
35.3816,47.0110
35.3896,43.3208
35.3975,39.9009
35.4054,36.7516
35.4105,34.8782
35.4155,33.1115
35.4206,31.4450
35.4256,29.8757
35.4307,28.3974
35.4358,27.0126
35.4408,25.7144
35.4459,24.4991
35.4509,23.3607
35.4560,22.2997
35.4610,21.3098
35.4661,20.3873
35.4711,19.5283
35.4762,18.7289
35.4812,17.9856
35.4863,17.2948
35.4942,16.3067
35.5021,15.4273
35.5101,14.6450
35.5180,13.9490
35.5260,13.3296
35.5339,12.7779
35.5418,12.2859
35.5498,11.8471
35.5577,11.4541
35.5657,11.1018
35.5736,10.7855
35.5815,10.5007
35.5895,10.2438
35.5974,10.0115
35.6054,9.80096
35.6133,9.60997
35.6241,9.37644
35.6349,9.17035
35.6458,8.98793
35.6566,8.82622
35.6674,8.68237
35.6782,8.55452
35.6999,8.33957
35.7215,8.17040
35.7432,8.03926
35.7648,7.94053
35.7865,7.87014
35.8183,7.81216
35.8500,7.80272
35.8818,7.83839
35.9135,7.91791
35.9453,8.04204
35.9770,8.21324
36.0088,8.43595
36.0247,8.56859
36.0406,8.71670
36.0680,9.01310
36.0954,9.36773
36.1091,9.57027
36.1228,9.79147
36.1365,10.0334
36.1503,10.2981
36.1640,10.5884
36.1777,10.9068
36.1914,11.2570
36.2051,11.6429
36.2188,12.0698
36.2325,12.5429
36.2462,13.0695
36.2600,13.6582
36.2758,14.4319
36.2838,14.8617
36.2917,15.3242
36.2997,15.8232
36.3076,16.3627
36.3155,16.9476
36.3235,17.5825
36.3314,18.2753
36.3393,19.0327
36.3473,19.8630
36.3552,20.7759
36.3632,21.7824
36.3671,22.3247
36.3711,22.8953
36.3751,23.4961
36.3790,24.1292
36.3830,24.7965
36.3870,25.4987
36.3917,26.3827
36.3964,27.3236
36.4011,28.3279
36.4057,29.4004
36.4104,30.5490
36.4151,31.7744
36.4198,33.0850
36.4245,34.4870
36.4292,35.9906
36.4339,37.5965
36.4386,39.3153
36.4433,41.1549
36.4480,43.1236
36.4527,45.2301
36.4574,47.4834
36.4620,49.8928
36.4660,52.0617
36.4700,54.3554
36.4740,56.7802
36.4779,59.3423
36.4819,62.0482
36.4859,64.9043
36.4898,67.9171
36.4938,71.0848
36.4978,74.4301
36.5017,77.9514
36.5057,81.6552
36.5097,85.5477
36.5136,89.6350
36.5176,93.9228
36.5216,98.4167
36.5255,103.110
36.5299,108.501
36.5342,114.142
36.5385,120.052
36.5429,126.234
36.5472,132.691
36.5515,139.427
36.5559,146.442
36.5602,153.737
36.5642,160.670
36.5681,167.836
36.5761,182.853
36.5840,198.755
36.5920,215.488
36.5999,232.982
36.6078,251.146
36.6158,269.868
36.6237,288.993
36.6396,327.961
36.6555,366.631
36.6713,403.405
36.6793,420.551
36.6872,436.566
36.6952,451.287
36.7031,464.496
36.7099,474.417
36.7166,483.000
36.7234,490.176
36.7301,495.870
36.7400,501.424
36.7499,503.546
36.7549,503.301
36.7629,501.042
36.7710,496.523
36.7791,489.813
36.7871,481.015
36.7944,471.413
36.8016,460.356
36.8089,447.961
36.8161,434.369
36.8234,419.628
36.8307,404.008
36.8453,370.707
36.8599,335.792
36.8745,300.473
36.8877,268.920
36.9010,238.621
36.9076,224.117
36.9143,210.117
36.9209,196.666
36.9275,183.797
36.9348,170.333
36.9421,157.646
36.9494,145.715
36.9567,134.572
36.9640,124.180
36.9713,114.553
36.9786,105.654
36.9859,97.4550
36.9915,91.5731
36.9971,86.0854
37.0028,80.9558
37.0084,76.1850
37.0140,71.7384
37.0197,67.6138
37.0253,63.7787
37.0309,60.2288
37.0366,56.9341
37.0422,53.8893
37.0479,51.0670
37.0535,48.4614
37.0591,46.0480
37.0648,43.8208
37.0704,41.7582
37.0760,39.8544
37.0833,37.5970
37.0906,35.5580
37.0979,33.7093
37.1052,32.0356
37.1125,30.5138
37.1198,29.1315
37.1271,27.8718
37.1344,26.7214
37.1417,25.6670
37.1490,24.7012
37.1563,23.8130
37.1635,22.9943
37.1708,22.2368
37.1781,21.5363
37.1854,20.8859
37.1927,20.2808
37.2047,19.3761
37.2166,18.5653
37.2285,17.8338
37.2405,17.1717
37.2524,16.5690
37.2643,16.0190
37.2763,15.5149
37.2882,15.0516
37.3001,14.6240
37.3121,14.2292
37.3240,13.8635
37.3359,13.5240
37.3598,12.9138
37.3836,12.3828
37.4049,11.9664
37.4261,11.5951
37.4473,11.2629
37.4685,10.9652
37.4897,10.6974
37.5109,10.4564
37.5322,10.2391
37.5534,10.0429
37.5958,9.70579
37.6382,9.43107
37.6807,9.20830
37.7231,9.02953
37.7549,8.92058
37.7867,8.83089
37.8504,8.70261
37.9098,8.63710
37.9693,8.61802
38.0287,8.64159
38.0881,8.70559
38.1475,8.80914
38.2070,8.95260
38.2664,9.13763
38.3258,9.36727
38.3665,9.55242
38.4224,9.84816
38.4783,10.1976
38.5343,10.6096
38.5902,11.0957
38.6181,11.3715
38.6461,11.6721
38.6741,12.0006
38.7020,12.3604
38.7300,12.7557
38.7579,13.1915
38.7859,13.6738
38.8139,14.2098
38.8418,14.8091
38.8698,15.4830
38.8977,16.2457
38.9257,17.1158
38.9397,17.5984
38.9537,18.1175
38.9676,18.6773
38.9816,19.2831
38.9956,19.9408
39.0096,20.6575
39.0236,21.4419
39.0375,22.3046
39.0553,23.5370
39.0642,24.2190
39.0731,24.9509
39.0820,25.7403
39.0909,26.5925
39.0998,27.5178
39.1087,28.5234
39.1176,29.6230
39.1265,30.8269
39.1354,32.1530
39.1443,33.6158
39.1532,35.2389
39.1621,37.0423
39.1710,39.0570
39.1799,41.3096
39.1869,43.2751
39.1939,45.4272
39.2008,47.7899
39.2078,50.3861
39.2148,53.2411
39.2218,56.3821
39.2288,59.8386
39.2358,63.6419
39.2428,67.8255
39.2498,72.4247
39.2568,77.4763
39.2638,83.0186
39.2707,89.0911
39.2777,95.7335
39.2847,102.986
39.2917,110.888
39.2993,120.300
39.3070,130.564
39.3146,141.751
39.3222,153.868
39.3298,166.978
39.3375,181.066
39.3451,196.163
39.3527,212.265
39.3597,227.933
39.3667,244.391
39.3737,261.630
39.3807,279.602
39.3877,298.250
39.3947,317.502
39.4086,357.468
39.4264,409.982
39.4442,462.330
39.4582,501.715
39.4652,520.376
39.4722,538.128
39.4792,554.808
39.4862,570.258
39.4931,584.327
39.5001,596.858
39.5081,609.137
39.5160,619.113
39.5240,626.652
39.5320,631.645
39.5392,633.937
39.5441,634.233
39.5514,632.817
39.5587,629.187
39.5660,623.385
39.5734,615.478
39.5839,600.613
39.5944,581.962
39.6032,563.628
39.6120,543.220
39.6209,521.005
39.6297,497.360
39.6434,458.728
39.6570,418.641
39.6658,392.451
39.6747,366.451
39.6835,340.844
39.6923,315.918
39.7012,291.813
39.7100,268.724
39.7189,246.783
39.7233,236.274
39.7277,226.109
39.7337,212.741
39.7397,200.020
39.7458,187.929
39.7518,176.471
39.7578,165.627
39.7638,155.425
39.7699,145.837
39.7759,136.847
39.7815,128.966
39.7871,121.590
39.7927,114.688
39.7984,108.241
39.8040,102.218
39.8096,96.6216
39.8152,91.4193
39.8209,86.5905
39.8265,82.1065
39.8321,77.9626
39.8377,74.1302
39.8433,70.5895
39.8490,67.3157
39.8546,64.3018
39.8602,61.5239
39.8658,58.9650
39.8703,57.0958
39.8747,55.3445
39.8835,52.1675
39.8924,49.3808
39.9012,46.9391
39.9100,44.7940
39.9189,42.9125
39.9277,41.2571
39.9365,39.8021
39.9454,38.5187
39.9542,37.3878
39.9630,36.3877
39.9719,35.5040
39.9807,34.7206
39.9895,34.0271
39.9984,33.4115
40.0072,32.8661
40.0177,32.2999
40.0281,31.8101
40.0490,31.0230
40.0699,30.4479
40.0907,30.0446
40.1116,29.7837
40.1325,29.6439
40.1534,29.6087
40.1743,29.6657
40.2096,29.9462
40.2449,30.4305
40.2803,31.0970
40.3156,31.9323
40.3510,32.9288
40.3863,34.0838
40.4216,35.3982
40.4570,36.8761
40.4923,38.5253
40.5277,40.3548
40.5630,42.3781
40.5807,43.4673
40.5984,44.6112
40.6160,45.8122
40.6337,47.0731
40.6514,48.3969
40.6690,49.7868
40.6867,51.2464
40.7044,52.7794
40.7220,54.3900
40.7397,56.0827
40.7574,57.8623
40.7751,59.7341
40.7927,61.7038
40.8104,63.7777
40.8281,65.9625
40.8457,68.2656
40.8634,70.6949
40.8811,73.2593
40.8987,75.9683
40.9164,78.8322
40.9341,81.8626
40.9518,85.0720
40.9694,88.4741
40.9871,92.0841
41.0048,95.9188
41.0224,99.9966
41.0465,105.988
41.0706,112.526
41.0947,119.685
41.1188,127.538
41.1309,131.756
41.1429,136.185
41.1550,140.838
41.1670,145.727
41.1791,150.877
41.1911,156.301
41.2032,162.021
41.2152,168.053
41.2361,179.364
41.2466,185.446
41.2570,191.842
41.2675,198.572
41.2780,205.662
41.2884,213.138
41.2989,221.030
41.3093,229.368
41.3198,238.189
41.3303,247.532
41.3407,257.439
41.3512,267.960
41.3616,279.148
41.3721,291.062
41.3826,303.770
41.3967,322.386
41.4109,342.800
41.4251,365.295
41.4392,390.143
41.4463,403.585
41.4534,417.742
41.4605,432.690
41.4676,448.489
41.4746,465.210
41.4817,482.927
41.4888,501.723
41.4959,521.689
41.5030,542.955
41.5100,565.572
41.5171,589.691
41.5242,615.443
41.5313,643.015
41.5384,672.488
41.5455,704.076
41.5525,737.970
41.5596,774.430
41.5667,813.581
41.5738,855.719
41.5809,901.111
41.5879,950.042
41.5950,1002.82
41.6021,1059.78
41.6092,1121.28
41.6150,1175.29
41.6208,1232.71
41.6266,1293.96
41.6324,1359.06
41.6382,1428.48
41.6440,1502.22
41.6498,1580.79
41.6555,1664.17
41.6613,1752.92
41.6671,1846.99
41.6729,1946.95
41.6787,2052.73
41.6845,2164.92
41.6903,2283.39
41.6961,2408.54
41.7019,2540.59
41.7090,2711.95
41.7161,2893.97
41.7231,3087.13
41.7302,3291.59
41.7373,3507.73
41.7444,3734.95
41.7515,3973.41
41.7586,4222.88
41.7656,4483.38
41.7727,4753.67
41.7869,5322.01
41.8010,5921.36
41.8152,6542.44
41.8435,7801.56
41.8577,8410.04
41.8719,8983.06
41.8864,9518.02
41.8937,9759.38
41.9010,9980.10
41.9083,10178.8
41.9156,10353.3
41.9228,10502.2
41.9301,10624.1
41.9365,10708.3
41.9430,10770.1
41.9494,10809.0
41.9558,10824.8
41.9628,10815.6
41.9697,10779.2
41.9767,10715.9
41.9836,10626.5
41.9906,10511.4
41.9976,10371.9
42.0045,10209.1
42.0115,10024.7
42.0236,9656.27
42.0357,9235.42
42.0478,8772.03
42.0599,8276.81
42.0843,7218.84
42.1087,6150.79
42.1210,5633.81
42.1332,5137.04
42.1454,4665.47
42.1576,4222.79
42.1676,3883.78
42.1776,3566.58
42.1876,3271.49
42.1976,2998.72
42.2076,2747.29
42.2126,2629.49
42.2176,2516.82
42.2226,2409.16
42.2276,2306.38
42.2326,2208.35
42.2376,2115.09
42.2437,2006.76
42.2498,1904.96
42.2559,1809.23
42.2621,1719.27
42.2682,1634.80
42.2743,1555.52
42.2804,1481.14
42.2865,1411.40
42.2926,1346.00
42.2987,1284.70
42.3048,1227.24
42.3109,1173.37
42.3170,1122.87
42.3232,1075.51
42.3293,1031.09
42.3354,989.399
42.3415,950.266
42.3476,913.511
42.3537,878.973
42.3598,846.498
42.3659,815.944
42.3720,787.180
42.3781,760.083
42.3843,734.539
42.3904,710.441
42.3965,687.693
42.4087,645.889
42.4209,608.480
42.4331,574.913
42.4454,544.713
42.4576,517.470
42.4698,492.829
42.4820,470.479
42.4942,450.145
42.5065,431.585
42.5187,414.576
42.5309,398.921
42.5442,383.176
42.5576,368.614
42.5711,354.876
42.5846,341.979
42.5981,329.769
42.6116,318.115
42.6277,304.753
42.6492,287.699
42.6708,271.334
42.6852,260.687
42.6996,250.314
42.7141,240.216
42.7285,230.432
42.7458,219.135
42.7631,208.390
42.7805,198.240
42.7978,188.719
42.8151,179.839
42.8324,171.612
42.8498,164.013
42.8671,157.011
42.8854,150.220
42.9036,143.997
42.9219,138.276
42.9402,133.007
42.9585,128.130
42.9768,123.602
42.9951,119.379
43.0133,115.426
43.0316,111.709
43.0499,108.209
43.0682,104.901
43.0865,101.768
43.1230,95.9691
43.1596,90.7178
43.2020,85.2214
43.2443,80.2699
43.2866,75.7894
43.3290,71.7203
43.3713,68.0119
43.4137,64.6241
43.4560,61.5203
43.4983,58.6699
43.5503,55.4814
43.6022,52.5927
43.6541,49.9686
43.7061,47.5797
43.7580,45.4018
43.8099,43.4144
43.8619,41.6000
43.9138,39.9437
43.9698,38.3191
44.0258,36.8495
44.1006,35.1110
44.1379,34.3307
44.1753,33.6070
44.2126,32.9388
44.2500,32.3252
44.3180,31.3471
44.3860,30.5493
44.4200,30.2191
44.4540,29.9361
44.4880,29.7017
44.5220,29.5180
44.5561,29.3872
44.5901,29.3125
44.6241,29.2974
44.6581,29.3464
44.6921,29.4646
44.7261,29.6585
44.7601,29.9357
44.7941,30.3053
44.8282,30.7785
44.8622,31.3682
44.8962,32.0905
44.9302,32.9646
44.9642,34.0138
44.9982,35.2667
45.0322,36.7589
45.0492,37.6084
45.0662,38.5347
45.0894,39.9364
45.1126,41.5177
45.1358,43.3047
45.1474,44.2852
45.1590,45.3286
45.1706,46.4415
45.1822,47.6275
45.1938,48.8947
45.2054,50.2477
45.2170,51.6964
45.2286,53.2467
45.2401,54.9094
45.2517,56.6949
45.2610,58.2213
45.2703,59.8412
45.2796,61.5623
45.2842,62.4634
45.2888,63.3911
45.2935,64.3506
45.2981,65.3413
45.3028,66.3645
45.3074,67.4194
45.3120,68.5121
45.3167,69.6421
45.3213,70.8110
45.3259,72.0183
45.3306,73.2710
45.3352,74.5687
45.3399,75.9138
45.3445,77.3056
45.3507,79.2484
45.3569,81.2878
45.3631,83.4378
45.3692,85.6995
45.3754,88.0890
45.3816,90.6085
45.3878,93.2723
45.3940,96.0922
45.3982,98.1335
45.4025,100.255
45.4067,102.465
45.4110,104.770
45.4152,107.176
45.4195,109.687
45.4237,112.311
45.4280,115.054
45.4322,117.931
45.4365,120.935
45.4407,124.082
45.4450,127.380
45.4492,130.839
45.4535,134.469
45.4577,138.281
45.4620,142.285
45.4659,146.109
45.4697,150.103
45.4736,154.296
45.4774,158.678
45.4813,163.284
45.4852,168.100
45.4890,173.165
45.4929,178.466
45.4968,184.043
45.5006,189.884
45.5045,196.032
45.5084,202.473
45.5122,209.256
45.5161,216.364
45.5200,223.852
45.5238,231.700
45.5281,240.825
45.5323,250.440
45.5366,260.593
45.5408,271.314
45.5451,282.634
45.5493,294.585
45.5536,307.198
45.5578,320.508
45.5621,334.582
45.5663,349.390
45.5706,365.001
45.5748,381.449
45.5791,398.774
45.5833,417.012
45.5876,436.200
45.5918,456.378
45.5953,473.663
45.5988,491.657
45.6023,510.381
45.6058,529.855
45.6092,550.100
45.6127,571.133
45.6162,592.976
45.6197,615.579
45.6232,639.091
45.6266,663.466
45.6336,714.788
45.6405,769.811
45.6475,828.474
45.6518,866.302
45.6560,905.473
45.6603,946.084
45.6645,988.137
45.6730,1076.57
45.6815,1170.70
45.6900,1270.51
45.6985,1375.50
45.7070,1485.58
45.7155,1600.04
45.7240,1718.56
45.7325,1840.21
45.7495,2090.04
45.7665,2342.19
45.7835,2587.87
45.7920,2705.43
45.8005,2817.57
45.8091,2923.33
45.8176,3021.26
45.8258,3108.24
45.8341,3185.82
45.8424,3253.09
45.8507,3309.20
45.8581,3349.35
45.8655,3379.76
45.8728,3400.26
45.8802,3410.60
45.8832,3411.88
45.8927,3404.81
45.9023,3380.75
45.9119,3340.17
45.9214,3283.88
45.9340,3187.89
45.9465,3069.37
45.9545,2983.50
45.9625,2890.88
45.9705,2792.27
45.9785,2688.93
45.9902,2530.57
46.0019,2367.15
46.0254,2037.14
46.0371,1875.95
46.0489,1720.35
46.0606,1572.20
46.0723,1433.08
46.0819,1326.53
46.0915,1227.13
46.1011,1135.16
46.1107,1050.88
46.1155,1011.57
46.1203,974.163
46.1251,938.666
46.1299,905.131
46.1347,873.400
46.1395,843.529
46.1443,815.493
46.1491,789.321
46.1544,762.238
46.1598,737.370
46.1651,714.624
46.1704,693.962
46.1757,675.341
46.1811,658.723
46.1864,644.068
46.1917,631.340
46.1971,620.503
46.2024,611.523
46.2077,604.371
46.2131,599.016
46.2184,595.434
46.2237,593.601
46.2290,593.497
46.2344,595.103
46.2402,598.833
46.2461,604.587
46.2520,612.371
46.2578,622.144
46.2637,633.928
46.2696,647.669
46.2754,663.404
46.2813,681.065
46.2872,700.700
46.2930,722.223
46.2989,745.688
46.3048,770.989
46.3106,798.182
46.3165,827.137
46.3223,857.854
46.3282,890.282
46.3346,927.578
46.3410,966.748
46.3538,1050.19
46.3666,1139.70
46.3794,1233.82
46.4263,1591.33
46.4380,1675.69
46.4498,1754.52
46.4615,1826.22
46.4732,1889.04
46.4842,1938.80
46.4953,1978.29
46.5063,2006.66
46.5173,2023.28
46.5275,2027.81
46.5309,2026.99
46.5419,2016.30
46.5530,1993.48
46.5640,1959.00
46.5750,1913.56
46.5853,1862.07
46.5956,1802.78
46.6059,1736.64
46.6162,1664.71
46.6267,1586.44
46.6371,1504.62
46.6581,1334.85
46.6791,1164.24
46.6896,1081.13
46.7001,1000.52
46.7092,933.345
46.7182,868.946
46.7273,807.515
46.7363,749.254
46.7454,694.242
46.7545,642.679
46.7635,594.525
46.7726,549.758
46.7778,525.343
46.7831,502.027
46.7883,479.787
46.7936,458.639
46.7988,438.475
46.8041,419.343
46.8093,401.139
46.8146,383.900
46.8198,367.526
46.8251,352.017
46.8303,337.337
46.8356,323.477
46.8408,310.348
46.8460,297.966
46.8513,286.249
46.8565,275.206
46.8642,260.206
46.8718,246.437
46.8794,233.783
46.8871,222.155
46.8947,211.464
46.9023,201.632
46.9100,192.583
46.9176,184.247
46.9252,176.551
46.9329,169.454
46.9405,162.893
46.9481,156.818
46.9557,151.185
46.9634,145.951
46.9710,141.080
46.9786,136.540
46.9891,130.775
46.9996,125.514
47.0101,120.691
47.0206,116.255
47.0311,112.157
47.0416,108.367
47.0521,104.847
47.0626,101.569
47.0731,98.5050
47.0836,95.6399
47.0941,92.9515
47.1045,90.4235
47.1150,88.0392
47.1255,85.7904
47.1465,81.6488
47.1627,78.7336
47.1790,76.0367
47.1952,73.5341
47.2114,71.2063
47.2276,69.0329
47.2438,67.0011
47.2600,65.0950
47.2762,63.3054
47.2925,61.6196
47.3087,60.0308
47.3249,58.5289
47.3411,57.1086
47.3735,54.4842
47.4060,52.1142
47.4327,50.3278
47.4594,48.6739
47.4861,47.1376
47.5128,45.7067
47.5395,44.3702
47.5662,43.1198
47.5929,41.9470
47.6196,40.8446
47.6463,39.8059
47.6730,38.8264
47.6997,37.9005
47.7264,37.0241
47.7798,35.4039
47.8332,33.9397
47.8652,33.1291
47.8971,32.3626
47.9290,31.6364
47.9610,30.9477
48.0249,29.6708
48.0888,28.5124
48.1527,27.4566
48.2165,26.4901
48.2804,25.6020
48.3443,24.7830
48.4178,23.9167
48.4912,23.1214
48.5646,22.3889
48.6381,21.7122
48.7115,21.0856
48.7850,20.5043
48.8584,19.9640
48.9318,19.4615
48.9852,19.1180
49.0386,18.7921
49.0921,18.4828
49.1455,18.1898
49.1989,17.9123
49.2523,17.6502
49.3057,17.4033
49.3591,17.1714
49.4325,16.8776
49.5060,16.6136
49.5794,16.3813
49.6529,16.1838
49.6896,16.0994
49.7263,16.0255
49.7630,15.9629
49.7997,15.9127
49.8365,15.8762
49.8732,15.8548
49.9099,15.8504
49.9466,15.8653
49.9733,15.8897
50.0000,15.9269
50.0416,16.0139
50.0832,16.1422
50.1041,16.2244
50.1249,16.3203
50.1457,16.4312
50.1665,16.5589
50.1873,16.7053
50.2081,16.8726
50.2289,17.0634
50.2497,17.2807
50.2705,17.5282
50.2913,17.8101
50.3121,18.1315
50.3329,18.4983
50.3537,18.9185
50.3746,19.4013
50.3954,19.9582
50.4162,20.6040
50.4266,20.9666
50.4370,21.3588
50.4474,21.7850
50.4578,22.2482
50.4682,22.7541
50.4786,23.3071
50.4890,23.9141
50.4994,24.5826
50.5089,25.2517
50.5183,25.9869
50.5278,26.7974
50.5372,27.6937
50.5467,28.6882
50.5562,29.7952
50.5656,31.0312
50.5751,32.4139
50.5845,33.9680
50.5940,35.7173
50.6034,37.6905
50.6129,39.9177
50.6176,41.1398
50.6224,42.4401
50.6271,43.8238
50.6318,45.2966
50.6365,46.8642
50.6413,48.5329
50.6460,50.3090
50.6507,52.1953
50.6559,54.4178
50.6611,56.7925
50.6663,59.3338
50.6715,62.0521
50.6767,64.9643
50.6819,68.0704
50.6871,71.3875
50.6923,74.9274
50.6976,78.7099
50.7028,82.7326
50.7080,87.0151
50.7132,91.5698
50.7184,96.4091
50.7236,101.545
50.7288,106.991
50.7340,112.757
50.7392,118.867
50.7444,125.310
50.7496,132.106
50.7548,139.265
50.7600,146.810
50.7652,154.721
50.7704,163.017
50.7756,171.705
50.7808,180.805
50.7860,190.285
50.7912,200.163
50.7964,210.437
50.8016,221.105
50.8068,232.161
50.8120,243.598
50.8172,255.406
50.8257,275.525
50.8342,296.517
50.8427,318.323
50.8512,340.843
50.8598,363.986
50.8683,387.563
50.8768,411.451
50.8853,435.488
50.9061,493.745
50.9165,521.979
50.9269,549.123
50.9373,574.802
50.9477,598.708
50.9581,620.530
50.9685,639.992
50.9796,657.913
50.9907,672.653
50.9994,681.818
51.0080,688.929
51.0179,694.529
51.0253,696.973
51.0327,697.943
51.0401,697.484
51.0475,695.653
51.0613,688.844
51.0750,678.058
51.0887,663.870
51.1025,646.933
51.1162,627.866
51.1300,607.279
51.1474,579.654
51.1749,534.935
51.1949,502.435
51.2158,468.936
51.2313,444.270
51.2457,421.643
51.2673,387.795
51.2923,348.431
51.3151,312.600
51.3462,264.385
51.3690,230.324
51.3804,213.963
51.3917,198.189
51.4063,179.056
51.4135,169.944
51.4208,161.152
51.4280,152.692
51.4353,144.575
51.4425,136.810
51.4498,129.401
51.4555,123.828
51.4612,118.478
51.4669,113.350
51.4726,108.442
51.4783,103.752
51.4840,99.2781
51.4897,95.0154
51.4953,90.9669
51.5010,87.1135
51.5067,83.4570
51.5124,79.9918
51.5181,76.7173
51.5238,73.6154
51.5295,70.6854
51.5352,67.9204
51.5409,65.3179
51.5487,62.0056
51.5565,58.9560
51.5642,56.1512
51.5720,53.5738
51.5798,51.2069
51.5875,49.0341
51.5953,47.0398
51.6031,45.2092
51.6109,43.5281
51.6186,41.9836
51.6264,40.5634
51.6342,39.2560
51.6419,38.0511
51.6497,36.9390
51.6575,35.9109
51.6652,34.9600
51.6772,33.6305
51.6891,32.4406
51.7010,31.3695
51.7129,30.4003
51.7248,29.5190
51.7367,28.7137
51.7486,27.9743
51.7605,27.2924
51.7724,26.6609
51.7843,26.0739
51.7963,25.5263
51.8082,25.0139
51.8201,24.5329
51.8320,24.0803
51.8558,23.2498
51.8713,22.7553
51.8869,22.2934
51.9024,21.8605
51.9179,21.4538
51.9334,21.0707
51.9489,20.7094
51.9800,20.0443
52.0110,19.4457
52.0421,18.9039
52.0731,18.4107
52.1042,17.9596
52.1326,17.5783
52.1611,17.2242
52.1895,16.8944
52.2180,16.5865
52.2464,16.2979
52.2749,16.0268
52.3034,15.7717
52.3318,15.5312
52.3603,15.3037
52.3887,15.0882
52.4456,14.6895
52.5026,14.3280
52.5595,13.9983
52.6060,13.7490
52.6526,13.5160
52.6992,13.2973
52.7457,13.0917
52.7923,12.8976
52.8389,12.7139
52.9320,12.3740
53.0251,12.0654
53.1182,11.7834
53.2114,11.5238
53.3045,11.2836
53.4287,10.9888
53.5529,10.7189
53.6770,10.4702
53.8012,10.2399
53.9254,10.0252
54.0495,9.82403
54.1737,9.63502
54.2979,9.45720
54.4584,9.24242
54.6189,9.04367
54.7794,8.86048
54.9399,8.69253
55.0201,8.61439
55.1003,8.54031
55.1806,8.47047
55.2608,8.40516
55.3411,8.34467
55.4213,8.28943
55.5016,8.23993
55.5818,8.19676
55.6936,8.14865
55.7690,8.12548
55.8443,8.11108
55.9196,8.10682
55.9950,8.11433
56.0703,8.13566
56.1456,8.17340
56.2209,8.23088
56.2586,8.26831
56.2963,8.31238
56.3560,8.39772
56.4157,8.50520
56.4754,8.63927
56.5053,8.71801
56.5352,8.80561
56.5650,8.90309
56.5949,9.01151
56.6248,9.13221
56.6546,9.26658
56.6845,9.41643
56.7144,9.58368
56.7442,9.77081
56.7741,9.98051
56.8067,10.2392
56.8393,10.5341
56.8718,10.8719
56.9044,11.2608
56.9370,11.7114
56.9533,11.9639
56.9696,12.2374
56.9859,12.5341
57.0022,12.8569
57.0185,13.2093
57.0347,13.5951
57.0476,13.9275
57.0605,14.2868
57.0734,14.6762
57.0863,15.0995
57.0992,15.5619
57.1121,16.0684
57.1250,16.6266
57.1379,17.2439
57.1508,17.9313
57.1637,18.7004
57.1766,19.5662
57.1895,20.5458
57.2024,21.6628
57.2089,22.2806
57.2153,22.9419
57.2217,23.6529
57.2282,24.4171
57.2346,25.2396
57.2411,26.1244
57.2486,27.2380
57.2560,28.4551
57.2635,29.7866
57.2710,31.2427
57.2784,32.8402
57.2859,34.5891
57.2934,36.5095
57.3008,38.6126
57.3083,40.9218
57.3158,43.4531
57.3232,46.2263
57.3270,47.7082
57.3307,49.2582
57.3344,50.8837
57.3382,52.5787
57.3419,54.3503
57.3456,56.2014
57.3494,58.1403
57.3531,60.1594
57.3568,62.2669
57.3605,64.4657
57.3653,67.4092
57.3701,70.5058
57.3748,73.7677
57.3796,77.2011
57.3843,80.8120
57.3891,84.6061
57.3938,88.5892
57.3986,92.7668
57.4033,97.1534
57.4081,101.736
57.4128,106.527
57.4176,111.532
57.4223,116.753
57.4271,122.195
57.4318,127.859
57.4366,133.748
57.4434,142.559
57.4501,151.833
57.4576,162.568
57.4651,173.838
57.4725,185.660
57.4800,197.983
57.4875,210.814
57.4949,224.105
57.5024,237.816
57.5099,251.882
57.5173,266.289
57.5248,280.937
57.5397,310.765
57.5696,370.277
57.5845,398.519
57.5995,424.748
57.6097,441.103
57.6198,455.925
57.6273,465.711
57.6348,474.477
57.6450,484.735
57.6552,492.815
57.6620,496.905
57.6688,499.961
57.6755,501.964
57.6823,502.902
57.6872,502.914
57.6952,501.734
57.7032,499.089
57.7112,495.011
57.7192,489.546
57.7263,483.517
57.7334,476.482
57.7406,468.480
57.7477,459.596
57.7549,449.820
57.7621,439.302
57.7765,416.325
57.7850,401.744
57.7934,386.599
57.8104,355.200
57.8248,328.113
57.8391,301.250
57.8535,275.151
57.8679,250.298
57.8822,227.072
57.8894,216.184
57.8966,205.818
57.9038,195.985
57.9110,186.737
57.9181,178.076
57.9253,170.017
57.9325,162.561
57.9397,155.736
57.9469,149.537
57.9541,143.969
57.9612,139.028
57.9684,134.731
57.9756,131.070
57.9828,128.050
57.9900,125.671
57.9936,124.726
57.9972,123.943
58.0007,123.324
58.0043,122.869
58.0079,122.580
58.0115,122.458
58.0151,122.504
58.0187,122.720
58.0223,123.108
58.0259,123.669
58.0295,124.406
58.0331,125.322
58.0367,126.418
58.0402,127.697
58.0455,129.896
58.0507,132.496
58.0559,135.517
58.0611,138.961
58.0664,142.854
58.0716,147.195
58.0768,152.005
58.0820,157.302
58.0853,160.875
58.0886,164.638
58.0918,168.618
58.0951,172.795
58.0984,177.199
58.1016,181.809
58.1049,186.641
58.1081,191.701
58.1117,197.560
58.1153,203.691
58.1189,210.116
58.1225,216.844
58.1261,223.879
58.1297,231.229
58.1333,238.900
58.1369,246.898
58.1405,255.253
58.1441,263.925
58.1477,272.943
58.1512,282.311
58.1548,292.063
58.1584,302.150
58.1620,312.603
58.1656,323.427
58.1728,346.203
58.1800,370.503
58.1872,396.347
58.1943,423.744
58.2015,452.693
58.2087,483.180
58.2159,515.181
58.2231,548.655
58.2302,583.598
58.2374,619.844
58.2446,657.406
58.2518,696.080
58.2590,735.852
58.2662,776.477
58.2805,859.824
58.2949,944.830
58.3093,1029.74
58.3236,1112.86
58.3380,1192.14
58.3523,1265.66
58.3667,1331.45
58.3812,1388.07
58.3884,1412.22
58.3956,1433.36
58.4037,1453.31
58.4119,1469.07
58.4200,1480.49
58.4281,1487.45
58.4335,1489.60
58.4389,1489.73
58.4477,1485.65
58.4565,1476.32
58.4653,1461.84
58.4741,1442.42
58.4851,1411.55
58.4961,1373.92
58.5038,1343.80
58.5115,1310.91
58.5268,1237.97
58.5374,1183.19
58.5480,1125.61
58.5586,1065.98
58.5692,1005.05
58.5903,882.096
58.6115,762.107
58.6279,674.019
58.6360,632.040
58.6442,591.633
58.6524,552.910
58.6606,515.957
58.6688,480.835
58.6769,447.621
58.6822,427.081
58.6875,407.370
58.6928,388.445
58.6981,370.300
58.7034,352.927
58.7087,336.315
58.7140,320.450
58.7193,305.318
58.7246,290.874
58.7299,277.155
58.7351,264.113
58.7404,251.728
58.7457,239.977
58.7510,228.839
58.7563,218.291
58.7616,208.310
58.7679,197.198
58.7741,186.825
58.7804,177.118
58.7866,168.071
58.7929,159.618
58.7991,151.749
58.8054,144.416
58.8116,137.584
58.8179,131.211
58.8241,125.286
58.8304,119.760
58.8366,114.622
58.8429,109.828
58.8492,105.369
58.8554,101.213
58.8617,97.3369
58.8670,94.2539
58.8722,91.3505
58.8775,88.6095
58.8828,86.0203
58.8881,83.5684
58.8934,81.2536
58.9040,76.9869
58.9146,73.1487
58.9252,69.6908
58.9357,66.5615
58.9463,63.7195
58.9569,61.1266
58.9675,58.7570
58.9781,56.5814
58.9887,54.5773
58.9992,52.7232
59.0098,51.0060
59.0204,49.4091
59.0310,47.9200
59.0425,46.4049
59.0541,44.9943
59.0656,43.6753
59.0772,42.4411
59.0887,41.2817
59.1003,40.1923
59.1118,39.1648
59.1233,38.1958
59.1464,36.4113
59.1695,34.8069
59.1926,33.3571
59.2157,32.0411
59.2369,30.9373
59.2580,29.9203
59.2792,28.9806
59.3004,28.1106
59.3215,27.3023
59.3427,26.5502
59.3639,25.8488
59.3850,25.1939
59.4062,24.5807
59.4274,24.0058
59.4486,23.4661
59.4697,22.9589
59.5120,22.0311
59.5544,21.2050
59.5832,20.6925
59.6121,20.2171
59.6410,19.7749
59.6698,19.3636
59.6987,18.9800
59.7276,18.6224
59.7564,18.2884
59.7853,17.9763
59.8430,17.4111
59.9007,16.9162
59.9585,16.4825
60.0162,16.1033
60.0624,15.8353
60.1085,15.5962
60.1547,15.3840
60.2009,15.1970
60.2471,15.0339
60.2933,14.8935
60.3394,14.7750
60.3856,14.6778
60.4464,14.5813
60.5072,14.5204
60.5679,14.4949
60.6287,14.5054
60.6895,14.5530
60.7503,14.6392
60.8110,14.7664
60.8718,14.9375
60.9367,15.1729
61.0016,15.4684
61.0664,15.8313
61.1313,16.2707
61.1962,16.7981
61.2286,17.0993
61.2610,17.4282
61.2935,17.7876
61.3259,18.1801
61.3583,18.6097
61.3908,19.0803
61.4321,19.7480
61.4733,20.5076
61.4940,20.9292
61.5146,21.3840
61.5353,21.8777
61.5559,22.4171
61.5765,23.0112
61.5972,23.6708
61.6178,24.4090
61.6385,25.2415
61.6591,26.1858
61.6694,26.7058
61.6797,27.2611
61.6901,27.8540
61.7004,28.4871
61.7107,29.1625
61.7210,29.8823
61.7395,31.2840
61.7579,32.8405
61.7763,34.5547
61.7947,36.4230
61.8132,38.4346
61.8316,40.5709
61.8500,42.8054
61.8685,45.1034
61.8965,48.6343
61.9245,52.0748
61.9407,53.9695
61.9569,55.7650
61.9746,57.5912
61.9923,59.2678
61.9946,59.4794
62.0040,60.3001
62.0134,61.0806
62.0322,62.5334
62.0492,63.7499
62.0663,64.9072
62.0926,66.6812
62.1189,68.6046
62.1360,70.0264
62.1530,71.6527
62.1700,73.5408
62.1870,75.7459
62.2041,78.3223
62.2211,81.3245
62.2381,84.8080
62.2552,88.8322
62.2722,93.4627
62.2892,98.7746
62.2977,101.715
62.3063,104.857
62.3148,108.222
62.3233,111.818
62.3318,115.669
62.3403,119.788
62.3488,124.203
62.3573,128.928
62.3659,134.001
62.3744,139.438
62.3829,145.284
62.3914,151.561
62.3999,158.321
62.4084,165.592
62.4170,173.438
62.4255,181.890
62.4340,191.027
62.4425,200.885
62.4510,211.555
62.4595,223.084
62.4680,235.574
62.4766,249.078
62.4851,263.717
62.4936,279.549
62.5021,296.709
62.5106,315.260
62.5191,335.353
62.5276,357.052
62.5331,371.773
62.5385,387.232
62.5439,403.457
62.5493,420.479
62.5547,438.329
62.5602,457.036
62.5656,476.630
62.5710,497.139
62.5818,541.018
62.5927,588.885
62.6035,640.929
62.6144,697.256
62.6229,744.690
62.6314,794.915
62.6399,847.948
62.6484,903.714
62.6569,962.310
62.6655,1023.54
62.6740,1087.44
62.6825,1153.76
62.6995,1293.21
62.7165,1440.20
62.7506,1746.86
62.7676,1900.42
62.7847,2049.27
62.8017,2189.43
62.8187,2316.91
62.8346,2420.98
62.8505,2507.80
62.8584,2544.03
62.8663,2575.08
62.8743,2600.80
62.8822,2620.98
62.8918,2637.78
62.9013,2646.29
62.9091,2647.08
62.9168,2642.43
62.9246,2632.41
62.9323,2617.15
62.9401,2596.82
62.9478,2571.61
62.9633,2507.61
62.9765,2440.33
62.9897,2363.13
63.0029,2277.74
63.0160,2186.28
63.0293,2090.40
63.0425,1992.47
63.0689,1797.76
63.0821,1704.39
63.0953,1615.69
63.1085,1532.73
63.1218,1456.37
63.1314,1405.31
63.1410,1358.18
63.1506,1315.03
63.1602,1275.89
63.1734,1228.28
63.1866,1187.59
63.1932,1169.62
63.1998,1153.12
63.2064,1137.99
63.2130,1124.14
63.2221,1107.05
63.2311,1091.76
63.2401,1077.97
63.2491,1065.34
63.2563,1055.86
63.2695,1039.33
63.2827,1023.11
63.2903,1013.60
63.2978,1003.78
63.3130,982.624
63.3256,962.854
63.3332,949.928
63.3496,918.871
63.3660,883.395
63.3768,857.570
63.3877,829.955
63.4024,789.631
63.4172,746.744
63.4388,680.495
63.4604,612.249
63.4840,538.153
63.4958,502.108
63.5076,467.122
63.5185,436.191
63.5293,406.528
63.5401,378.265
63.5509,351.525
63.5617,326.329
63.5725,302.743
63.5834,280.780
63.5942,260.448
63.6006,249.157
63.6070,238.425
63.6134,228.225
63.6197,218.542
63.6261,209.348
63.6325,200.656
63.6389,192.434
63.6453,184.665
63.6517,177.320
63.6581,170.402
63.6645,163.882
63.6709,157.739
63.6773,151.947
63.6837,146.505
63.6901,141.385
63.6965,136.569
63.7019,132.717
63.7073,129.059
63.7127,125.586
63.7181,122.288
63.7235,119.156
63.7289,116.180
63.7397,110.669
63.7505,105.679
63.7614,101.156
63.7722,97.0456
63.7830,93.3041
63.7938,89.8814
63.8046,86.7430
63.8155,83.8557
63.8263,81.1924
63.8371,78.7227
63.8479,76.4270
63.8587,74.2857
63.8695,72.2840
63.8833,69.9106
63.8971,67.7112
63.9108,65.6647
63.9246,63.7532
63.9384,61.9616
63.9522,60.2774
63.9659,58.6898
63.9797,57.1906
63.9935,55.7699
64.0072,54.4218
64.0348,51.9215
64.0623,49.6481
64.0898,47.5720
64.1128,45.9729
64.1357,44.4804
64.1587,43.0840
64.1816,41.7747
64.2046,40.5445
64.2275,39.3866
64.2505,38.2948
64.2734,37.2636
64.2964,36.2883
64.3193,35.3646
64.3423,34.4885
64.3652,33.6564
64.4111,32.1123
64.4570,30.7103
64.4859,29.8929
64.5148,29.1207
64.5436,28.3897
64.5725,27.6972
64.6302,26.4160
64.6879,25.2572
64.7457,24.2048
64.8034,23.2451
64.8611,22.3669
64.9189,21.5605
64.9635,20.9815
65.0081,20.4372
65.0527,19.9247
65.0973,19.4414
65.1419,18.9850
65.1865,18.5532
65.2311,18.1441
65.2757,17.7562
65.3650,17.0371
65.4542,16.3860
65.5434,15.7943
65.6326,15.2551
65.7060,14.8466
65.7794,14.4671
65.8528,14.1143
65.9262,13.7862
65.9996,13.4814
66.0730,13.1986
66.1463,12.9370
66.2197,12.6960
66.3006,12.4543
66.3815,12.2378
66.4623,12.0477
66.5432,11.8859
66.5836,11.8165
66.6241,11.7554
66.6645,11.7033
66.7049,11.6608
66.7454,11.6291
66.7858,11.6091
66.8262,11.6022
66.8667,11.6101
66.9161,11.6426
66.9655,11.7044
67.0149,11.8012
67.0396,11.8648
67.0644,11.9402
67.0891,12.0283
67.1138,12.1309
67.1385,12.2494
67.1632,12.3860
67.1879,12.5428
67.2126,12.7226
67.2373,12.9285
67.2620,13.1644
67.2890,13.4612
67.3160,13.8063
67.3429,14.2086
67.3699,14.6793
67.3833,14.9448
67.3968,15.2333
67.4103,15.5473
67.4238,15.8895
67.4373,16.2638
67.4507,16.6741
67.4642,17.1251
67.4777,17.6220
67.4912,18.1723
67.5046,18.7837
67.5181,19.4659
67.5316,20.2298
67.5451,21.0907
67.5586,22.0649
67.5720,23.1729
67.5788,23.7846
67.5855,24.4383
67.5939,25.3235
67.6024,26.2892
67.6108,27.3471
67.6192,28.5049
67.6276,29.7770
67.6361,31.1731
67.6445,32.7087
67.6529,34.3993
67.6613,36.2643
67.6697,38.3179
67.6782,40.5854
67.6866,43.0834
67.6950,45.8416
67.7034,48.8791
67.7119,52.2262
67.7203,55.9118
67.7265,58.8500
67.7326,61.9995
67.7388,65.3733
67.7450,68.9788
67.7512,72.8411
67.7574,76.9686
67.7635,81.3751
67.7697,86.0669
67.7759,91.0733
67.7821,96.4009
67.7882,102.064
67.7944,108.065
67.8006,114.437
67.8068,121.182
67.8130,128.313
67.8191,135.828
67.8281,147.505
67.8371,160.051
67.8461,173.514
67.8551,187.875
67.8641,203.169
67.8730,219.354
67.8820,236.450
67.8910,254.388
67.9034,280.409
67.9157,307.809
67.9281,336.438
67.9404,366.001
67.9651,426.811
67.9898,487.388
68.0033,519.147
68.0168,549.237
68.0341,584.538
68.0427,600.437
68.0514,614.983
68.0597,627.518
68.0680,638.591
68.0762,648.108
68.0845,655.982
68.0918,661.490
68.0990,665.657
68.1063,668.459
68.1135,669.876
68.1164,670.053
68.1258,669.096
68.1352,665.815
68.1446,660.246
68.1540,652.469
68.1639,642.069
68.1737,629.482
68.1835,614.864
68.1933,598.393
68.2036,579.452
68.2138,558.964
68.2241,537.133
68.2343,514.254
68.2548,466.274
68.2753,416.979
68.2893,383.535
68.3032,350.801
68.3172,319.196
68.3312,289.066
68.3414,268.055
68.3517,248.082
68.3619,229.165
68.3722,211.380
68.3824,194.712
68.3927,179.197
68.4029,164.794
68.4131,151.506
68.4183,145.253
68.4234,139.273
68.4285,133.550
68.4336,128.077
68.4388,122.838
68.4439,117.846
68.4490,113.083
68.4541,108.544
68.4593,104.212
68.4644,100.096
68.4695,96.1807
68.4746,92.4584
68.4797,88.9216
68.4849,85.5627
68.4900,82.3742
68.4951,79.3488
68.5000,76.6049
68.5049,73.9970
68.5098,71.5190
68.5147,69.1649
68.5195,66.9291
68.5244,64.8058
68.5293,62.7896
68.5342,60.8752
68.5440,57.3318
68.5538,54.1369
68.5636,51.2549
68.5733,48.6530
68.5831,46.3016
68.5929,44.1734
68.6027,42.2442
68.6125,40.4920
68.6222,38.8973
68.6320,37.4426
68.6418,36.1124
68.6516,34.8943
68.6618,33.7220
68.6721,32.6469
68.6823,31.6562
68.6925,30.7424
68.7028,29.8957
68.7130,29.1105
68.7233,28.3791
68.7335,27.6975
68.7438,27.0596
68.7540,26.4625
68.7745,25.3741
68.7950,24.4079
68.8155,23.5451
68.8360,22.7706
68.8565,22.0725
68.8770,21.4411
68.8974,20.8685
68.9179,20.3480
68.9384,19.8745
68.9589,19.4431
68.9794,19.0503
68.9999,18.6928
69.0204,18.3679
69.0409,18.0733
69.0614,17.8073
69.0819,17.5683
69.1023,17.3551
69.1228,17.1668
69.1433,17.0028
69.1629,16.8683
69.1824,16.7555
69.2020,16.6644
69.2216,16.5952
69.2411,16.5486
69.2607,16.5254
69.2802,16.5267
69.2998,16.5540
69.3193,16.6092
69.3389,16.6945
69.3585,16.8131
69.3780,16.9685
69.3976,17.1655
69.4171,17.4100
69.4367,17.7094
69.4562,18.0732
69.4665,18.2938
69.4767,18.5374
69.4870,18.8072
69.4972,19.1055
69.5075,19.4363
69.5177,19.8030
69.5280,20.2107
69.5382,20.6641
69.5485,21.1703
69.5587,21.7354
69.5689,22.3688
69.5792,23.0789
69.5894,23.8781
69.5997,24.7777
69.6099,25.7939
69.6202,26.9414
69.6286,27.9934
69.6369,29.1569
69.6453,30.4460
69.6537,31.8747
69.6621,33.4604
69.6705,35.2161
69.6788,37.1617
69.6872,39.3168
69.6956,41.7056
69.7040,44.3449
69.7124,47.2614
69.7208,50.4803
69.7291,54.0325
69.7375,57.9372
69.7459,62.2269
69.7543,66.9307
69.7594,70.0273
69.7645,73.2903
69.7697,76.7325
69.7748,80.3605
69.7799,84.1886
69.7850,88.2082
69.7901,92.4330
69.7953,96.8691
69.8004,101.532
69.8055,106.408
69.8106,111.511
69.8158,116.848
69.8209,122.432
69.8260,128.246
69.8311,134.304
69.8362,140.608
69.8446,151.475
69.8530,162.999
69.8614,175.189
69.8698,188.037
69.8782,201.529
69.8865,215.639
69.8949,230.339
69.9033,245.588
69.9154,268.496
69.9275,292.274
69.9396,316.708
69.9517,341.529
69.9722,383.684
69.9927,424.654
70.0030,444.184
70.0132,462.767
70.0234,480.226
70.0337,496.321
70.0439,510.889
70.0542,523.719
70.0657,535.929
70.0773,545.531
70.0911,553.405
70.1050,557.126
70.1075,557.348
70.1150,557.178
70.1226,555.754
70.1301,553.088
70.1377,549.201
70.1452,544.130
70.1535,537.211
70.1618,528.956
70.1701,519.441
70.1784,508.746
70.1878,495.355
70.1972,480.716
70.2065,464.982
70.2159,448.327
70.2347,412.814
70.2534,375.505
70.2756,330.726
70.2977,286.951
70.3071,269.087
70.3165,251.756
70.3259,235.035
70.3353,219.003
70.3446,203.677
70.3540,189.112
70.3634,175.335
70.3728,162.373
70.3821,150.205
70.3915,138.841
70.4009,128.267
70.4103,118.477
70.4197,109.423
70.4290,101.088
70.4384,93.4369
70.4431,89.8572
70.4478,86.4423
70.4563,80.6058
70.4648,75.2512
70.4734,70.3361
70.4819,65.8425
70.4904,61.7306
70.4989,57.9814
70.5075,54.5586
70.5160,51.4437
70.5245,48.6040
70.5330,46.0222
70.5416,43.6697
70.5501,41.5311
70.5586,39.5816
70.5671,37.8078
70.5757,36.1905
70.5842,34.7145
70.5936,33.2361
70.6029,31.8952
70.6123,30.6766
70.6217,29.5677
70.6311,28.5543
70.6404,27.6267
70.6498,26.7756
70.6592,25.9932
70.6686,25.2706
70.6780,24.6021
70.6873,23.9819
70.6967,23.4055
70.7061,22.8674
70.7155,22.3642
70.7248,21.8926
70.7342,21.4499
70.7521,20.6738
70.7700,19.9771
70.7879,19.3473
70.8058,18.7747
70.8237,18.2512
70.8416,17.7707
70.8595,17.3276
70.8774,16.9178
70.8953,16.5372
70.9132,16.1832
70.9311,15.8528
70.9490,15.5438
70.9669,15.2540
70.9848,14.9819
71.0206,14.4843
71.0479,14.1419
71.0752,13.8270
71.1025,13.5366
71.1298,13.2680
71.1570,13.0189
71.1843,12.7874
71.2116,12.5718
71.2389,12.3706
71.2934,12.0064
71.3480,11.6863
71.4025,11.4040
71.4571,11.1543
71.4980,10.9861
71.5389,10.8328
71.5799,10.6932
71.6208,10.5664
71.6958,10.3650
71.7708,10.2009
71.8458,10.0724
71.9208,9.97859
71.9959,9.92004
72.0709,9.89839
72.1084,9.90225
72.1459,9.91654
72.1834,9.94185
72.2209,9.97888
72.2823,10.0670
72.3437,10.1932
72.4051,10.3633
72.4357,10.4669
72.4664,10.5844
72.4971,10.7170
72.5278,10.8661
72.5585,11.0334
72.5892,11.2208
72.6199,11.4305
72.6506,11.6648
72.6813,11.9269
72.7119,12.2200
72.7494,12.6265
72.7870,13.0943
72.8245,13.6347
72.8432,13.9362
72.8620,14.2615
72.8807,14.6130
72.8995,14.9934
72.9182,15.4062
72.9370,15.8549
72.9557,16.3446
72.9745,16.8803
72.9932,17.4691
73.0120,18.1192
73.0359,19.0526
73.0478,19.5717
73.0597,20.1309
73.0717,20.7364
73.0836,21.3932
73.0955,22.1097
73.1075,22.8931
73.1194,23.7547
73.1313,24.7049
73.1433,25.7591
73.1552,26.9317
73.1672,28.2437
73.1791,29.7146
73.1910,31.3711
73.2029,33.2422
73.2123,34.8858
73.2217,36.7008
73.2311,38.7073
73.2405,40.9246
73.2498,43.3812
73.2592,46.1005
73.2686,49.1104
73.2780,52.4365
73.2873,56.1171
73.2967,60.1818
73.3061,64.6648
73.3155,69.5958
73.3249,75.0214
73.3342,80.9728
73.3389,84.1570
73.3436,87.4861
73.3483,90.9645
73.3530,94.5886
73.3585,99.0902
73.3641,103.811
73.3696,108.764
73.3752,113.956
73.3807,119.393
73.3862,125.079
73.3918,131.018
73.3973,137.215
73.4029,143.672
73.4084,150.392
73.4139,157.376
73.4195,164.625
73.4250,172.137
73.4306,179.913
73.4361,187.948
73.4416,196.240
73.4510,210.850
73.4604,226.148
73.4698,242.093
73.4791,258.614
73.4885,275.681
73.4979,293.203
73.5073,311.092
73.5167,329.233
73.5260,347.559
73.5354,365.937
73.5542,402.337
73.5729,437.443
73.5917,470.156
73.6019,486.633
73.6121,501.940
73.6215,514.827
73.6309,526.514
73.6427,539.383
73.6545,550.081
73.6670,559.006
73.6796,565.337
73.6871,567.899
73.7022,570.312
73.7173,569.327
73.7266,567.178
73.7359,563.988
73.7546,555.031
73.7641,549.431
73.7737,543.399
73.7833,537.139
73.7928,530.865
73.7998,526.423
73.8067,522.178
73.8137,518.220
73.8206,514.636
73.8297,510.647
73.8389,507.660
73.8480,505.863
73.8571,505.449
73.8662,506.601
73.8754,509.487
73.8845,514.271
73.8936,521.102
73.9032,530.606
73.9127,542.645
73.9223,557.333
73.9318,574.745
73.9414,594.986
73.9510,618.081
73.9605,644.045
73.9701,672.830
73.9796,704.452
73.9892,738.804
73.9987,775.775
74.0083,815.221
74.0179,856.965
74.0274,900.795
74.0465,993.653
74.0691,1109.71
74.0917,1228.03
74.1108,1326.07
74.1300,1418.54
74.1494,1503.53
74.1592,1541.48
74.1689,1575.82
74.1814,1614.26
74.1940,1645.44
74.2065,1668.85
74.2191,1684.05
74.2316,1690.75
74.2358,1691.07
74.2494,1685.45
74.2630,1669.79
74.2766,1644.38
74.2902,1609.76
74.3028,1570.06
74.3155,1523.72
74.3281,1471.49
74.3407,1414.27
74.3535,1351.64
74.3664,1285.69
74.3920,1147.46
74.4177,1006.78
74.4306,937.555
74.4434,870.040
74.4545,813.447
74.4656,758.825
74.4767,706.427
74.4878,656.495
74.4989,609.088
74.5100,564.388
74.5211,522.370
74.5322,483.123
74.5386,461.612
74.5451,441.034
74.5515,421.314
74.5579,402.498
74.5643,384.510
74.5708,367.385
74.5772,351.075
74.5836,335.555
74.5900,320.779
74.5964,306.767
74.6029,293.449
74.6093,280.840
74.6157,268.873
74.6221,257.558
74.6286,246.847
74.6350,236.715
74.6432,224.598
74.6513,213.320
74.6595,202.828
74.6677,193.080
74.6759,184.003
74.6840,175.572
74.6922,167.720
74.7004,160.424
74.7086,153.626
74.7167,147.302
74.7249,141.403
74.7331,135.910
74.7413,130.777
74.7494,125.988
74.7576,121.505
74.7658,117.314
74.7796,110.828
74.7934,104.995
74.8072,99.7317
74.8209,94.9678
74.8347,90.6338
74.8485,86.6823
74.8623,83.0613
74.8761,79.7367
74.8899,76.6697
74.9037,73.8336
74.9175,71.2035
74.9312,68.7595
74.9450,66.4791
74.9588,64.3496
74.9726,62.3536
74.9864,60.4816
75.0018,58.5175
75.0172,56.6801
75.0327,54.9575
75.0481,53.3396
75.0635,51.8173
75.0790,50.3826
75.0944,49.0282
75.1098,47.7479
75.1407,45.3871
75.1715,43.2611
75.2024,41.3377
75.2332,39.5912
75.2571,38.3477
75.2809,37.1880
75.3048,36.1036
75.3286,35.0886
75.3525,34.1362
75.3763,33.2420
75.4002,32.4006
75.4240,31.6084
75.4479,30.8611
75.4717,30.1559
75.5194,28.8594
75.5671,27.6988
75.6148,26.6583
75.6540,25.8826
75.6933,25.1753
75.7326,24.5334
75.7719,23.9575
75.8111,23.4519
75.8308,23.2289
75.8504,23.0289
75.8700,22.8551
75.8897,22.7118
75.9093,22.6046
75.9290,22.5407
75.9416,22.5262
75.9542,22.5356
75.9668,22.5718
75.9795,22.6376
75.9921,22.7366
76.0047,22.8719
76.0173,23.0472
76.0299,23.2660
76.0426,23.5318
76.0552,23.8477
76.0678,24.2168
76.0804,24.6410
76.0931,25.1228
76.1057,25.6623
76.1183,26.2598
76.1309,26.9142
76.1429,27.5829
76.1548,28.2965
76.1667,29.0512
76.1786,29.8413
76.2263,33.2067
76.2516,34.9725
76.2642,35.8060
76.2768,36.5881
76.2922,37.4542
76.3077,38.1989
76.3189,38.6516
76.3301,39.0214
76.3456,39.3858
76.3612,39.5678
76.3706,39.5864
76.3859,39.4680
76.4012,39.1683
76.4151,38.7439
76.4290,38.1849
76.4432,37.4836
76.4575,36.6688
76.4698,35.8879
76.4821,35.0483
76.5068,33.2448
76.5509,29.8817
76.5729,28.2687
76.5840,27.5020
76.5950,26.7694
76.6106,25.7987
76.6261,24.9109
76.6417,24.1104
76.6572,23.3994
76.6715,22.8259
76.6858,22.3259
76.7000,21.8966
76.7143,21.5349
76.7286,21.2360
76.7428,20.9961
76.7571,20.8104
76.7714,20.6748
76.7856,20.5851
76.7999,20.5374
76.8142,20.5286
76.8284,20.5555
76.8427,20.6158
76.8570,20.7074
76.8712,20.8291
76.8855,20.9797
76.8998,21.1588
76.9140,21.3662
76.9283,21.6024
76.9426,21.8678
76.9568,22.1641
76.9711,22.4927
76.9854,22.8558
76.9996,23.2555
77.0139,23.6957
77.0282,24.1798
77.0424,24.7122
77.0567,25.2980
77.0710,25.9441
77.0852,26.6572
77.0995,27.4474
77.1138,28.3244
77.1248,29.0706
77.1358,29.8832
77.1468,30.7716
77.1579,31.7440
77.1689,32.8129
77.1799,33.9894
77.1909,35.2905
77.2020,36.7311
77.2130,38.3338
77.2240,40.1189
77.2350,42.1163
77.2461,44.3531
77.2571,46.8685
77.2681,49.6984
77.2791,52.8935
77.2847,54.6414
77.2902,56.4998
77.3005,60.3235
77.3077,63.2273
77.3148,66.3694
77.3219,69.7793
77.3291,73.4692
77.3362,77.4727
77.3433,81.8032
77.3505,86.4919
77.3576,91.5660
77.3647,97.0619
77.3719,102.994
77.3790,109.401
77.3861,116.313
77.3933,123.776
77.4004,131.800
77.4075,140.431
77.4147,149.702
77.4208,158.269
77.4270,167.347
77.4332,176.973
77.4393,187.168
77.4455,197.953
77.4516,209.346
77.4578,221.369
77.4640,234.038
77.4701,247.369
77.4763,261.378
77.4824,276.078
77.4886,291.480
77.4948,307.591
77.5009,324.420
77.5071,341.968
77.5132,360.236
77.5204,382.308
77.5275,405.301
77.5346,429.229
77.5418,454.067
77.5489,479.822
77.5560,506.383
77.5703,561.837
77.5846,620.039
77.5988,680.356
77.6131,742.066
77.6274,804.330
77.6429,871.749
77.6585,937.386
77.6728,994.823
77.6870,1048.50
77.7013,1097.30
77.7156,1140.26
77.7301,1177.15
77.7447,1206.14
77.7531,1218.96
77.7615,1228.83
77.7698,1235.69
77.7782,1239.47
77.7810,1240.04
77.7866,1240.16
77.7957,1237.41
77.8048,1231.05
77.8138,1221.15
77.8229,1207.81
77.8374,1179.68
77.8519,1143.83
77.8663,1101.32
77.8808,1052.98
77.8978,989.694
77.9148,921.529
77.9292,861.327
77.9437,800.028
77.9725,677.906
77.9869,618.807
78.0013,562.019
78.0157,508.019
78.0301,457.301
78.0413,420.507
78.0524,385.918
78.0636,353.581
78.0747,323.536
78.0803,309.344
78.0858,295.709
78.0914,282.624
78.0970,270.082
78.1025,258.073
78.1081,246.587
78.1137,235.612
78.1192,225.155
78.1265,212.312
78.1337,200.254
78.1409,188.948
78.1481,178.377
78.1553,168.477
78.1625,159.230
78.1697,150.602
78.1769,142.571
78.1841,135.081
78.1913,128.111
78.1985,121.630
78.2057,115.614
78.2129,110.018
78.2202,104.821
78.2274,99.9965
78.2346,95.5235
78.2431,90.6422
78.2516,86.1707
78.2601,82.0733
78.2686,78.3205
78.2772,74.8729
78.2857,71.7065
78.2942,68.7953
78.3027,66.1183
78.3112,63.6475
78.3197,61.3663
78.3283,59.2567
78.3368,57.3046
78.3453,55.4907
78.3538,53.8042
78.3623,52.2331
78.3708,50.7683
78.3853,48.4980
78.3997,46.4611
78.4141,44.6213
78.4285,42.9530
78.4429,41.4308
78.4573,40.0374
78.4718,38.7548
78.4862,37.5713
78.5006,36.4737
78.5150,35.4541
78.5294,34.5026
78.5438,33.6137
78.5582,32.7801
78.5727,31.9976
78.5871,31.2610
78.6015,30.5665
78.6159,29.9099
78.6303,29.2890
78.6591,28.1420
78.6880,27.1063
78.7168,26.1669
78.7456,25.3103
78.7744,24.5264
78.8033,23.8063
78.8321,23.1428
78.8609,22.5291
78.8898,21.9600
78.9186,21.4308
78.9474,20.9374
78.9762,20.4762
79.0051,20.0443
79.0339,19.6388
79.0627,19.2575
79.0916,18.8982
79.1204,18.5590
79.1492,18.2383
79.1781,17.9345
79.2357,17.3728
79.2934,16.8647
79.3274,16.5866
79.3615,16.3232
79.3956,16.0734
79.4296,15.8362
79.4978,15.3958
79.5659,14.9954
79.6341,14.6298
79.7022,14.2945
79.7703,13.9858
79.8385,13.7008
79.9014,13.4564
79.9643,13.2284
80.0272,13.0153
80.0901,12.8162
80.1530,12.6299
80.2159,12.4557
80.2788,12.2930
80.3417,12.1413
80.4304,11.9453
80.5191,11.7701
80.6079,11.6159
80.6966,11.4837
80.7410,11.4263
80.7854,11.3751
80.8297,11.3305
80.8741,11.2929
80.9185,11.2630
80.9628,11.2414
81.0072,11.2288
81.0515,11.2264
81.1005,11.2370
81.1494,11.2634
81.1984,11.3081
81.2473,11.3743
81.2963,11.4657
81.3207,11.5225
81.3452,11.5875
81.3697,11.6616
81.3942,11.7458
81.4186,11.8411
81.4431,11.9488
81.4826,12.1527
81.5024,12.2705
81.5222,12.4002
81.5419,12.5431
81.5617,12.7007
81.5815,12.8745
81.6012,13.0665
81.6210,13.2790
81.6407,13.5144
81.6605,13.7760
81.6803,14.0672
81.7000,14.3927
81.7198,14.7576
81.7396,15.1688
81.7593,15.6342
81.7800,16.1917
81.7904,16.5020
81.8008,16.8359
81.8111,17.1967
81.8215,17.5869
81.8318,18.0102
81.8422,18.4707
81.8525,18.9736
81.8629,19.5232
81.8732,20.1268
81.8836,20.7903
81.8939,21.5231
81.9043,22.3330
81.9146,23.2315
81.9250,24.2306
81.9354,25.3453
81.9457,26.5891
81.9561,27.9822
81.9664,29.5419
81.9768,31.2935
81.9871,33.2588
81.9923,34.3317
81.9975,35.4669
82.0027,36.6726
82.0078,37.9484
82.0130,39.3034
82.0182,40.7398
82.0234,42.2623
82.0285,43.8725
82.0337,45.5816
82.0389,47.3885
82.0441,49.3053
82.0492,51.3305
82.0544,53.4776
82.0596,55.7487
82.0648,58.1500
82.0699,60.6826
82.0751,63.3629
82.0803,66.1869
82.0855,69.1721
82.0906,72.3137
82.1001,78.4765
82.1095,85.2328
82.1189,92.6295
82.1236,96.5849
82.1283,100.707
82.1330,105.017
82.1377,109.513
82.1471,119.066
82.1565,129.409
82.1659,140.571
82.1711,147.075
82.1763,153.838
82.1815,160.865
82.1867,168.142
82.1970,183.510
82.2074,199.948
82.2177,217.466
82.2281,236.009
82.2384,255.555
82.2488,276.053
82.2610,301.423
82.2732,327.875
82.2855,355.225
82.2977,383.231
82.3184,431.482
82.3391,479.513
82.3570,519.644
82.3749,557.328
82.3853,577.620
82.3956,596.503
82.4060,613.814
82.4163,629.333
82.4267,642.907
82.4370,654.375
82.4448,661.578
82.4526,667.464
82.4605,671.995
82.4683,675.140
82.4787,677.147
82.4839,677.208
82.4924,675.965
82.5009,673.074
82.5093,668.560
82.5178,662.461
82.5303,650.684
82.5428,635.776
82.5551,618.266
82.5674,598.261
82.5769,581.270
82.5864,563.121
82.6054,524.006
82.6177,497.161
82.6300,469.566
82.6546,413.404
82.6792,357.966
82.6915,331.200
82.7038,305.351
82.7156,281.673
82.7273,259.130
82.7391,237.774
82.7508,217.709
82.7626,198.938
82.7743,181.512
82.7802,173.295
82.7861,165.408
82.7919,157.846
82.7978,150.605
82.8040,143.346
82.8101,136.439
82.8163,129.864
82.8224,123.614
82.8286,117.679
82.8347,112.049
82.8409,106.715
82.8470,101.666
82.8532,96.8848
82.8593,92.3755
82.8655,88.1195
82.8716,84.1058
82.8778,80.3237
82.8839,76.7625
82.8901,73.4113
82.8962,70.2599
82.9013,67.8189
82.9063,65.5040
82.9113,63.3007
82.9164,61.2125
82.9214,59.2258
82.9264,57.3437
82.9315,55.5572
82.9365,53.8616
82.9415,52.2495
82.9466,50.7227
82.9566,47.8989
82.9667,45.3530
82.9767,43.0610
82.9868,40.9918
82.9969,39.1254
83.0069,37.4363
83.0170,35.9081
83.0271,34.5202
83.0371,33.2595
83.0472,32.1097
83.0573,31.0604
83.0696,29.8958
83.0819,28.8469
83.0942,27.8969
83.1065,27.0347
83.1188,26.2477
83.1311,25.5280
83.1434,24.8669
83.1557,24.2577
83.1680,23.6940
83.1803,23.1718
83.1926,22.6861
83.2049,22.2339
83.2295,21.4164
83.2541,20.6990
83.2709,20.2586
83.2877,19.8532
83.3045,19.4795
83.3212,19.1347
83.3380,18.8160
83.3548,18.5217
83.3883,17.9981
83.4219,17.5518
83.4554,17.1740
83.4890,16.8575
83.5225,16.5974
83.5472,16.4402
83.5718,16.3101
83.5964,16.2067
83.6210,16.1293
83.6456,16.0779
83.6702,16.0527
83.6948,16.0542
83.7194,16.0830
83.7440,16.1403
83.7686,16.2276
83.7932,16.3465
83.8178,16.4994
83.8424,16.6889
83.8670,16.9184
83.8916,17.1920
83.9162,17.5142
83.9431,17.9282
83.9699,18.4161
83.9968,18.9892
84.0236,19.6617
84.0505,20.4517
84.0639,20.8974
84.0773,21.3815
84.0907,21.9079
84.1041,22.4813
84.1176,23.1069
84.1310,23.7911
84.1433,24.4763
84.1556,25.2227
84.1679,26.0392
84.1802,26.9333
84.1925,27.9168
84.2048,29.0003
84.2171,30.1989
84.2294,31.5293
84.2417,33.0124
84.2540,34.6688
84.2663,36.5283
84.2725,37.5425
84.2786,38.6193
84.2848,39.7654
84.2909,40.9822
84.2971,42.2770
84.3032,43.6557
84.3094,45.1248
84.3155,46.6910
84.3217,48.3618
84.3278,50.1451
84.3368,52.9584
84.3413,54.4714
84.3457,56.0558
84.3502,57.7224
84.3547,59.4679
84.3592,61.3004
84.3636,63.2241
84.3704,66.2982
84.3771,69.6008
84.3838,73.1536
84.3905,76.9753
84.3972,81.0852
84.4039,85.5039
84.4106,90.2527
84.4173,95.3542
84.4240,100.832
84.4307,106.709
84.4375,113.012
84.4442,119.765
84.4509,126.996
84.4576,134.732
84.4643,142.999
84.4710,151.825
84.4758,158.441
84.4805,165.348
84.4853,172.584
84.4900,180.129
84.4948,188.025
84.4995,196.248
84.5043,204.823
84.5090,213.760
84.5138,223.087
84.5185,232.773
84.5233,242.869
84.5281,253.338
84.5328,264.232
84.5376,275.512
84.5423,287.207
84.5471,299.321
84.5532,315.638
84.5594,332.674
84.5655,350.437
84.5717,368.929
84.5778,388.151
84.5840,408.101
84.5901,428.773
84.5963,450.159
84.6024,472.282
84.6086,495.056
84.6209,542.576
84.6332,592.592
84.6455,644.752
84.6578,698.803
84.6701,754.255
84.6947,867.565
84.7148,960.104
84.7350,1049.53
84.7473,1101.42
84.7596,1150.34
84.7719,1195.64
84.7842,1236.71
84.7965,1272.96
84.8088,1303.80
84.8173,1321.87
84.8259,1336.96
84.8345,1348.98
84.8430,1357.82
84.8576,1365.43
84.8634,1365.82
84.8729,1363.22
84.8824,1356.66
84.8918,1346.19
84.9013,1331.94
84.9167,1301.04
84.9321,1261.29
84.9474,1213.84
84.9627,1159.70
84.9800,1092.00
84.9973,1019.17
85.0192,922.644
85.0410,824.407
85.0569,753.725
85.0728,684.948
85.0887,618.883
85.1046,556.332
85.1156,515.607
85.1265,476.909
85.1374,440.329
85.1483,405.923
85.1593,373.713
85.1702,343.696
85.1811,315.843
85.1921,290.124
85.2000,272.687
85.2060,260.285
85.2119,248.480
85.2179,237.235
85.2239,226.532
85.2298,216.357
85.2358,206.690
85.2417,197.514
85.2477,188.811
85.2537,180.549
85.2596,172.738
85.2656,165.345
85.2715,158.351
85.2775,151.738
85.2835,145.490
85.2894,139.588
85.2954,134.015
85.3009,129.176
85.3063,124.595
85.3118,120.245
85.3172,116.129
85.3227,112.221
85.3282,108.523
85.3336,105.019
85.3391,101.697
85.3446,98.5432
85.3500,95.5586
85.3555,92.7237
85.3610,90.0401
85.3664,87.4898
85.3719,85.0745
85.3828,80.6046
85.3937,76.5673
85.4047,72.9174
85.4156,69.6107
85.4265,66.6105
85.4374,63.8764
85.4484,61.3805
85.4593,59.0957
85.4702,56.9998
85.4812,55.0682
85.4921,53.2845
85.5030,51.6326
85.5139,50.0985
85.5249,48.6699
85.5358,47.3361
85.5467,46.0877
85.5577,44.9175
85.5686,43.8162
85.5795,42.7784
85.5904,41.7986
85.6014,40.8719
85.6232,39.1607
85.6451,37.6158
85.6640,36.3959
85.6828,35.2695
85.7017,34.2261
85.7206,33.2572
85.7395,32.3544
85.7583,31.5120
85.7772,30.7234
85.7961,29.9846
85.8150,29.2904
85.8338,28.6378
85.8527,28.0226
85.8716,27.4426
85.8905,26.8944
85.9093,26.3762
85.9282,25.8854
85.9471,25.4205
85.9690,24.9117
85.9908,24.4328
86.0127,23.9815
86.0345,23.5562
86.0564,23.1548
86.0782,22.7761
86.1001,22.4189
86.1220,22.0822
86.1438,21.7648
86.1657,21.4661
86.1875,21.1854
86.2094,20.9225
86.2312,20.6770
86.2531,20.4488
86.2750,20.2382
86.2968,20.0458
86.3286,19.8001
86.3604,19.5994
86.3753,19.5229
86.3902,19.4593
86.4051,19.4099
86.4200,19.3767
86.4349,19.3620
86.4498,19.3688
86.4647,19.4005
86.4796,19.4618
86.4945,19.5580
86.5094,19.6957
86.5243,19.8829
86.5318,19.9980
86.5392,20.1292
86.5467,20.2782
86.5541,20.4462
86.5616,20.6351
86.5690,20.8468
86.5765,21.0834
86.5839,21.3469
86.5914,21.6397
86.5988,21.9643
86.6078,22.3999
86.6167,22.8893
86.6257,23.4383
86.6346,24.0521
86.6435,24.7366
86.6525,25.4977
86.6614,26.3415
86.6704,27.2746
86.6793,28.3034
86.6882,29.4345
86.6972,30.6746
86.7061,32.0302
86.7151,33.5077
86.7240,35.1131
86.7329,36.8523
86.7419,38.7306
86.7528,41.2225
86.7637,43.9363
86.7747,46.8768
86.7856,50.0467
86.7965,53.4459
86.8075,57.0714
86.8184,60.9167
86.8293,64.9715
86.8452,71.2145
86.8611,77.8080
86.8770,84.6835
86.8929,91.7378
86.9148,101.535
86.9366,111.133
86.9585,120.176
86.9694,124.371
86.9803,128.283
86.9913,131.875
87.0022,135.101
87.0131,137.925
87.0240,140.309
87.0388,142.789
87.0478,143.859
87.0568,144.583
87.0664,144.968
87.0784,144.883
87.0904,144.170
87.1000,143.155
87.1154,140.725
87.1309,137.366
87.1468,133.014
87.1628,127.878
87.1787,122.079
87.1946,115.763
87.2193,105.303
87.2439,94.4591
87.2598,87.4552
87.2757,80.6028
87.2917,73.9888
87.3076,67.6997
87.3185,63.6237
87.3293,59.7433
87.3402,56.0618
87.3511,52.5933
87.3619,49.3353
87.3728,46.2950
87.3837,43.4676
87.3945,40.8493
87.4025,39.0575
87.4105,37.3724
87.4184,35.7906
87.4264,34.3105
87.4344,32.9244
87.4423,31.6302
87.4503,30.4236
87.4583,29.3018
87.4662,28.2575
87.4742,27.2877
87.4822,26.3882
87.4901,25.5557
87.4981,24.7838
87.5061,24.0704
87.5140,23.4098
87.5220,22.7998
87.5285,22.3347
87.5350,21.8987
87.5416,21.4899
87.5481,21.1067
87.5546,20.7472
87.5611,20.4100
87.5676,20.0936
87.5741,19.7969
87.5807,19.5178
87.5872,19.2555
87.5937,19.0088
87.6002,18.7765
87.6067,18.5577
87.6133,18.3513
87.6263,17.9728
87.6393,17.6339
87.6524,17.3293
87.6654,17.0543
87.6784,16.8048
87.6915,16.5771
87.7045,16.3684
87.7176,16.1761
87.7306,15.9983
87.7523,15.7288
87.7740,15.4876
87.7958,15.2696
87.8175,15.0708
87.8392,14.8882
87.8610,14.7195
87.8827,14.5628
87.9044,14.4166
87.9261,14.2795
87.9479,14.1506
87.9913,13.9141
88.0348,13.7013
88.0782,13.5083
88.1072,13.3891
88.1362,13.2765
88.1941,13.0690
88.2521,12.8817
88.3100,12.7117
88.3679,12.5568
88.4259,12.4152
88.4838,12.2860
88.5418,12.1680
88.6055,12.0509
88.6692,11.9466
88.7330,11.8555
88.7648,11.8151
88.7967,11.7783
88.8286,11.7453
88.8604,11.7163
88.8923,11.6916
88.9242,11.6716
88.9560,11.6567
88.9879,11.6474
89.0198,11.6444
89.0516,11.6485
89.0864,11.6621
89.1212,11.6867
89.1559,11.7243
89.1907,11.7774
89.2081,11.8107
89.2255,11.8490
89.2429,11.8931
89.2602,11.9434
89.2776,12.0008
89.2950,12.0662
89.3124,12.1406
89.3298,12.2253
89.3442,12.3049
89.3587,12.3938
89.3732,12.4932
89.3877,12.6047
89.4022,12.7302
89.4167,12.8717
89.4312,13.0322
89.4456,13.2146
89.4601,13.4232
89.4746,13.6627
89.4891,13.9390
89.5036,14.2589
89.5108,14.4382
89.5181,14.6315
89.5253,14.8404
89.5326,15.0665
89.5398,15.3117
89.5471,15.5771
89.5543,15.8649
89.5615,16.1772
89.5695,16.5520
89.5775,16.9626
89.5854,17.4126
89.5934,17.9051
89.6014,18.4457
89.6093,19.0383
89.6173,19.6878
89.6253,20.3987
89.6332,21.1783
89.6412,22.0317
89.6492,22.9655
89.6571,23.9850
89.6651,25.1000
89.6731,26.3150
89.6810,27.6409
89.6890,29.0825
89.6966,30.5780
89.7042,32.1936
89.7118,33.9410
89.7194,35.8235
89.7270,37.8536
89.7346,40.0337
89.7422,42.3773
89.7498,44.8856
89.7575,47.5724
89.7651,50.4376
89.7727,53.4953
89.7803,56.7434
89.7879,60.1958
89.7955,63.8481
89.8031,67.7137
89.8107,71.7854
89.8187,76.2840
89.8266,81.0175
89.8346,85.9852
89.8426,91.1780
89.8505,96.6048
89.8585,102.246
89.8665,108.108
89.8744,114.166
89.8824,120.422
89.8904,126.856
89.9063,140.180
89.9222,153.995
89.9382,168.096
89.9497,178.414
89.9613,188.679
89.9845,208.637
89.9990,220.436
90.0142,231.985
90.0294,242.440
90.0453,251.999
90.0613,259.889
90.0763,265.646
90.0850,268.145
90.0936,270.040
90.1022,271.319
90.1108,271.973
90.1256,271.630
90.1406,269.406
90.1556,265.349
90.1704,259.652
90.1851,252.400
90.1999,243.750
90.2147,233.888
90.2308,221.986
90.2469,209.158
90.2617,196.814
90.2765,184.150
90.2913,171.360
90.3061,158.634
90.3209,146.141
90.3356,134.030
90.3504,122.425
90.3652,111.433
90.3759,103.856
90.3867,96.6609
90.3974,89.8616
90.4082,83.4729
90.4189,77.4863
90.4297,71.9064
90.4404,66.7275
90.4512,61.9446
90.4586,58.8741
90.4659,55.9781
90.4733,53.2513
90.4807,50.6880
90.4881,48.2822
90.4955,46.0277
90.5029,43.9180
90.5103,41.9467
90.5177,40.1071
90.5251,38.3926
90.5325,36.7967
90.5398,35.3129
90.5472,33.9348
90.5546,32.6561
90.5620,31.4710
90.5694,30.3734
90.5768,29.3578
90.5842,28.4187
90.5916,27.5509
90.5990,26.7496
90.6064,26.0101
90.6137,25.3278
90.6211,24.6986
90.6285,24.1186
90.6359,23.5839
90.6433,23.0912
90.6507,22.6371
90.6581,22.2185
90.6655,21.8327
90.6729,21.4769
90.6803,21.1486
90.6876,20.8459
90.6957,20.5411
90.7038,20.2616
90.7118,20.0045
90.7199,19.7676
90.7360,19.3462
90.7521,18.9831
90.7676,18.6779
90.7830,18.4056
90.7985,18.1580
90.8139,17.9283
90.8327,17.6649
90.8427,17.5299
90.8473,17.4683
90.8610,17.2849
90.8748,17.1021
90.9115,16.6067
90.9390,16.2218
90.9415,16.1862
90.9490,16.0788
90.9565,15.9707
90.9715,15.7525
91.0015,15.3117
91.0391,14.7656
91.0578,14.5006
91.0766,14.2443
91.0953,13.9986
91.1141,13.7654
91.1328,13.5457
91.1516,13.3403
91.1741,13.1131
91.1966,12.9067
91.2191,12.7202
91.2416,12.5524
91.2641,12.4013
91.2866,12.2653
91.3091,12.1424
91.3316,12.0309
91.3541,11.9291
91.3766,11.8356
91.3991,11.7491
91.4216,11.6686
91.4442,11.5932
91.4667,11.5221
91.5117,11.3911
91.5392,11.3170
91.5667,11.2469
91.6217,11.1169
91.6767,10.9987
91.7317,10.8908
91.7867,10.7924
91.8418,10.7030
91.8968,10.6232
91.9243,10.5872
91.9518,10.5545
91.9918,10.5139
92.0118,10.4975
92.0318,10.4846
92.0488,10.4769
92.0657,10.4729
92.0827,10.4732
92.0996,10.4788
92.1166,10.4908
92.1335,10.5104
92.1505,10.5391
92.1589,10.5575
92.1674,10.5787
92.1759,10.6032
92.1844,10.6311
92.1928,10.6628
92.2013,10.6984
92.2098,10.7384
92.2183,10.7829
92.2267,10.8324
92.2352,10.8871
92.2437,10.9473
92.2522,11.0132
92.2606,11.0854
92.2691,11.1639
92.2776,11.2492
92.2861,11.3413
92.2945,11.4407
92.3030,11.5473
92.3169,11.7387
92.3308,11.9508
92.3447,12.1839
92.3586,12.4374
92.3725,12.7111
92.3864,13.0033
92.4003,13.3128
92.4142,13.6366
92.4482,14.4712
92.4821,15.3194
92.4945,15.6177
92.4976,15.6908
92.5061,15.8877
92.5146,16.0776
92.5315,16.4318
92.5485,16.7446
92.5655,17.0072
92.5778,17.1624
92.5943,17.3175
92.6107,17.4101
92.6248,17.4378
92.6401,17.4125
92.6554,17.3306
92.6724,17.1743
92.6861,17.0013
92.6999,16.7897
92.7124,16.5668
92.7248,16.3185
92.7323,16.1585
92.7461,15.8469
92.7598,15.5159
92.7873,14.8159
92.8247,13.8379
92.8435,13.3627
92.8622,12.9082
92.8797,12.5081
92.8884,12.3183
92.8972,12.1357
92.9059,11.9606
92.9147,11.7933
92.9234,11.6337
92.9321,11.4820
92.9409,11.3382
92.9496,11.2022
92.9584,11.0739
92.9671,10.9530
92.9758,10.8396
92.9846,10.7332
92.9933,10.6337
93.0021,10.5407
93.0127,10.4362
93.0233,10.3404
93.0339,10.2528
93.0445,10.1727
93.0551,10.0996
93.0657,10.0330
93.0764,9.97225
93.0870,9.91691
93.0976,9.86642
93.1082,9.82040
93.1188,9.77834
93.1294,9.73992
93.1400,9.70468
93.1507,9.67237
93.1719,9.61518
93.1931,9.56616
93.2143,9.52362
93.2356,9.48619
93.2568,9.45282
93.2780,9.42264
93.2992,9.39504
93.3417,9.34576
93.3817,9.30473
93.4191,9.26976
93.4566,9.23747
93.4940,9.20741
93.5315,9.17928
93.6064,9.12805
93.6813,9.08279
93.7563,9.04320
93.8312,9.00942
93.8686,8.99487
93.9061,8.98201
93.9436,8.97100
93.9810,8.96200
94.0360,8.95289
94.0909,8.94948
94.1458,8.95292
94.1733,8.95769
94.2008,8.96483
94.2283,8.97462
94.2557,8.98741
94.2832,9.00363
94.3107,9.02379
94.3381,9.04849
94.3656,9.07849
94.3931,9.11474
94.4206,9.15843
94.4480,9.21114
94.4755,9.27490
94.5030,9.35250
94.5167,9.39766
94.5304,9.44781
94.5442,9.50374
94.5579,9.56626
94.5717,9.63650
94.5854,9.71561
94.5991,9.80522
94.6129,9.90700
94.6266,10.0233
94.6403,10.1564
94.6522,10.2876
94.6641,10.4359
94.6759,10.6041
94.6878,10.7954
94.6996,11.0135
94.7115,11.2620
94.7234,11.5457
94.7293,11.7023
94.7352,11.8698
94.7412,12.0490
94.7471,12.2403
94.7530,12.4447
94.7590,12.6632
94.7649,12.8966
94.7708,13.1458
94.7767,13.4120
94.7827,13.6961
94.7886,13.9998
94.7945,14.3232
94.8005,14.6679
94.8064,15.0352
94.8123,15.4263
94.8183,15.8425
94.8242,16.2852
94.8301,16.7557
94.8370,17.3373
94.8439,17.9604
94.8507,18.6270
94.8576,19.3384
94.8645,20.0989
94.8713,20.9097
94.8782,21.7731
94.8851,22.6899
94.8919,23.6648
94.8988,24.6987
94.9057,25.7935
94.9125,26.9494
94.9194,28.1714
94.9263,29.4595
94.9331,30.8150
94.9400,32.2371
94.9512,34.7172
94.9625,37.3860
94.9737,40.2440
94.9850,43.2893
94.9962,46.5172
95.0074,49.9204
95.0187,53.4883
95.0299,57.2041
95.0437,61.9305
95.0574,66.8160
95.0711,71.8230
95.0849,76.8926
95.1048,84.2690
95.1273,92.3456
95.1498,99.8947
95.1635,104.122
95.1773,107.973
95.1910,111.383
95.2047,114.295
95.2183,116.641
95.2320,118.412
95.2454,119.567
95.2589,120.110
95.2687,120.114
95.2834,119.507
95.2981,118.178
95.3098,116.626
95.3215,114.660
95.3332,112.305
95.3448,109.592
95.3639,104.476
95.3831,98.6659
95.4064,90.8840
95.4298,82.6773
95.4574,72.8617
95.4712,68.0469
95.4850,63.3604
95.4967,59.5254
95.5084,55.8341
95.5200,52.3043
95.5317,48.9502
95.5434,45.7823
95.5551,42.8079
95.5668,40.0313
95.5784,37.4539
95.5864,35.8089
95.5944,34.2572
95.6023,32.7934
95.6103,31.4195
95.6183,30.1301
95.6262,28.9259
95.6342,27.8030
95.6421,26.7585
95.6501,25.7884
95.6581,24.8924
95.6660,24.0662
95.6740,23.3067
95.6820,22.6103
95.6899,21.9757
95.6979,21.3993
95.7058,20.8783
95.7143,20.3803
95.7228,19.9400
95.7345,19.4227
95.7462,19.0020
95.7579,18.6726
95.7696,18.4302
95.7812,18.2715
95.7929,18.1946
95.8046,18.1988
95.8163,18.2847
95.8280,18.4544
95.8396,18.7115
95.8513,19.0613
95.8630,19.5105
95.8688,19.7750
95.8747,20.0678
95.8805,20.3902
95.8864,20.7437
95.8922,21.1298
95.8980,21.5505
95.9039,22.0074
95.9097,22.5026
95.9182,23.2962
95.9267,24.1813
95.9352,25.1677
95.9437,26.2612
95.9522,27.4733
95.9607,28.8103
95.9692,30.2854
95.9777,31.9055
95.9862,33.6853
95.9947,35.6319
96.0032,37.7616
96.0117,40.0813
96.0202,42.6088
96.0286,45.3503
96.0371,48.3246
96.0456,51.5368
96.0515,53.8926
96.0573,56.3720
96.0632,58.9786
96.0690,61.7158
96.0748,64.5869
96.0807,67.5951
96.0865,70.7433
96.0924,74.0341
96.1040,81.0522
96.1157,88.6641
96.1274,96.8781
96.1391,105.695
96.1492,113.793
96.1593,122.326
96.1693,131.279
96.1794,140.622
96.1895,150.345
96.1996,160.408
96.2097,170.771
96.2198,181.378
96.2315,193.917
96.2431,206.638
96.2548,219.442
96.2665,232.209
96.2867,253.888
96.3068,274.518
96.3185,285.724
96.3302,296.238
96.3419,305.938
96.3536,314.712
96.3652,322.452
96.3769,329.060
96.3862,333.448
96.3954,337.041
96.4092,340.860
96.4230,342.789
96.4255,342.933
96.4356,342.877
96.4506,340.884
96.4657,336.651
96.4815,329.898
96.4974,320.947
96.5132,310.017
96.5290,297.363
96.5448,283.249
96.5606,267.981
96.5743,254.096
96.5880,239.787
96.6153,210.621
96.6311,193.829
96.6469,177.424
96.6628,161.595
96.6786,146.509
96.6879,137.995
96.6973,129.806
96.7066,121.960
96.7160,114.475
96.7253,107.344
96.7347,100.581
96.7440,94.1868
96.7534,88.1659
96.7613,83.3502
96.7692,78.7903
96.7771,74.4810
96.7850,70.4164
96.7929,66.5895
96.8008,62.9926
96.8087,59.6177
96.8166,56.4561
96.8245,53.4988
96.8325,50.7365
96.8404,48.1598
96.8483,45.7593
96.8562,43.5255
96.8641,41.4491
96.8720,39.5207
96.8799,37.7315
96.8878,36.0725
96.8957,34.5354
96.9036,33.1118
96.9116,31.7939
96.9195,30.5742
96.9274,29.4456
96.9353,28.4013
96.9432,27.4349
96.9511,26.5404
96.9590,25.7122
96.9669,24.9450
96.9748,24.2338
96.9827,23.5741
96.9907,22.9617
96.9986,22.3926
97.0065,21.8632
97.0140,21.3913
97.0216,20.9504
97.0291,20.5376
97.0367,20.1505
97.0442,19.7870
97.0518,19.4453
97.0593,19.1236
97.0669,18.8203
97.0820,18.2631
97.0971,17.7636
97.1122,17.3131
97.1273,16.9048
97.1424,16.5326
97.1575,16.1916
97.1726,15.8779
97.1877,15.5880
97.2028,15.3191
97.2179,15.0688
97.2330,14.8350
97.2481,14.6160
97.2639,14.4009
97.2797,14.1990
97.2955,14.0090
97.3114,13.8299
97.3272,13.6607
97.3430,13.5005
97.3746,13.2045
97.4063,12.9370
97.4379,12.6938
97.4696,12.4718
97.5012,12.2683
97.5285,12.1056
97.5559,11.9538
97.5832,11.8118
97.6105,11.6786
97.6378,11.5534
97.6652,11.4356
97.6925,11.3244
97.7198,11.2194
97.7471,11.1200
97.7745,11.0257
97.8018,10.9362
97.8291,10.8512
97.8838,10.6931
97.9384,10.5493
97.9701,10.4717
98.0017,10.3981
98.0650,10.2615
98.1283,10.1375
98.1915,10.0249
98.2548,9.92247
98.3181,9.82959
98.3814,9.74581
98.4130,9.70730
98.4447,9.67108
98.4907,9.62264
98.5367,9.57958
98.5798,9.54469
98.6230,9.51604
98.6446,9.50448
98.6661,9.49512
98.6877,9.48829
98.7093,9.48447
98.7309,9.48428
98.7524,9.48852
98.7740,9.49830
98.7956,9.51508
98.8064,9.52669
98.8172,9.54082
98.8279,9.55781
98.8387,9.57805
98.8495,9.60200
98.8603,9.63013
98.8711,9.66307
98.8819,9.70140
98.8927,9.74592
98.9034,9.79741
98.9142,9.85678
98.9250,9.92498
98.9358,10.0032
98.9466,10.0926
98.9574,10.1946
98.9682,10.3105
98.9789,10.4421
98.9897,10.5908
99.0005,10.7585
99.0113,10.9469
99.0221,11.1581
99.0329,11.3938
99.0437,11.6565
99.0544,11.9476
99.0620,12.1700
99.0696,12.4078
99.0771,12.6621
99.0847,12.9334
99.0922,13.2224
99.0998,13.5296
99.1073,13.8554
99.1149,14.2005
99.1224,14.5651
99.1300,14.9495
99.1375,15.3541
99.1451,15.7789
99.1526,16.2239
99.1602,16.6891
99.1677,17.1744
99.1753,17.6793
99.1911,18.7990
99.2069,19.9969
99.2227,21.2640
99.2385,22.5884
99.2702,25.3470
99.3018,28.1225
99.3191,29.5793
99.3363,30.9543
99.3521,32.1167
99.3680,33.1603
99.3838,34.0628
99.3996,34.8043
99.4025,34.9206
99.4094,35.1738
99.4162,35.3919
99.4300,35.7190
99.4394,35.8573
99.4488,35.9240
99.4630,35.8888
99.4772,35.6919
99.4842,35.5337
99.4955,35.2050
99.5067,34.7833
99.5177,34.2821
99.5287,33.7018
99.5458,32.6636
99.5628,31.4780
99.5849,29.7710
99.6069,27.9312
99.6551,23.7599
99.6771,21.9031
99.6882,21.0090
99.6992,20.1438
99.7102,19.3112
99.7213,18.5141
99.7323,17.7548
99.7433,17.0356
99.7553,16.2963
99.7674,15.6066
99.7794,14.9654
99.7914,14.3731
99.7975,14.0945
99.8035,13.8275
99.8095,13.5720
99.8155,13.3280
99.8215,13.0946
99.8275,12.8722
99.8336,12.6597
99.8396,12.4577
99.8496,12.1420
99.8596,11.8519
99.8697,11.5858
99.8797,11.3425
99.8897,11.1200
99.8997,10.9169
99.9098,10.7318
99.9198,10.5635
99.9298,10.4102
99.9399,10.2708
99.9499,10.1441
99.9599,10.0290
99.9699,9.92429
99.9800,9.82908
99.9900,9.74229
100.000,9.23663
100.018,9.18714
100.035,9.14105
100.053,9.09800
100.070,9.05767
100.088,9.01978
100.106,8.98408
100.141,8.91848
100.176,8.85944
100.211,8.80586
100.246,8.75687
100.282,8.71178
100.317,8.67001
100.352,8.63111
100.387,8.59469
100.422,8.56044
100.458,8.52809
100.493,8.49742
100.563,8.44041
100.634,8.38818
100.704,8.33984
100.774,8.29472
100.845,8.25229
100.915,8.21214
100.986,8.17395
101.056,8.13746
101.126,8.10250
101.267,8.03627
101.408,7.97428
101.549,7.91580
101.689,7.86037
101.830,7.80760
101.971,7.75735
102.041,7.73316
102.112,7.70960
102.182,7.68669
102.253,7.66450
102.323,7.64301
102.393,7.62231
102.464,7.60247
102.534,7.58361
102.605,7.56584
102.675,7.54934
102.745,7.53429
102.816,7.52097
102.886,7.50969
102.957,7.50086
103.027,7.49500
103.062,7.49339
103.097,7.49279
103.133,7.49331
103.168,7.49510
103.203,7.49829
103.238,7.50306
103.273,7.50961
103.309,7.51818
103.344,7.52903
103.379,7.54243
103.414,7.55884
103.449,7.57864
103.484,7.60235
103.520,7.63057
103.555,7.66403
103.590,7.70358
103.625,7.75027
103.660,7.80537
103.678,7.83655
103.696,7.87043
103.713,7.90727
103.731,7.94736
103.748,7.99099
103.766,8.03852
103.784,8.09034
103.801,8.14688
103.819,8.20865
103.836,8.27621
103.854,8.35018
103.872,8.43129
103.889,8.52037
103.907,8.61835
103.924,8.72632
103.942,8.84480
103.960,8.97659
103.977,9.12272
103.995,9.28514
104.012,9.46612
104.030,9.66836
104.048,9.89504
104.065,10.1500
104.083,10.4376
104.092,10.5954
104.100,10.7635
104.109,10.9428
104.118,11.1343
104.127,11.3389
104.136,11.5580
104.144,11.7927
104.153,12.0446
104.162,12.3152
104.171,12.6064
104.180,12.9202
104.188,13.2590
104.197,13.6253
104.206,14.0220
104.215,14.4525
104.224,14.9205
104.232,15.4304
104.241,15.9870
104.250,16.5961
104.259,17.2642
104.268,17.9989
104.276,18.8090
104.285,19.7049
104.294,20.6985
104.303,21.8041
104.312,23.0388
104.316,23.7106
104.320,24.4224
104.325,25.1776
104.329,25.9794
104.334,26.8317
104.338,27.7386
104.342,28.7049
104.347,29.7356
104.351,30.8364
104.356,32.0136
104.360,33.2742
104.364,34.6259
104.369,36.0775
104.373,37.6387
104.378,39.3205
104.382,41.1350
104.386,43.0963
104.391,45.2198
104.395,47.5233
104.400,50.0270
104.404,52.7537
104.408,55.7294
104.413,58.9843
104.417,62.5525
104.422,66.4736
104.426,70.7933
104.430,75.5645
104.435,80.8486
104.439,86.7170
104.444,93.2534
104.446,96.8019
104.448,100.555
104.450,104.528
104.452,108.738
104.455,113.200
104.457,117.935
104.459,122.962
104.461,128.305
104.463,133.987
104.466,140.035
104.468,146.476
104.470,153.343
104.472,160.666
104.474,168.484
104.477,176.833
104.479,185.756
104.481,195.297
104.483,205.502
104.484,210.869
104.485,216.421
104.486,222.165
104.488,228.107
104.489,234.254
104.490,240.613
104.491,247.192
104.492,253.996
104.493,261.034
104.494,268.313
104.495,275.838
104.496,283.617
104.497,291.658
104.499,299.964
104.500,308.544
104.501,317.402
104.502,326.543
104.503,335.971
104.504,345.690
104.505,354.780
104.506,366.959
104.508,378.566
104.509,390.520
104.510,402.815
104.511,416.511
104.512,429.489
104.514,442.772
104.515,456.341
104.516,471.334
104.517,485.414
104.519,499.689
104.520,514.115
104.522,543.231
104.525,572.304
104.527,601.937
104.529,629.077
104.532,655.182
104.534,677.361
104.537,696.623
104.539,710.710
104.542,719.915
104.544,723.868
104.545,723.755
104.547,722.247
104.549,715.290
104.551,702.782
104.554,686.273
104.556,665.119
104.559,641.783
104.561,616.253
104.564,589.256
104.566,560.283
104.568,532.237
104.571,503.287
104.573,476.127
104.576,448.788
104.578,423.654
104.581,399.731
104.583,377.088
104.586,348.087
104.590,322.293
104.593,298.703
104.596,277.186
104.599,257.594
104.602,239.768
104.606,223.552
104.609,208.797
104.612,195.361
104.615,183.115
104.618,171.940
104.622,161.729
104.625,152.385
104.628,143.821
104.631,135.960
104.634,128.733
104.638,122.077
104.641,115.937
104.644,110.265
104.647,105.017
104.650,100.153
104.654,95.6382
104.657,91.4416
104.660,87.5350
104.663,83.8932
104.666,80.4936
104.670,77.3159
104.673,74.3417
104.676,71.5546
104.679,68.9396
104.682,66.4832
104.686,64.1731
104.689,61.9325
104.692,59.8868
104.695,57.9569
104.698,56.1344
104.702,54.4119
104.705,52.7823
104.711,49.7774
104.718,47.0751
104.724,44.6385
104.730,42.4361
104.737,40.4417
104.743,38.6334
104.750,36.9930
104.756,35.5056
104.762,34.1593
104.769,32.9451
104.775,31.8564
104.782,30.8889
104.788,30.0391
104.793,29.4874
104.797,29.0029
104.807,28.1683
104.816,27.4030
104.820,26.9976
104.825,26.5460
104.830,26.0276
104.834,25.4692
104.844,24.2712
104.853,23.0798
104.857,22.5297
104.862,22.0121
104.869,21.2678
104.876,20.5981
104.884,19.9933
104.891,19.4440
104.898,18.9418
104.905,18.4798
104.912,18.0525
104.920,17.6554
104.927,17.2848
104.934,16.9378
104.941,16.6118
104.948,16.3048
104.956,16.0150
104.963,15.7409
104.977,15.2348
104.992,14.7775
105.006,14.3624
105.020,13.9838
105.035,13.6373
105.049,13.3189
105.064,13.0256
105.078,12.7545
105.092,12.5034
105.107,12.2702
105.121,12.0531
105.136,11.8506
105.150,11.6614
105.164,11.4843
105.179,11.3181
105.193,11.1620
105.208,11.0151
105.222,10.8767
105.236,10.7460
105.251,10.6225
105.265,10.5056
105.294,10.2899
105.323,10.0952
105.352,9.91880
105.380,9.75833
105.409,9.61178
105.438,9.47748
105.467,9.35398
105.496,9.24008
105.524,9.13472
105.553,9.03700
105.582,8.94613
105.611,8.86143
105.640,8.78231
105.668,8.70823
105.697,8.63874
105.726,8.57344
105.755,8.51196
105.784,8.45418
105.841,8.34762
105.899,8.25204
105.956,8.16592
106.014,8.08801
106.072,8.01729
106.129,7.95296
106.187,7.89435
106.244,7.84093
106.302,7.79229
106.360,7.74809
106.417,7.70809
106.475,7.67211
106.532,7.64007
106.590,7.61193
106.648,7.58773
106.705,7.56762
106.763,7.55171
106.820,7.54030
106.878,7.53378
106.935,7.53262
106.993,7.53743
107.051,7.54898
107.108,7.56824
107.166,7.59641
107.195,7.61429
107.223,7.63500
107.252,7.65877
107.281,7.68589
107.310,7.71668
107.339,7.75148
107.367,7.79070
107.396,7.83478
107.425,7.88423
107.454,7.93964
107.483,8.00166
107.511,8.07104
107.540,8.14865
107.569,8.23547
107.598,8.33264
107.627,8.44109
107.655,8.56308
107.684,8.70004
107.713,8.85405
107.742,9.02755
107.771,9.22344
107.799,9.44514
107.828,9.69674
107.857,9.98315
107.871,10.1412
107.886,10.3103
107.900,10.4914
107.915,10.6854
107.929,10.8937
107.943,11.1173
107.958,11.3579
107.972,11.6170
107.987,11.8963
108.001,12.1980
108.015,12.5242
108.030,12.8774
108.044,13.2607
108.059,13.6771
108.073,14.1305
108.087,14.6250
108.102,15.1655
108.116,15.7576
108.131,16.4075
108.145,17.1228
108.159,17.9119
108.174,18.7850
108.188,19.7538
108.203,20.8322
108.217,22.0365
108.231,23.3863
108.239,24.1229
108.246,24.9050
108.253,25.7363
108.260,26.6209
108.267,27.5633
108.275,28.5683
108.282,29.6416
108.289,30.7891
108.296,32.0178
108.303,33.3352
108.311,34.7497
108.318,36.2708
108.325,37.9093
108.332,39.6770
108.339,41.5876
108.347,43.6563
108.354,45.9007
108.361,48.3405
108.368,50.9986
108.375,53.9008
108.383,57.0772
108.390,60.5625
108.397,64.3967
108.404,68.6268
108.411,73.3076
108.419,78.5035
108.422,81.3178
108.426,84.2905
108.429,87.4334
108.433,90.7592
108.437,94.2821
108.440,98.0175
108.444,101.982
108.447,106.195
108.451,110.676
108.455,115.449
108.458,120.537
108.462,125.969
108.465,131.775
108.469,137.989
108.473,144.648
108.476,151.796
108.480,159.478
108.483,167.747
108.487,176.662
108.491,186.288
108.494,196.700
108.498,207.980
108.501,220.221
108.505,233.530
108.509,248.026
108.512,263.841
108.516,281.128
108.519,300.056
108.523,320.817
108.527,343.623
108.530,368.713
108.534,396.346
108.536,411.205
108.537,426.806
108.539,443.190
108.541,460.393
108.543,478.455
108.545,497.415
108.546,517.309
108.548,536.988
108.551,576.474
108.554,617.885
108.557,662.483
108.561,710.263
108.564,762.796
108.567,816.526
108.570,872.621
108.573,930.485
108.576,993.199
108.580,1054.18
108.583,1116.25
108.586,1174.77
108.590,1249.56
108.595,1317.18
108.599,1379.61
108.603,1432.38
108.605,1456.07
108.607,1475.69
108.609,1492.01
108.612,1504.67
108.614,1513.60
108.616,1517.67
108.618,1517.14
108.620,1511.83
108.622,1502.30
108.624,1488.42
108.627,1463.08
108.629,1430.67
108.632,1392.02
108.635,1348.13
108.638,1300.08
108.640,1248.99
108.646,1143.84
108.651,1035.91
108.656,932.375
108.659,883.310
108.662,836.382
108.664,791.732
108.667,750.950
108.671,699.500
108.674,653.239
108.677,610.502
108.681,571.102
108.684,534.826
108.688,501.453
108.691,470.757
108.694,442.521
108.698,415.805
108.701,391.936
108.705,369.938
108.708,349.645
108.711,330.904
108.715,313.577
108.718,297.538
108.722,282.673
108.725,268.488
108.729,255.697
108.732,243.796
108.735,232.710
108.739,222.368
108.742,212.710
108.746,203.679
108.749,195.224
108.752,187.298
108.756,179.861
108.759,172.873
108.763,166.302
108.766,160.114
108.769,154.282
108.773,148.779
108.776,143.582
108.780,138.528
108.783,133.886
108.786,129.489
108.790,125.321
108.797,117.609
108.803,110.643
108.810,104.242
108.817,98.5111
108.824,93.2870
108.831,88.5116
108.838,84.0736
108.844,80.0579
108.851,76.3599
108.858,72.9470
108.865,69.7905
108.872,66.8653
108.878,64.1493
108.885,61.6228
108.892,59.2353
108.899,57.0402
108.906,54.9880
108.913,53.0664
108.919,51.2390
108.926,49.5486
108.933,47.9592
108.940,46.4627
108.947,45.0318
108.954,43.7015
108.960,42.4444
108.967,41.2552
108.974,40.1290
108.981,39.0615
108.994,37.0863
109.008,35.2886
109.022,33.6705
109.035,32.1877
109.049,30.8444
109.063,29.6058
109.076,28.4774
109.090,27.4387
109.103,26.4803
109.117,25.5876
109.131,24.7665
109.144,23.9984
109.158,23.2889
109.172,22.6227
109.185,22.0051
109.199,21.4272
109.213,20.8856
109.226,20.3736
109.240,19.8959
109.254,19.4430
109.267,19.0193
109.281,18.6164
109.294,18.2385
109.308,17.8809
109.322,17.5422
109.335,17.2186
109.349,16.9137
109.376,16.3462
109.404,15.8318
109.431,15.3654
109.458,14.9380
109.485,14.5465
109.513,14.1869
109.540,13.8568
109.567,13.5507
109.594,13.2673
109.622,13.0042
109.649,12.7603
109.676,12.5321
109.704,12.3189
109.731,12.1194
109.758,11.9329
109.785,11.7572
109.813,11.5918
109.840,11.4359
109.867,11.2893
109.894,11.1503
109.922,11.0187
109.949,10.8940
109.976,10.7760
110.004,10.6635
110.031,10.5566
110.085,10.3579
110.140,10.1767
110.194,10.0112
110.249,9.85912
110.304,9.71931
110.358,9.59015
110.413,9.47048
110.467,9.35909
110.522,9.25553
110.576,9.15867
110.631,9.06821
110.685,8.98327
110.740,8.90365
110.794,8.82863
110.849,8.75812
110.904,8.69155
110.958,8.62888
111.013,8.56966
111.067,8.51394
111.122,8.46137
111.176,8.41207
111.231,8.36585
111.285,8.32292
111.340,8.28327
111.394,8.24733
111.449,8.21542
111.476,8.20120
111.504,8.18835
111.531,8.17692
111.558,8.16714
111.585,8.15926
111.613,8.15359
111.640,8.15047
111.667,8.15041
111.695,8.15403
111.722,8.16213
111.735,8.16822
111.749,8.17583
111.763,8.18526
111.776,8.19659
111.790,8.21026
111.804,8.22639
111.817,8.24544
111.831,8.26783
111.845,8.29432
111.858,8.32515
111.872,8.36156
111.885,8.40396
111.899,8.45415
111.906,8.48230
111.913,8.51286
111.920,8.54608
111.926,8.58223
111.933,8.62161
111.940,8.66456
111.947,8.71220
111.954,8.76358
111.960,8.81987
111.967,8.88166
111.974,8.95065
111.981,9.02563
111.988,9.10843
111.995,9.20010
112.001,9.30341
112.008,9.41681
112.015,9.54340
112.022,9.68515
112.029,9.84443
112.035,10.0241
112.039,10.1225
112.042,10.2274
112.046,10.3393
112.049,10.4587
112.053,10.5902
112.056,10.7270
112.059,10.8736
112.063,11.0308
112.066,11.1997
112.070,11.3814
112.073,11.5772
112.076,11.7884
112.080,12.0166
112.083,12.2635
112.087,12.5313
112.090,12.8220
112.093,13.1383
112.097,13.4829
112.100,13.8592
112.104,14.2709
112.107,14.7360
112.110,15.2328
112.114,15.7796
112.117,16.3825
112.121,17.0485
112.124,17.7858
112.127,18.6033
112.131,19.5114
112.133,20.0030
112.134,20.5217
112.136,21.0690
112.138,21.6469
112.139,22.2569
112.141,22.9011
112.143,23.5813
112.144,24.2995
112.146,25.0578
112.148,25.8581
112.150,26.7023
112.151,27.5925
112.153,28.5305
112.155,29.5177
112.156,30.5556
112.158,31.6451
112.160,33.2722
112.163,35.0025
112.165,36.8325
112.168,38.6722
112.172,42.7253
112.177,46.8149
112.179,48.8592
112.182,50.8095
112.184,52.6091
112.187,54.1369
112.189,55.4687
112.191,56.4795
112.194,57.1264
112.196,57.3787
112.198,57.2485
112.201,56.7547
112.203,55.9231
112.205,54.7900
112.208,53.4006
112.210,51.8056
112.212,50.0567
112.215,48.2035
112.219,44.2751
112.224,40.4778
112.226,38.6574
112.228,36.9094
112.231,35.2429
112.233,33.6632
112.236,31.6751
112.239,29.8481
112.242,28.1766
112.245,26.6518
112.249,25.2634
112.252,24.0005
112.255,22.8520
112.258,21.8395
112.261,20.8857
112.264,20.0168
112.267,19.2242
112.270,18.5003
112.273,17.8382
112.276,17.2316
112.279,16.6751
112.282,16.1794
112.286,15.7072
112.289,15.2719
112.292,14.8698
112.295,14.4978
112.298,14.1532
112.301,13.8334
112.304,13.5361
112.307,13.2681
112.310,13.0096
112.313,12.7683
112.316,12.5427
112.319,12.3382
112.323,12.1399
112.326,11.9539
112.329,11.7790
112.332,11.6197
112.335,11.4645
112.338,11.3182
112.341,11.1801
112.344,11.0496
112.350,10.8093
112.356,10.5968
112.363,10.4019
112.369,10.2283
112.375,10.0680
112.381,9.92428
112.387,9.79077
112.393,9.66848
112.400,9.55617
112.406,9.45436
112.412,9.35879
112.418,9.27174
112.424,9.18966
112.430,9.11458
112.437,9.04349
112.443,8.97717
112.449,8.91519
112.455,8.85806
112.461,8.80358
112.467,8.75320
112.474,8.70500
112.480,8.66029
112.492,8.57684
112.504,8.50269
112.517,8.43589
112.529,8.37543
112.541,8.32003
112.554,8.26988
112.566,8.22390
112.578,8.18161
112.591,8.14225
112.603,8.10610
112.615,8.07250
112.628,8.04119
112.640,8.01170
112.652,7.98429
112.665,7.95833
112.677,7.93409
112.702,7.88939
112.726,7.84939
112.751,7.81303
112.776,7.78000
112.800,7.74956
112.825,7.72156
112.850,7.69547
112.874,7.67122
112.899,7.64840
112.923,7.62702
112.973,7.58756
113.022,7.55187
113.071,7.51914
113.121,7.48897
113.170,7.46085
113.219,7.43445
113.269,7.40954
113.318,7.38589
113.417,7.34177
113.515,7.30106
113.614,7.26317
113.712,7.22757
113.811,7.19395
113.910,7.16202
114.008,7.13171
114.107,7.10290
114.206,7.07560
114.304,7.04987
114.403,7.02600
114.452,7.01487
114.501,7.00438
114.551,6.99465
114.600,6.98581
114.649,6.97808
114.699,6.97175
114.748,6.96720
114.773,6.96577
114.797,6.96502
114.822,6.96505
114.847,6.96602
114.871,6.96808
114.896,6.97145
114.921,6.97641
114.945,6.98326
114.970,6.99248
114.995,7.00457
115.007,7.01198
115.019,7.02035
115.032,7.02995
115.044,7.04078
115.056,7.05319
115.069,7.06719
115.081,7.08313
115.093,7.10130
115.106,7.12223
115.118,7.14599
115.130,7.17327
115.143,7.20467
115.155,7.24128
115.167,7.28346
115.173,7.30729
115.180,7.33264
115.186,7.36054
115.192,7.39031
115.198,7.42318
115.204,7.45896
115.210,7.49800
115.217,7.53993
115.223,7.58658
115.229,7.63690
115.235,7.69312
115.241,7.75405
115.247,7.82247
115.254,7.89830
115.260,7.98262
115.266,8.07505
115.272,8.18008
115.278,8.29601
115.281,8.36034
115.284,8.42870
115.287,8.50142
115.290,8.57629
115.294,8.65868
115.297,8.74661
115.300,8.84057
115.303,8.94108
115.306,9.04874
115.309,9.16420
115.312,9.28820
115.315,9.41709
115.318,9.56035
115.321,9.71484
115.324,9.88168
115.327,10.0561
115.331,10.2511
115.334,10.4627
115.337,10.6926
115.340,10.9345
115.343,11.2066
115.346,11.5038
115.349,11.8289
115.352,12.1851
115.355,12.5760
115.358,13.0056
115.361,13.4784
115.364,13.9819
115.368,14.5549
115.371,15.1875
115.374,15.8860
115.377,16.6313
115.380,17.4797
115.383,18.4144
115.386,19.4414
115.389,20.5275
115.391,21.4632
115.394,22.4577
115.396,23.5087
115.399,24.5645
115.403,26.8860
115.408,29.2199
115.410,30.3820
115.413,31.4866
115.415,32.5008
115.418,33.3562
115.420,34.0949
115.422,34.6466
115.425,34.9876
115.427,35.1030
115.429,34.9985
115.432,34.6886
115.434,34.1882
115.436,33.5186
115.439,32.7064
115.441,31.7808
115.443,30.7714
115.446,29.7062
115.450,27.4591
115.455,25.2967
115.457,24.2626
115.459,23.2709
115.462,22.3264
115.464,21.4319
115.466,20.5530
115.469,19.7627
115.471,19.0222
115.473,18.3298
115.476,17.6832
115.478,17.0801
115.480,16.5178
115.483,15.9939
115.485,15.5057
115.487,15.0507
115.489,14.6265
115.492,14.2309
115.494,13.8618
115.496,13.5171
115.499,13.1950
115.501,12.8938
115.503,12.6119
115.506,12.3479
115.508,12.1003
115.510,11.8680
115.512,11.6498
115.515,11.4447
115.517,11.2517
115.519,11.0700
115.522,10.8986
115.524,10.7370
115.526,10.5843
115.529,10.4401
115.531,10.3036
115.533,10.1744
115.538,9.93583
115.542,9.72098
115.547,9.52685
115.552,9.35093
115.556,9.19103
115.561,9.04531
115.565,8.91216
115.570,8.79018
115.575,8.67817
115.579,8.57508
115.584,8.47998
115.588,8.39208
115.593,8.31065
115.598,8.23509
115.602,8.16483
115.607,8.09939
115.611,8.03833
115.616,7.98126
115.621,7.92784
115.625,7.87776
115.630,7.83074
115.639,7.74492
115.648,7.66865
115.657,7.60054
115.667,7.53942
115.676,7.48434
115.685,7.43451
115.694,7.38924
115.703,7.34797
115.713,7.31022
115.722,7.27557
115.731,7.24368
115.740,7.21424
115.749,7.18699
115.759,7.16169
115.768,7.13791
115.777,7.11597
115.795,7.07625
115.814,7.04124
115.832,7.01014
115.851,6.98232
115.869,6.95726
115.887,6.93455
115.906,6.91384
115.924,6.89487
115.943,6.87739
115.961,6.86122
115.979,6.84619
115.998,6.83216
116.016,6.81901
116.053,6.79499
116.090,6.77343
116.127,6.75394
116.164,6.73610
116.200,6.71962
116.237,6.70427
116.274,6.68987
116.311,6.67629
116.348,6.66340
116.421,6.63929
116.495,6.61704
116.568,6.59621
116.642,6.57649
116.716,6.55765
116.789,6.53958
116.937,6.50522
117.084,6.47267
117.231,6.44158
117.378,6.41167
117.526,6.38283
117.673,6.35500
117.820,6.32826
117.894,6.31530
117.967,6.30270
118.041,6.29045
118.115,6.27861
118.188,6.26722
118.262,6.25639
118.335,6.24618
118.409,6.23672
118.483,6.22815
118.556,6.22066
118.630,6.21448
118.704,6.20991
118.740,6.20834
118.777,6.20734
118.814,6.20697
118.851,6.20730
118.888,6.20843
118.924,6.21045
118.961,6.21349
118.998,6.21770
119.035,6.22325
119.072,6.23031
119.109,6.23912
119.145,6.24995
119.182,6.26314
119.219,6.27906
119.256,6.29819
119.293,6.32110
119.329,6.34857
119.348,6.36421
119.366,6.38131
119.385,6.40002
119.403,6.42048
119.421,6.44287
119.440,6.46739
119.458,6.49427
119.477,6.52377
119.495,6.55615
119.513,6.59177
119.532,6.63098
119.550,6.67421
119.569,6.72196
119.587,6.77479
119.606,6.83369
119.624,6.89878
119.642,6.97127
119.661,7.05218
119.679,7.14274
119.698,7.24441
119.716,7.35892
119.734,7.48835
119.744,7.55941
119.753,7.63518
119.762,7.71605
119.771,7.80246
119.780,7.89489
119.790,7.99389
119.799,8.10006
119.808,8.21406
119.817,8.33665
119.826,8.46866
119.836,8.61102
119.845,8.76481
119.854,8.93122
119.863,9.11159
119.872,9.30747
119.882,9.52061
119.891,9.75564
119.900,10.0098
119.909,10.2882
119.918,10.5939
119.928,10.9304
119.937,11.3018
119.946,11.7130
119.955,12.1697
119.964,12.6784
119.974,13.2473
119.978,13.5572
119.983,13.8859
119.987,14.2348
119.992,14.6055
119.997,14.9999
120.001,15.4200
120.006,15.8680
120.010,16.3464
120.015,16.8578
120.020,17.4052
120.024,17.9921
120.029,18.6222
120.033,19.2996
120.038,20.0291
120.043,20.8161
120.047,21.6664
120.052,22.5868
120.056,23.5850
120.061,24.6697
120.066,25.8507
120.070,27.1394
120.075,28.5486
120.079,30.0934
120.084,31.7909
120.089,33.6609
120.093,35.7265
120.098,38.0145
120.102,40.5563
120.107,43.3885
120.109,44.9267
120.112,46.5543
120.114,48.2779
120.116,50.1047
120.119,52.0424
120.121,54.0997
120.123,56.2857
120.125,58.6106
120.128,61.0855
120.130,63.7221
120.132,66.5338
120.135,69.5346
120.137,72.7401
120.139,76.1673
120.142,79.8344
120.144,83.7615
120.146,87.9701
120.148,92.4836
120.151,97.3272
120.153,102.528
120.155,108.114
120.158,114.117
120.160,120.569
120.162,127.502
120.165,134.951
120.167,142.949
120.169,151.530
120.171,160.724
120.174,170.556
120.175,175.947
120.176,181.047
120.177,186.785
120.178,192.705
120.180,198.806
120.181,205.085
120.182,211.538
120.183,218.159
120.184,224.941
120.186,231.290
120.187,238.348
120.188,245.530
120.189,252.818
120.190,260.191
120.192,267.624
120.193,275.090
120.195,289.375
120.197,304.005
120.200,318.017
120.202,331.024
120.205,342.169
120.207,352.024
120.209,359.698
120.212,364.876
120.214,367.295
120.215,367.523
120.217,367.000
120.219,363.881
120.221,357.850
120.224,349.667
120.226,339.026
120.229,327.186
120.231,314.163
120.234,300.345
120.236,285.486
120.238,271.088
120.241,256.222
120.243,242.278
120.246,228.252
120.248,215.368
120.251,203.120
120.253,191.541
120.255,182.859
120.257,174.602
120.259,166.766
120.261,159.720
120.262,152.669
120.264,145.999
120.266,139.695
120.268,134.044
120.270,128.401
120.272,123.071
120.274,118.039
120.276,113.529
120.277,109.025
120.279,104.770
120.281,100.748
120.283,97.1404
120.285,93.5329
120.287,90.1192
120.289,86.8871
120.291,83.9825
120.292,81.0726
120.294,78.3132
120.298,73.3371
120.302,68.7194
120.306,64.6479
120.309,60.9476
120.313,57.5771
120.317,54.4209
120.320,51.6129
120.324,48.9718
120.328,46.6120
120.332,44.3834
120.335,42.3840
120.339,40.5364
120.343,38.8260
120.347,37.1985
120.350,35.7278
120.354,34.3238
120.358,33.0509
120.362,31.8317
120.365,30.7232
120.369,29.6854
120.373,28.7126
120.377,27.7757
120.380,26.9191
120.384,26.0920
120.388,25.3338
120.392,24.6001
120.395,23.9260
120.399,23.2888
120.403,22.6859
120.406,22.0998
120.410,21.5593
120.418,20.5462
120.425,19.6319
120.433,18.8144
120.440,18.0613
120.448,17.3750
120.455,16.7478
120.462,16.1804
120.470,15.6519
120.477,15.1651
120.485,14.7159
120.492,14.3057
120.500,13.9201
120.507,13.5620
120.515,13.2288
120.522,12.9182
120.530,12.6282
120.537,12.3569
120.545,12.1028
120.552,11.8675
120.560,11.6433
120.567,11.4324
120.575,11.2338
120.582,11.0488
120.590,10.8717
120.597,10.7043
120.605,10.5458
120.612,10.3975
120.627,10.1196
120.642,9.87005
120.657,9.64222
120.672,9.43623
120.687,9.24687
120.702,9.07458
120.717,8.91526
120.732,8.76948
120.747,8.63396
120.762,8.50855
120.777,8.39221
120.792,8.28475
120.807,8.18395
120.821,8.09046
120.836,8.00242
120.851,7.92048
120.866,7.84304
120.881,7.77071
120.896,7.70214
120.911,7.63790
120.926,7.57682
120.941,7.51943
120.956,7.46471
120.971,7.41317
121.001,7.31707
121.031,7.23034
121.061,7.15143
121.091,7.07936
121.121,7.01327
121.150,6.95245
121.180,6.89629
121.210,6.84427
121.240,6.79578
121.270,6.75076
121.300,6.70869
121.330,6.66928
121.360,6.63228
121.390,6.59745
121.420,6.56459
121.450,6.53354
121.480,6.50403
121.509,6.47612
121.569,6.42430
121.629,6.37714
121.689,6.33393
121.749,6.29406
121.809,6.25718
121.868,6.22284
121.928,6.19071
121.988,6.16049
122.048,6.13202
122.108,6.10508
122.167,6.07948
122.227,6.05504
122.287,6.03173
122.407,5.98791
122.526,5.94726
122.646,5.90929
122.766,5.87356
122.885,5.83982
123.005,5.80785
123.125,5.77764
123.244,5.74926
123.304,5.73589
123.364,5.72317
123.424,5.71124
123.484,5.70037
123.543,5.69093
123.573,5.68693
123.603,5.68355
123.633,5.68093
123.663,5.67929
123.693,5.67891
123.723,5.68017
123.753,5.68361
123.768,5.68641
123.783,5.69006
123.798,5.69478
123.813,5.70072
123.828,5.70822
123.843,5.71751
123.858,5.72913
123.872,5.74350
123.887,5.76154
123.902,5.78400
123.910,5.79742
123.917,5.81252
123.925,5.82957
123.932,5.84860
123.940,5.87047
123.947,5.89539
123.955,5.92387
123.962,5.95611
123.970,5.99376
123.977,6.03739
123.985,6.08825
123.992,6.14701
124.000,6.21720
124.003,6.25763
124.007,6.30062
124.011,6.34893
124.015,6.40051
124.018,6.45711
124.022,6.51936
124.026,6.58992
124.029,6.66590
124.033,6.75243
124.037,6.84605
124.041,6.95318
124.044,7.06964
124.048,7.19979
124.052,7.34554
124.056,7.51377
124.059,7.69816
124.063,7.91160
124.065,8.02849
124.067,8.14599
124.069,8.27761
124.071,8.41744
124.073,8.56596
124.074,8.71505
124.076,8.88169
124.078,9.04866
124.080,9.23481
124.082,9.42075
124.084,9.68333
124.086,9.95056
124.089,10.2451
124.091,10.5411
124.096,11.1791
124.101,11.8362
124.103,12.1647
124.105,12.4653
124.108,12.7555
124.110,13.0022
124.112,13.2175
124.115,13.3757
124.117,13.4835
124.119,13.5277
124.122,13.5104
124.124,13.4340
124.126,13.2959
124.129,13.1135
124.131,12.8790
124.133,12.6205
124.136,12.3246
124.138,12.0243
124.143,11.3894
124.148,10.7645
124.150,10.4596
124.152,10.1796
124.155,9.90182
124.157,9.65007
124.159,9.44291
124.161,9.25621
124.163,9.07920
124.165,8.91163
124.167,8.74510
124.169,8.59586
124.170,8.45497
124.172,8.32203
124.174,8.19020
124.176,8.07224
124.180,7.85598
124.184,7.65861
124.188,7.48736
124.192,7.33055
124.195,7.19395
124.199,7.06830
124.203,6.95830
124.207,6.85662
124.211,6.76713
124.215,6.68601
124.218,6.61228
124.222,6.54342
124.226,6.48221
124.230,6.42477
124.234,6.37347
124.238,6.32511
124.242,6.28173
124.249,6.20365
124.257,6.13668
124.265,6.07879
124.272,6.02842
124.280,5.98483
124.288,5.94588
124.295,5.91137
124.303,5.88063
124.311,5.85310
124.318,5.82835
124.326,5.80599
124.334,5.78571
124.341,5.76747
124.357,5.73509
124.372,5.70770
124.388,5.68425
124.403,5.66409
124.418,5.64635
124.434,5.63073
124.449,5.61686
124.464,5.60454
124.480,5.59340
124.495,5.58333
124.526,5.56592
124.557,5.55137
124.587,5.53922
124.618,5.52908
124.649,5.52076
124.680,5.51416
124.710,5.50937
124.741,5.50654
124.772,5.50600
124.803,5.50828
124.818,5.51072
124.833,5.51417
124.849,5.51888
124.864,5.52503
124.880,5.53291
124.895,5.54282
124.910,5.55536
124.926,5.57108
124.941,5.59080
124.956,5.61544
124.964,5.63019
124.972,5.64683
124.979,5.66562
124.987,5.68692
124.995,5.71112
125.003,5.73871
125.010,5.77030
125.018,5.80609
125.026,5.84792
125.033,5.89646
125.041,5.95310
125.049,6.01960
125.053,6.05774
125.056,6.09821
125.060,6.14352
125.064,6.19179
125.068,6.24606
125.072,6.30411
125.076,6.36789
125.079,6.43813
125.083,6.51780
125.087,6.60379
125.091,6.70181
125.095,6.80814
125.099,6.92994
125.102,7.06274
125.106,7.21147
125.110,7.37843
125.114,7.57150
125.118,7.78383
125.120,7.90633
125.122,8.03018
125.124,8.16180
125.125,8.30170
125.127,8.45845
125.129,8.61692
125.131,8.78523
125.133,8.96387
125.135,9.15333
125.137,9.35403
125.139,9.56633
125.141,9.79049
125.143,10.0908
125.145,10.3964
125.148,10.7332
125.150,11.0716
125.155,11.8010
125.160,12.5521
125.162,12.9275
125.164,13.2711
125.167,13.6026
125.169,13.8843
125.171,14.1303
125.174,14.3108
125.176,14.4338
125.178,14.4841
125.181,14.4639
125.183,14.3763
125.185,14.2181
125.188,14.0094
125.190,13.7412
125.192,13.4454
125.195,13.1070
125.197,12.7637
125.202,12.0378
125.207,11.3234
125.209,10.9748
125.211,10.6549
125.214,10.3373
125.216,10.0496
125.218,9.83599
125.219,9.64352
125.221,9.45996
125.223,9.28513
125.225,9.10925
125.226,8.95157
125.228,8.80176
125.230,8.65950
125.232,8.51671
125.233,8.38892
125.237,8.15252
125.240,7.93952
125.243,7.74748
125.247,7.56928
125.250,7.41302
125.254,7.26756
125.257,7.13954
125.261,7.01990
125.264,6.91419
125.268,6.81770
125.271,6.72945
125.274,6.64631
125.278,6.57224
125.281,6.50218
125.285,6.43951
125.288,6.38000
125.292,6.32657
125.298,6.23107
125.305,6.14735
125.312,6.07562
125.319,6.01195
125.326,5.95675
125.333,5.90723
125.340,5.86325
125.347,5.82402
125.353,5.78935
125.360,5.75767
125.367,5.72906
125.374,5.70313
125.381,5.67986
125.395,5.63857
125.408,5.60401
125.422,5.57454
125.436,5.54918
125.450,5.52701
125.463,5.50777
125.477,5.49071
125.491,5.47570
125.505,5.46223
125.518,5.45026
125.546,5.42977
125.573,5.41291
125.601,5.39894
125.628,5.38730
125.656,5.37762
125.683,5.36953
125.711,5.36288
125.738,5.35751
125.765,5.35333
125.793,5.35026
125.820,5.34828
125.848,5.34738
125.875,5.34756
125.903,5.34887
125.930,5.35136
125.958,5.35511
125.985,5.36018
126.013,5.36673
126.040,5.37486
126.068,5.38479
126.095,5.39664
126.123,5.41076
126.150,5.42737
126.178,5.44683
126.205,5.46943
126.232,5.49582
126.260,5.52649
126.287,5.56214
126.315,5.60343
126.342,5.65168
126.370,5.70797
126.384,5.73973
126.397,5.77386
126.411,5.81085
126.425,5.85095
126.439,5.89483
126.452,5.94220
126.466,5.99376
126.480,6.04996
126.493,6.11179
126.507,6.17894
126.521,6.25250
126.535,6.33325
126.548,6.42274
126.562,6.52071
126.576,6.62979
126.590,6.74979
126.603,6.88411
126.617,7.03273
126.631,7.19882
126.644,7.38507
126.658,7.59631
126.665,7.71203
126.672,7.83338
126.679,7.96456
126.686,8.10452
126.693,8.25403
126.699,8.41155
126.706,8.58265
126.713,8.76614
126.720,8.96321
126.727,9.17199
126.734,9.40009
126.741,9.64249
126.748,9.90820
126.754,10.1916
126.761,10.5033
126.768,10.8421
126.775,11.2112
126.782,11.6080
126.789,12.0482
126.796,12.5311
126.803,13.0621
126.809,13.6387
126.816,14.2852
126.823,15.0023
126.830,15.8004
126.837,16.6779
126.840,17.1693
126.844,17.6752
126.847,18.2113
126.851,18.7801
126.854,19.4024
126.857,20.0457
126.861,20.7305
126.864,21.4601
126.868,22.2621
126.871,23.0951
126.875,24.0132
126.878,24.9692
126.882,26.0257
126.885,27.1291
126.888,28.3158
126.892,29.5940
126.895,31.0150
126.899,32.5083
126.902,34.1245
126.905,35.8768
126.909,37.8382
126.912,39.9139
126.916,42.1765
126.919,44.6475
126.923,47.4346
126.926,50.4067
126.930,53.7725
126.933,57.3762
126.936,61.4733
126.940,65.8771
126.943,70.7515
126.947,76.1556
126.948,79.2533
126.950,82.3416
126.952,85.5977
126.954,89.0313
126.955,92.6527
126.957,96.4726
126.959,100.502
126.960,104.752
126.962,109.505
126.964,114.244
126.966,119.239
126.967,124.499
126.969,130.035
126.971,135.855
126.972,141.966
126.974,148.375
126.975,153.079
126.976,157.933
126.978,162.935
126.979,168.083
126.980,173.374
126.981,178.803
126.982,184.364
126.984,190.047
126.985,195.843
126.986,201.739
126.987,207.720
126.988,213.768
126.990,219.862
126.991,225.981
126.992,232.096
126.993,238.181
126.996,250.123
126.998,261.522
127.000,272.057
127.003,281.388
127.005,289.181
127.008,295.132
127.010,298.993
127.012,300.582
127.015,299.975
127.017,297.095
127.020,292.085
127.022,285.176
127.024,276.658
127.027,266.856
127.029,256.104
127.032,244.721
127.034,232.995
127.036,221.173
127.039,209.460
127.041,198.014
127.044,186.954
127.046,176.362
127.048,166.294
127.051,157.162
127.054,144.961
127.057,134.132
127.060,124.249
127.064,115.254
127.067,107.080
127.070,99.6600
127.073,92.9239
127.076,86.8065
127.080,81.0815
127.083,76.0383
127.086,71.4439
127.089,67.2524
127.092,63.4226
127.096,59.9176
127.099,56.7046
127.102,53.7543
127.105,50.9593
127.109,48.4653
127.112,46.1634
127.115,44.0355
127.118,42.0651
127.121,40.2378
127.125,38.5405
127.128,36.9615
127.131,35.4906
127.134,34.1183
127.137,32.8363
127.141,31.6370
127.144,30.5135
127.147,29.4599
127.150,28.4705
127.153,27.5402
127.157,26.6381
127.160,25.8146
127.163,25.0377
127.166,24.3040
127.169,23.6105
127.173,22.9542
127.179,21.7433
127.185,20.6530
127.192,19.6680
127.198,18.7751
127.205,17.9633
127.211,17.2119
127.218,16.5359
127.224,15.9161
127.230,15.3465
127.237,14.8217
127.243,14.3371
127.250,13.8888
127.256,13.4731
127.262,13.0812
127.269,12.7223
127.275,12.3876
127.282,12.0752
127.288,11.7829
127.294,11.5091
127.301,11.2522
127.307,11.0109
127.314,10.7804
127.320,10.5668
127.327,10.3652
127.333,10.1749
127.339,9.99504
127.346,9.82477
127.359,9.51043
127.371,9.22500
127.384,8.96885
127.397,8.73625
127.410,8.52434
127.423,8.32923
127.436,8.15182
127.448,7.98875
127.461,7.83847
127.474,7.69857
127.487,7.57007
127.500,7.45079
127.512,7.33986
127.525,7.23568
127.538,7.13918
127.551,7.04891
127.564,6.96432
127.577,6.88430
127.589,6.80968
127.602,6.73941
127.615,6.67315
127.641,6.55095
127.666,6.44186
127.692,6.34322
127.718,6.25433
127.743,6.17325
127.769,6.09960
127.795,6.03191
127.820,5.96998
127.846,5.91270
127.872,5.85998
127.897,5.81093
127.923,5.76555
127.949,5.72313
127.974,5.68370
128.000,5.64669
128.025,5.61215
128.077,5.54916
128.128,5.49339
128.179,5.44378
128.231,5.39951
128.282,5.35993
128.333,5.32455
128.385,5.29297
128.436,5.26490
128.487,5.24014
128.538,5.21856
128.590,5.20007
128.641,5.18469
128.692,5.17247
128.744,5.16353
128.795,5.15809
128.846,5.15640
128.898,5.15884
128.949,5.16586
129.000,5.17807
129.052,5.19619
129.103,5.22115
129.154,5.25413
129.180,5.27410
129.205,5.29656
129.231,5.32193
129.257,5.35028
129.282,5.38214
129.308,5.41762
129.334,5.45737
129.359,5.50155
129.385,5.55099
129.411,5.60590
129.436,5.66737
129.462,5.73569
129.488,5.81227
129.513,5.89753
129.539,5.99333
129.565,6.10029
129.590,6.22088
129.616,6.35605
129.642,6.50913
129.667,6.68158
129.693,6.87797
129.718,7.10061
129.731,7.22444
129.744,7.35592
129.757,7.49669
129.770,7.64759
129.783,7.81083
129.795,7.98491
129.808,8.17219
129.821,8.37392
129.834,8.59330
129.847,8.82852
129.860,9.08302
129.872,9.35883
129.885,9.66068
129.898,9.98653
129.911,10.3416
129.924,10.7292
129.937,11.1569
129.949,11.6224
129.962,12.1342
129.975,12.6982
129.988,13.3266
130.001,14.0180
130.013,14.7867
130.026,15.6441
130.039,16.6118
130.046,17.1355
130.052,17.6912
130.058,18.2814
130.065,18.9090
130.071,19.5771
130.078,20.2891
130.084,21.0610
130.090,21.8734
130.097,22.7425
130.103,23.6735
130.110,24.6721
130.116,25.7450
130.122,26.8994
130.129,28.1434
130.135,29.5081
130.142,30.9622
130.148,32.5375
130.155,34.2476
130.161,36.1077
130.167,38.1352
130.174,40.3502
130.180,42.7756
130.187,45.4817
130.193,48.4164
130.199,51.6553
130.206,55.2401
130.209,57.1773
130.212,59.2199
130.215,61.3756
130.219,63.6525
130.222,66.0594
130.225,68.6060
130.228,71.3028
130.231,74.1614
130.235,77.2920
130.238,80.5192
130.241,83.9501
130.244,87.6013
130.248,91.4911
130.251,95.6395
130.254,100.069
130.257,104.803
130.260,109.869
130.264,115.297
130.267,121.120
130.270,127.373
130.273,134.097
130.276,141.336
130.280,149.141
130.283,157.564
130.286,166.964
130.289,176.839
130.292,187.538
130.296,199.142
130.299,211.742
130.302,225.438
130.305,240.339
130.308,256.562
130.312,274.235
130.315,293.495
130.318,314.482
130.321,337.345
130.324,362.229
130.328,389.273
130.331,418.600
130.334,450.302
130.337,481.123
130.340,512.754
130.343,546.153
130.345,581.177
130.348,617.590
130.351,655.047
130.357,731.063
130.359,769.560
130.362,804.997
130.365,837.727
130.368,866.706
130.371,890.901
130.373,909.377
130.376,921.380
130.379,926.412
130.381,926.163
130.382,924.080
130.385,914.698
130.388,898.778
130.390,877.043
130.393,850.401
130.396,819.857
130.399,786.435
130.402,751.111
130.407,676.848
130.413,605.221
130.416,571.040
130.418,538.315
130.421,507.204
130.424,477.794
130.427,448.205
130.430,421.476
130.433,395.712
130.436,372.555
130.439,350.313
130.442,330.371
130.445,311.246
130.448,294.111
130.451,277.680
130.454,262.953
130.457,248.820
130.459,236.139
130.462,223.953
130.465,213.001
130.468,202.798
130.471,193.284
130.474,184.107
130.477,175.829
130.480,167.828
130.483,160.595
130.486,153.591
130.489,147.245
130.492,141.087
130.495,135.497
130.498,130.061
130.501,125.117
130.504,120.299
130.507,115.908
130.510,111.621
130.512,107.706
130.515,104.002
130.518,100.494
130.521,97.0560
130.524,93.9061
130.530,87.9774
130.536,82.6242
130.542,77.7759
130.548,73.3720
130.554,69.3604
130.560,65.6966
130.565,62.3963
130.571,59.3127
130.577,56.4760
130.583,53.8607
130.589,51.4838
130.595,49.2441
130.601,47.1668
130.607,45.2366
130.612,43.4693
130.618,41.7921
130.624,40.2259
130.630,38.7611
130.636,37.3890
130.642,36.1019
130.648,34.8931
130.654,33.7561
130.659,32.7030
130.665,31.6925
130.671,30.7387
130.677,29.8374
130.683,28.9847
130.689,28.1772
130.695,27.4118
130.707,26.0070
130.718,24.7261
130.730,23.5647
130.742,22.5081
130.754,21.5517
130.765,20.6687
130.777,19.8651
130.789,19.1193
130.801,18.4372
130.812,17.8013
130.824,17.2123
130.836,16.6657
130.848,16.1616
130.860,15.6880
130.871,15.2460
130.883,14.8329
130.895,14.4494
130.907,14.0868
130.918,13.7463
130.930,13.4263
130.942,13.1276
130.954,12.8436
130.965,12.5780
130.977,12.3249
130.989,12.0876
131.013,11.6466
131.036,11.2520
131.060,10.8948
131.083,10.5733
131.107,10.2810
131.130,10.0170
131.154,9.77730
131.177,9.55950
131.201,9.36089
131.224,9.18154
131.248,9.01858
131.271,8.87234
131.295,8.74074
131.319,8.62430
131.342,8.52209
131.366,8.43399
131.389,8.35985
131.413,8.30072
131.436,8.25686
131.460,8.22977
131.483,8.22086
131.507,8.23244
131.519,8.24686
131.530,8.26743
131.542,8.29506
131.554,8.32989
131.566,8.37326
131.577,8.42575
131.589,8.48836
131.601,8.56159
131.613,8.64804
131.625,8.74877
131.636,8.86569
131.648,8.99983
131.660,9.15619
131.672,9.33696
131.683,9.54608
131.695,9.78615
131.701,9.92134
131.707,10.0671
131.713,10.2244
131.719,10.3913
131.725,10.5747
131.730,10.7733
131.736,10.9884
131.742,11.2176
131.748,11.4708
131.754,11.7463
131.760,12.0465
131.766,12.3742
131.772,12.7327
131.778,13.1254
131.783,13.5567
131.789,14.0229
131.795,14.5457
131.801,15.1240
131.807,15.7653
131.813,16.4658
131.819,17.2601
131.825,18.1493
131.828,18.6424
131.830,19.1481
131.833,19.6845
131.836,20.2540
131.839,20.8808
131.842,21.5261
131.845,22.2379
131.848,22.9723
131.851,23.7841
131.854,24.6237
131.857,25.5540
131.860,26.5185
131.863,27.5899
131.866,28.7035
131.869,29.9440
131.872,31.2368
131.875,32.6808
131.878,34.1901
131.880,35.8221
131.883,37.5893
131.886,39.5746
131.889,41.6615
131.892,44.0127
131.895,46.4915
131.898,49.2918
131.901,52.2517
131.904,55.4870
131.907,59.0268
131.910,63.0428
131.913,67.3025
131.916,72.1389
131.919,77.2685
131.922,83.0863
131.925,89.2422
131.927,95.9544
131.930,103.248
131.933,109.732
131.935,116.618
131.938,123.893
131.940,131.522
131.942,139.454
131.945,147.611
131.947,155.888
131.949,163.805
131.952,171.890
131.954,179.599
131.957,186.711
131.959,192.753
131.961,198.028
131.964,202.045
131.966,204.635
131.968,205.674
131.971,205.211
131.973,203.197
131.976,199.732
131.978,194.975
131.980,189.128
131.983,182.414
131.985,175.063
131.988,167.623
131.990,159.636
131.992,151.590
131.995,143.622
131.997,136.161
131.999,128.637
132.002,121.435
132.004,114.591
132.007,108.388
132.010,100.345
132.013,93.1989
132.016,86.4606
132.019,80.5144
132.022,74.9323
132.025,70.0185
132.029,65.5473
132.032,61.4775
132.035,57.6564
132.038,54.2863
132.041,51.2098
132.044,48.3975
132.047,45.7435
132.050,43.3895
132.054,41.2277
132.057,39.2391
132.060,37.3504
132.063,35.6640
132.066,34.0570
132.069,32.6174
132.072,31.2411
132.076,30.0043
132.079,28.8539
132.082,27.7824
132.085,26.7517
132.088,25.8200
132.091,24.9485
132.094,24.1323
132.097,23.3429
132.101,22.6255
132.104,21.9511
132.107,21.3164
132.110,20.6995
132.113,20.1363
132.116,19.5878
132.119,19.0859
132.123,18.5961
132.126,18.1470
132.132,17.3171
132.138,16.5568
132.144,15.8800
132.151,15.2558
132.157,14.6966
132.163,14.1777
132.169,13.7102
132.176,13.2741
132.182,12.8790
132.188,12.5087
132.194,12.1718
132.201,11.8545
132.207,11.5646
132.213,11.2905
132.219,11.0352
132.226,10.7969
132.232,10.5775
132.238,10.3687
132.244,10.1758
132.251,9.99158
132.257,9.82095
132.263,9.65753
132.269,9.50574
132.282,9.22425
132.294,8.97163
132.307,8.74388
132.320,8.53611
132.332,8.34881
132.345,8.17792
132.357,8.02146
132.370,7.87773
132.382,7.74529
132.395,7.62291
132.407,7.50950
132.420,7.40332
132.432,7.30525
132.445,7.21370
132.457,7.12805
132.470,7.04714
132.482,6.97176
132.507,6.83394
132.532,6.71059
132.557,6.60039
132.582,6.50098
132.607,6.41086
132.632,6.32849
132.657,6.25352
132.682,6.18478
132.707,6.12157
132.733,6.06310
132.758,6.00936
132.783,5.95972
132.808,5.91386
132.833,5.87134
132.858,5.83231
132.883,5.79630
132.908,5.76350
132.933,5.73358
132.958,5.70677
132.983,5.68299
133.008,5.66235
133.033,5.64495
133.058,5.63118
133.083,5.62129
133.108,5.61574
133.133,5.61514
133.158,5.62028
133.183,5.63220
133.208,5.65227
133.221,5.66603
133.233,5.68247
133.246,5.70201
133.258,5.72505
133.271,5.75204
133.283,5.78351
133.296,5.82010
133.308,5.86257
133.321,5.91224
133.333,5.96943
133.346,6.03583
133.358,6.11304
133.371,6.20306
133.383,6.30834
133.390,6.36814
133.396,6.43198
133.402,6.50243
133.408,6.57785
133.415,6.66131
133.421,6.75244
133.427,6.85208
133.433,6.95943
133.440,7.07908
133.446,7.20850
133.452,7.35337
133.458,7.51078
133.465,7.68785
133.471,7.88127
133.477,8.10006
133.483,8.34048
133.490,8.61417
133.496,8.91699
133.502,9.26426
133.505,9.45178
133.508,9.65149
133.512,9.87153
133.515,10.0993
133.518,10.3508
133.521,10.6118
133.524,10.9008
133.527,11.2014
133.530,11.5243
133.533,11.8715
133.537,12.2582
133.540,12.6626
133.543,13.0996
133.546,13.5724
133.549,14.1019
133.552,14.6595
133.555,15.2657
133.558,15.9258
133.562,16.6703
133.565,17.4595
133.568,18.3234
133.571,19.2706
133.574,20.3462
133.577,21.4941
133.580,22.7588
133.583,24.1538
133.587,25.7468
133.590,27.4553
133.593,29.3446
133.596,31.4340
133.598,32.5971
133.599,33.8215
133.602,36.3776
133.605,39.1911
133.608,42.2754
133.611,44.8541
133.613,47.4807
133.615,50.2538
133.618,53.1620
133.620,56.3204
133.622,59.4370
133.625,62.6030
133.627,65.7690
133.629,69.0067
133.632,71.9721
133.634,74.7214
133.636,77.1695
133.639,79.3119
133.641,80.8901
133.643,81.9400
133.646,82.4192
133.647,82.4359
133.648,82.2924
133.650,81.5801
133.653,80.3253
133.655,78.5846
133.657,76.3284
133.660,73.8288
133.662,71.0835
133.664,68.1724
133.667,65.0362
133.669,62.0011
133.674,56.0412
133.676,53.0657
133.678,50.3330
133.681,47.7308
133.683,45.2668
133.685,42.8466
133.688,40.5799
133.690,38.4631
133.692,36.4908
133.695,34.6557
133.697,32.9502
133.700,31.3661
133.702,29.9543
133.704,28.5842
133.707,27.3117
133.709,26.1293
133.712,25.0302
133.714,24.0077
133.716,23.0558
133.719,22.1689
133.721,21.3751
133.723,20.6008
133.726,19.8773
133.728,19.2007
133.731,18.5673
133.733,17.9738
133.735,17.4170
133.738,16.8942
133.740,16.4226
133.743,15.9591
133.745,15.5226
133.747,15.1111
133.750,14.7229
133.752,14.3562
133.755,14.0096
133.759,13.3838
133.764,12.8091
133.769,12.2911
133.774,11.8229
133.778,11.4068
133.783,11.0199
133.788,10.6671
133.793,10.3445
133.797,10.0547
133.802,9.78253
133.807,9.53189
133.812,9.30058
133.817,9.09093
133.821,8.89236
133.826,8.71170
133.831,8.53996
133.836,8.38315
133.840,8.23359
133.845,8.09377
133.850,7.96287
133.855,7.84261
133.864,7.61872
133.874,7.42223
133.883,7.24527
133.893,7.08850
133.902,6.94748
133.912,6.82013
133.921,6.70356
133.931,6.59872
133.941,6.50212
133.950,6.41470
133.960,6.33371
133.969,6.26003
133.979,6.19211
133.988,6.12937
134.007,6.01689
134.026,5.91991
134.045,5.83581
134.065,5.76253
134.084,5.69844
134.103,5.64226
134.122,5.59297
134.141,5.54996
134.160,5.51212
134.179,5.47918
134.198,5.45072
134.217,5.42655
134.236,5.40618
134.255,5.38957
134.274,5.37664
134.293,5.36738
134.313,5.36172
134.332,5.35980
134.351,5.36176
134.370,5.36784
134.389,5.37831
134.408,5.39357
134.427,5.41409
134.446,5.44035
134.465,5.47336
134.484,5.51395
134.503,5.56329
134.522,5.62251
134.542,5.69407
134.561,5.78000
134.570,5.82953
134.580,5.88328
134.589,5.94224
134.599,6.00699
134.608,6.07896
134.618,6.15739
134.627,6.24483
134.637,6.34045
134.647,6.44745
134.656,6.56494
134.666,6.69702
134.675,6.84282
134.685,7.00764
134.694,7.19069
134.704,7.39903
134.713,7.63211
134.723,7.89952
134.728,8.04698
134.732,8.20131
134.737,8.36999
134.742,8.54696
134.747,8.74091
134.751,8.94497
134.756,9.16926
134.761,9.41120
134.766,9.67264
134.771,9.94949
134.775,10.2559
134.780,10.5887
134.785,10.9511
134.790,11.3378
134.794,11.7693
134.799,12.2421
134.804,12.7616
134.809,13.3212
134.814,13.9518
134.818,14.6348
134.823,15.4088
134.828,16.2522
134.833,17.2138
134.835,17.7374
134.837,18.2923
134.840,18.8810
134.842,19.5061
134.845,20.1705
134.847,20.8470
134.849,21.5976
134.852,22.3976
134.854,23.2511
134.856,24.1626
134.859,25.1369
134.861,26.1794
134.864,27.2960
134.866,28.4416
134.868,29.7223
134.871,31.0980
134.873,32.5767
134.876,34.1676
134.878,35.8805
134.880,37.7259
134.883,39.7152
134.885,41.7678
134.887,44.0745
134.890,46.5627
134.892,49.2460
134.895,52.0133
134.897,55.1179
134.899,58.4565
134.902,62.0394
134.904,65.7094
134.906,69.7890
134.909,74.1214
134.911,78.6963
134.914,83.2888
134.916,88.2657
134.918,93.3827
134.921,98.5722
134.923,103.533
134.925,108.594
134.928,113.412
134.930,117.848
134.933,121.604
134.935,124.866
134.937,127.242
134.940,128.837
134.942,129.453
134.944,129.118
134.947,127.805
134.949,125.578
134.951,122.681
134.954,118.985
134.956,114.743
134.959,110.100
134.961,105.403
134.963,100.365
134.966,95.2933
134.970,85.5795
134.973,80.8479
134.975,76.5066
134.978,72.2003
134.980,68.2991
134.983,63.8533
134.985,59.7371
134.988,55.9395
134.991,52.5644
134.994,49.3433
134.997,46.3863
134.999,43.6730
135.002,41.2685
135.005,38.9761
135.008,36.8706
135.010,34.9352
135.013,33.2157
135.016,31.5707
135.019,30.0539
135.022,28.6534
135.024,27.4033
135.027,26.2017
135.030,25.0880
135.033,24.0543
135.035,23.1269
135.038,22.2309
135.041,21.3960
135.044,20.6172
135.046,19.9148
135.049,19.2329
135.052,18.5943
135.055,17.9957
135.058,17.4534
135.060,16.9244
135.063,16.4268
135.066,15.9583
135.069,15.5320
135.071,15.1144
135.074,14.7201
135.080,14.0067
135.085,13.3545
135.091,12.7774
135.096,12.2463
135.102,11.7732
135.108,11.3352
135.113,10.9428
135.119,10.5775
135.124,10.2486
135.130,9.94078
135.135,9.66237
135.141,9.40070
135.146,9.16299
135.152,8.93867
135.157,8.73410
135.163,8.54035
135.169,8.36302
135.174,8.19451
135.180,8.03979
135.185,7.89230
135.191,7.75648
135.202,7.50676
135.213,7.28549
135.224,7.08848
135.235,6.91229
135.246,6.75407
135.257,6.61143
135.268,6.48238
135.280,6.36524
135.291,6.25858
135.302,6.16117
135.313,6.07198
135.324,5.99011
135.335,5.91478
135.357,5.78112
135.379,5.66657
135.402,5.56772
135.424,5.48190
135.446,5.40701
135.468,5.34139
135.490,5.28369
135.513,5.23283
135.535,5.18790
135.557,5.14818
135.601,5.08205
135.646,5.03070
135.690,4.99159
135.735,4.96271
135.779,4.94285
135.823,4.93112
135.868,4.92690
135.912,4.92983
135.957,4.93972
136.001,4.95656
136.045,4.98046
136.090,5.01170
136.134,5.05065
136.179,5.09783
136.223,5.15389
136.267,5.21963
136.312,5.29603
136.356,5.38425
136.400,5.48540
136.445,5.60159
136.489,5.73453
136.534,5.88652
136.578,6.06028
136.622,6.25908
136.667,6.48682
136.711,6.74824
136.733,6.89331
136.756,7.04903
136.778,7.21632
136.800,7.39619
136.822,7.58976
136.844,7.79829
136.867,8.02317
136.889,8.26597
136.911,8.52844
136.933,8.81253
136.955,9.12047
136.978,9.45475
137.000,9.81819
137.022,10.2140
137.044,10.6459
137.066,11.1180
137.089,11.6350
137.111,12.2000
137.133,12.8242
137.155,13.5127
137.177,14.2741
137.200,15.1184
137.222,16.0576
137.233,16.5670
137.244,17.1055
137.255,17.6754
137.266,18.2789
137.277,18.9187
137.288,19.5977
137.299,20.3189
137.311,21.0858
137.322,21.9023
137.333,22.7724
137.344,23.7008
137.355,24.6928
137.366,25.7539
137.377,26.8906
137.388,28.1100
137.399,29.4200
137.410,30.8296
137.422,32.3488
137.433,33.9889
137.444,35.7626
137.455,37.6845
137.466,39.7712
137.477,42.0413
137.488,44.5165
137.494,45.8507
137.499,47.2215
137.505,48.6823
137.510,50.1849
137.516,51.7883
137.521,53.4398
137.527,55.2045
137.533,57.0246
137.538,58.9724
137.544,60.9844
137.549,63.1408
137.555,65.3718
137.560,67.7669
137.566,70.2491
137.571,72.9185
137.577,75.6900
137.583,78.6761
137.588,81.7825
137.594,85.1360
137.599,88.6319
137.605,92.4142
137.610,96.3657
137.616,100.651
137.621,105.139
137.627,110.017
137.632,115.140
137.638,120.723
137.644,126.602
137.649,133.029
137.655,139.817
137.660,147.261
137.666,155.148
137.671,163.826
137.677,173.055
137.682,183.248
137.688,194.129
137.694,206.195
137.699,219.130
137.705,233.538
137.710,249.055
137.713,257.528
137.716,266.421
137.719,275.761
137.721,285.218
137.724,295.522
137.727,306.365
137.730,317.785
137.732,329.379
137.735,342.048
137.738,355.419
137.741,369.542
137.743,383.923
137.746,399.684
137.749,416.370
137.752,434.051
137.755,452.111
137.757,471.967
137.760,493.058
137.763,515.478
137.766,538.454
137.768,563.797
137.771,590.803
137.774,619.606
137.777,649.215
137.780,681.976
137.782,716.993
137.785,754.450
137.788,793.059
137.791,835.885
137.793,881.766
137.796,930.939
137.799,981.705
137.802,1038.08
137.805,1098.50
137.807,1163.24
137.810,1230.02
137.813,1304.02
137.816,1380.16
137.818,1464.29
137.821,1550.51
137.824,1652.26
137.827,1760.18
137.830,1874.04
137.833,1993.32
137.836,2117.22
137.839,2244.53
137.845,2502.47
137.848,2628.45
137.851,2748.58
137.854,2859.49
137.857,2957.65
137.860,3039.56
137.863,3102.04
137.866,3142.53
137.869,3159.30
137.872,3151.71
137.875,3120.19
137.878,3066.28
137.881,2992.36
137.884,2901.51
137.887,2797.12
137.890,2682.70
137.893,2561.58
137.899,2311.00
137.905,2064.37
137.908,1946.51
137.911,1833.60
137.914,1726.19
137.917,1624.63
137.920,1532.11
137.923,1448.05
137.926,1366.32
137.928,1292.39
137.931,1220.75
137.934,1156.10
137.937,1095.65
137.940,1039.13
137.943,984.493
137.945,935.240
137.948,889.191
137.951,846.124
137.954,804.436
137.957,766.797
137.960,731.538
137.962,698.485
137.965,666.407
137.968,637.363
137.971,609.131
137.974,583.528
137.977,558.599
137.979,535.954
137.982,514.607
137.985,494.468
137.988,474.794
137.991,456.862
137.994,439.902
137.996,423.850
137.999,408.117
138.002,393.730
138.008,367.121
138.013,342.694
138.019,320.617
138.025,300.607
138.030,282.726
138.036,266.127
138.042,251.219
138.047,237.313
138.053,224.765
138.059,213.009
138.064,202.355
138.070,192.332
138.076,183.214
138.081,174.604
138.087,166.743
138.093,159.294
138.098,152.470
138.104,145.984
138.110,139.922
138.115,134.247
138.121,129.017
138.127,124.019
138.132,119.401
138.138,114.975
138.143,110.877
138.149,106.940
138.155,103.286
138.160,99.7688
138.166,96.4974
138.177,90.4011
138.189,84.9060
138.200,79.8935
138.211,75.3861
138.223,71.2824
138.234,67.5354
138.245,64.1045
138.257,60.9550
138.268,58.0566
138.279,55.3831
138.291,52.8906
138.302,50.6025
138.313,48.4786
138.324,46.5034
138.336,44.6473
138.347,42.9308
138.358,41.3261
138.370,39.8236
138.381,38.4026
138.392,37.0803
138.404,35.8368
138.415,34.6659
138.426,33.5620
138.438,32.5200
138.449,31.5352
138.460,30.6035
138.483,28.8772
138.506,27.3294
138.528,25.9300
138.551,24.6603
138.573,23.4994
138.596,22.4443
138.619,21.4779
138.641,20.5905
138.664,19.7700
138.687,19.0162
138.709,18.3160
138.732,17.6700
138.755,17.0674
138.777,16.5092
138.800,15.9889
138.822,15.5030
138.845,15.0467
138.868,14.6213
138.890,14.2223
138.913,13.8476
138.936,13.4938
138.958,13.1623
138.981,12.8500
139.003,12.5554
139.049,12.0134
139.094,11.5303
139.139,11.0967
139.184,10.7086
139.230,10.3597
139.275,10.0475
139.320,9.76737
139.365,9.51802
139.411,9.29633
139.456,9.10135
139.501,8.93206
139.546,8.78816
139.592,8.66889
139.637,8.57515
139.682,8.50740
139.727,8.46743
139.773,8.45724
139.818,8.47987
139.863,8.53946
139.886,8.58461
139.908,8.64107
139.931,8.71010
139.954,8.79216
139.976,8.88874
139.999,9.00125
140.022,9.13189
140.044,9.28139
140.067,9.45241
140.089,9.64744
140.112,9.87039
140.135,10.1227
140.157,10.4105
140.180,10.7360
140.203,11.1076
140.225,11.5284
140.248,12.0079
140.271,12.5552
140.293,13.1846
140.305,13.5319
140.316,13.9043
140.327,14.3041
140.338,14.7336
140.350,15.1957
140.361,15.6933
140.372,16.2348
140.384,16.8144
140.395,17.4411
140.406,18.1198
140.418,18.8557
140.429,19.6552
140.440,20.5252
140.452,21.4738
140.463,22.5197
140.474,23.6552
140.486,24.9013
140.497,26.2720
140.508,27.7837
140.519,29.4555
140.525,30.3665
140.531,31.3097
140.536,32.3225
140.542,33.3729
140.548,34.5026
140.553,35.6979
140.559,36.9637
140.565,38.2814
140.570,39.7038
140.576,41.1874
140.582,42.7924
140.587,44.4700
140.593,46.2890
140.599,48.1948
140.604,50.2661
140.610,52.4418
140.616,54.8127
140.621,57.3099
140.627,60.0391
140.633,62.9222
140.638,66.0829
140.644,69.4950
140.650,73.1850
140.655,77.1099
140.658,79.2698
140.661,81.4436
140.664,83.7090
140.667,86.0711
140.669,88.6253
140.672,91.2014
140.675,93.8917
140.678,96.7030
140.681,99.7498
140.684,102.830
140.686,106.054
140.689,109.431
140.692,113.100
140.695,116.818
140.698,120.721
140.700,124.819
140.703,129.284
140.706,133.822
140.709,138.598
140.712,143.628
140.715,149.125
140.717,154.729
140.720,160.645
140.723,166.896
140.726,173.750
140.729,180.761
140.732,188.462
140.734,196.353
140.737,205.038
140.740,213.955
140.743,223.438
140.746,233.531
140.749,244.682
140.751,256.178
140.754,268.451
140.757,281.568
140.760,296.120
140.763,311.185
140.766,327.336
140.768,344.669
140.771,363.979
140.774,384.052
140.777,405.659
140.780,428.935
140.783,454.963
140.785,482.116
140.788,511.432
140.791,543.101
140.794,578.593
140.797,615.677
140.799,655.745
140.802,699.019
140.805,747.445
140.808,797.891
140.811,852.137
140.814,910.310
140.816,972.472
140.819,1036.16
140.822,1103.38
140.824,1173.83
140.827,1247.05
140.830,1322.34
140.835,1475.02
140.838,1549.68
140.841,1620.94
140.843,1686.81
140.846,1745.19
140.849,1794.02
140.851,1831.39
140.854,1855.79
140.857,1866.18
140.858,1865.90
140.860,1861.74
140.862,1843.07
140.865,1811.17
140.868,1767.49
140.870,1713.84
140.873,1652.24
140.876,1584.75
140.879,1513.34
140.884,1365.70
140.889,1220.47
140.892,1151.08
140.895,1084.62
140.897,1021.41
140.900,961.640
140.904,887.403
140.907,821.137
140.911,760.469
140.914,705.076
140.918,654.583
140.921,608.596
140.925,566.721
140.928,528.581
140.932,493.821
140.935,462.112
140.939,433.153
140.942,406.671
140.946,382.421
140.949,360.181
140.953,339.753
140.956,320.961
140.960,303.646
140.963,287.666
140.967,272.896
140.970,259.223
140.974,246.545
140.977,234.773
140.981,223.826
140.984,213.632
140.988,204.125
140.991,195.247
140.995,186.945
140.998,179.173
141.002,171.886
141.005,165.046
141.009,158.619
141.012,152.572
141.016,146.719
141.019,141.358
141.023,136.297
141.026,131.516
141.030,126.994
141.033,122.712
141.040,114.807
141.047,107.684
141.054,101.243
141.061,95.4007
141.068,90.0855
141.075,85.2359
141.082,80.7992
141.089,76.7299
141.096,72.9885
141.103,69.5406
141.110,66.3563
141.117,63.4092
141.124,60.6764
141.131,58.1023
141.138,55.7414
141.145,53.5401
141.152,51.4843
141.159,49.5612
141.166,47.7596
141.173,46.0694
141.180,44.4814
141.187,42.9876
141.194,41.5804
141.201,40.2533
141.208,39.0003
141.215,37.8157
141.222,36.6947
141.236,34.6256
141.251,32.7486
141.265,31.0635
141.279,29.5340
141.293,28.1413
141.307,26.8690
141.321,25.7036
141.335,24.6329
141.349,23.6469
141.363,22.7304
141.377,21.8886
141.391,21.1079
141.405,20.3824
141.419,19.7070
141.433,19.0769
141.447,18.4881
141.461,17.9369
141.475,17.4166
141.489,16.9316
141.503,16.4755
141.517,16.0460
141.531,15.6410
141.545,15.2587
141.573,14.5551
141.601,13.9215
141.629,13.3524
141.657,12.8375
141.685,12.3699
141.713,11.9424
141.741,11.5533
141.769,11.1968
141.797,10.8693
141.825,10.5668
141.853,10.2889
141.881,10.0321
141.909,9.79440
141.937,9.57342
141.965,9.36918
141.993,9.17954
142.021,9.00336
142.077,8.68687
142.133,8.41408
142.189,8.17876
142.245,7.97771
142.301,7.80714
142.357,7.66540
142.414,7.55038
142.470,7.46150
142.526,7.39799
142.582,7.36013
142.638,7.34834
142.694,7.36370
142.750,7.40792
142.806,7.48305
142.862,7.59225
142.918,7.73881
142.974,7.92783
143.030,8.16434
143.086,8.45624
143.114,8.62517
143.142,8.81121
143.170,9.01656
143.198,9.24135
143.226,9.48802
143.254,9.75856
143.282,10.0563
143.310,10.3816
143.338,10.7382
143.366,11.1294
143.394,11.5603
143.422,12.0318
143.436,12.2847
143.450,12.5500
143.464,12.8282
143.478,13.1201
143.492,13.4265
143.506,13.7481
143.520,14.0859
143.534,14.4407
143.548,14.8137
143.562,15.2059
143.576,15.6185
143.590,16.0527
143.604,16.5132
143.618,16.9950
143.632,17.5028
143.646,18.0383
143.660,18.6035
143.674,19.2002
143.688,19.8306
143.702,20.4971
143.717,21.2075
143.731,21.9543
143.745,22.7456
143.759,23.5847
143.773,24.4752
143.787,25.4210
143.801,26.4264
143.815,27.4962
143.829,28.6441
143.843,29.8595
143.857,31.1567
143.871,32.5427
143.885,34.0252
143.899,35.6130
143.913,37.3156
143.927,39.1437
143.941,41.1238
143.955,43.2414
143.969,45.5249
143.983,47.9913
143.997,50.6596
144.011,53.5515
144.025,56.6914
144.032,58.3629
144.039,60.1072
144.046,61.9549
144.053,63.8584
144.060,65.8480
144.067,67.9287
144.074,70.1058
144.081,72.3853
144.088,74.7734
144.095,77.2767
144.102,79.9027
144.109,82.6590
144.116,85.5542
144.123,88.5975
144.130,91.7986
144.137,95.1683
144.144,98.7182
144.151,102.461
144.158,106.468
144.165,110.643
144.172,115.055
144.179,119.723
144.186,124.666
144.193,129.906
144.200,135.466
144.207,141.372
144.214,147.652
144.221,154.337
144.228,161.462
144.235,169.064
144.242,177.186
144.249,185.875
144.256,195.183
144.263,205.167
144.270,216.052
144.277,227.604
144.284,240.053
144.291,253.490
144.298,268.020
144.305,283.758
144.312,300.838
144.319,319.409
144.326,339.643
144.333,361.736
144.340,385.911
144.347,412.427
144.354,441.579
144.358,457.248
144.361,473.710
144.365,491.014
144.368,509.217
144.372,528.378
144.375,548.561
144.379,569.837
144.382,592.280
144.386,615.972
144.389,641.002
144.393,667.464
144.396,695.462
144.400,725.108
144.403,756.524
144.407,789.840
144.410,825.202
144.414,862.762
144.417,902.691
144.421,945.170
144.424,990.397
144.428,1038.59
144.431,1089.97
144.435,1144.80
144.438,1203.35
144.442,1265.91
144.445,1332.78
144.449,1404.32
144.452,1480.86
144.456,1562.80
144.459,1650.52
144.463,1744.45
144.466,1845.00
144.470,1952.60
144.473,2067.68
144.477,2190.65
144.480,2321.87
144.484,2461.66
144.487,2610.25
144.491,2786.30
144.495,2968.35
144.499,3160.38
144.502,3361.57
144.506,3570.60
144.510,3785.54
144.518,4221.95
144.521,4441.42
144.525,4645.94
144.529,4835.75
144.533,5005.06
144.537,5148.12
144.540,5259.64
144.544,5335.26
144.548,5371.97
144.552,5367.78
144.556,5321.67
144.560,5236.06
144.564,5118.52
144.567,4967.97
144.571,4793.02
144.575,4599.81
144.579,4399.63
144.587,3972.38
144.595,3555.33
144.598,3352.95
144.602,3158.88
144.606,2974.20
144.610,2803.85
144.613,2663.79
144.617,2534.97
144.620,2409.22
144.623,2294.01
144.626,2181.88
144.630,2079.37
144.633,1982.71
144.636,1891.61
144.639,1803.16
144.642,1722.43
144.646,1646.37
144.649,1574.69
144.652,1505.09
144.655,1441.51
144.659,1381.54
144.662,1324.95
144.665,1269.91
144.668,1219.53
144.671,1171.92
144.675,1126.89
144.678,1082.98
144.681,1042.71
144.684,1004.55
144.688,968.367
144.691,932.999
144.694,900.468
144.700,840.192
144.707,784.852
144.713,735.470
144.720,689.900
144.726,649.034
144.733,611.141
144.739,576.999
144.746,545.197
144.752,516.417
144.759,489.497
144.765,465.035
144.771,442.064
144.778,421.111
144.784,401.364
144.791,383.290
144.797,366.197
144.804,350.502
144.810,335.613
144.817,321.900
144.823,308.855
144.830,296.624
144.836,285.141
144.842,274.509
144.849,264.341
144.855,254.903
144.862,245.856
144.868,237.441
144.875,229.356
144.881,221.820
144.894,207.791
144.907,195.142
144.920,183.699
144.933,173.311
144.946,163.851
144.959,155.212
144.971,147.300
144.984,140.035
144.997,133.347
145.010,127.176
145.023,121.470
145.036,116.143
145.049,111.236
145.062,106.670
145.075,102.415
145.088,98.4417
145.101,94.7260
145.113,91.2456
145.126,87.9806
145.139,84.9131
145.152,82.0273
145.165,79.3087
145.178,76.7443
145.191,74.3226
145.204,72.0327
145.217,69.8651
145.230,67.8110
145.243,65.8476
145.255,63.9979
145.281,60.5668
145.307,57.4552
145.333,54.6235
145.359,52.0382
145.384,49.6705
145.410,47.4960
145.436,45.4935
145.462,43.6378
145.488,41.9273
145.514,40.3406
145.539,38.8657
145.565,37.4917
145.591,36.2095
145.617,35.0105
145.643,33.8875
145.668,32.8299
145.694,31.8401
145.720,30.9084
145.746,30.0303
145.772,29.2015
145.797,28.4181
145.823,27.6769
145.849,26.9746
145.875,26.3058
145.901,25.6733
145.952,24.4997
146.004,23.4349
146.056,22.4650
146.107,21.5771
146.159,20.7647
146.210,20.0179
146.262,19.3297
146.314,18.6928
146.365,18.1046
146.417,17.5595
146.469,17.0537
146.520,16.5833
146.572,16.1474
146.623,15.7430
146.675,15.3685
146.727,15.0220
146.778,14.7044
146.830,14.4147
146.882,14.1536
146.933,13.9220
146.959,13.8182
146.985,13.7229
147.011,13.6364
147.036,13.5594
147.062,13.4926
147.088,13.4368
147.114,13.3929
147.140,13.3624
147.166,13.3465
147.191,13.3471
147.217,13.3662
147.243,13.4063
147.269,13.4705
147.295,13.5625
147.320,13.6873
147.346,13.8497
147.359,13.9472
147.372,14.0569
147.385,14.1800
147.398,14.3177
147.411,14.4715
147.424,14.6430
147.437,14.8340
147.449,15.0466
147.462,15.2832
147.475,15.5465
147.488,15.8395
147.501,16.1658
147.514,16.5324
147.527,16.9385
147.540,17.3922
147.553,17.8998
147.566,18.4688
147.579,19.1081
147.591,19.8279
147.604,20.6406
147.617,21.5609
147.630,22.6064
147.637,23.1873
147.643,23.7986
147.650,24.4629
147.656,25.1635
147.662,25.9265
147.669,26.7331
147.675,27.6137
147.682,28.5470
147.688,29.5687
147.695,30.6545
147.701,31.8467
147.708,33.1178
147.714,34.5180
147.721,36.0404
147.727,37.6988
147.733,39.4799
147.740,41.4571
147.746,43.5898
147.753,45.9680
147.759,48.5454
147.766,51.4341
147.772,54.5814
147.779,58.1288
147.785,62.0169
147.788,64.1937
147.792,66.4272
147.795,68.7905
147.798,71.2936
147.801,74.0324
147.804,76.8530
147.808,79.8488
147.811,83.0340
147.814,86.5333
147.817,90.1522
147.821,94.0123
147.824,98.1342
147.825,100.438
147.827,102.683
147.829,105.006
147.830,107.410
147.832,109.899
147.833,112.476
147.835,115.146
147.837,117.912
147.838,120.962
147.840,123.942
147.842,127.033
147.843,130.240
147.845,133.570
147.846,137.027
147.848,140.617
147.850,144.348
147.851,148.474
147.853,152.516
147.854,156.722
147.856,161.097
147.858,165.653
147.859,170.396
147.861,175.338
147.862,180.489
147.864,186.201
147.866,191.816
147.867,197.674
147.869,203.788
147.871,210.172
147.872,216.840
147.874,223.808
147.875,231.090
147.877,239.192
147.879,247.180
147.880,255.537
147.882,264.285
147.883,273.443
147.885,283.034
147.887,293.081
147.888,303.608
147.890,315.347
147.892,326.945
147.893,339.103
147.895,351.850
147.896,365.216
147.898,379.229
147.900,393.920
147.901,409.321
147.903,426.495
147.904,443.454
147.906,461.215
147.908,479.805
147.909,499.251
147.911,519.576
147.912,540.799
147.914,562.936
147.915,581.599
147.917,600.872
147.918,620.750
147.919,641.227
147.921,662.290
147.922,683.919
147.924,727.007
147.927,773.650
147.930,821.727
147.932,870.630
147.935,917.695
147.937,965.741
147.940,1011.73
147.942,1054.36
147.945,1090.91
147.948,1122.99
147.950,1146.99
147.953,1163.83
147.955,1171.58
147.958,1170.58
147.960,1160.48
147.963,1141.82
147.965,1116.65
147.968,1084.06
147.971,1046.23
147.973,1004.49
147.976,961.852
147.978,916.043
147.981,869.729
147.986,780.431
147.989,736.814
147.991,696.564
147.994,656.681
147.996,620.354
147.999,587.393
148.001,557.563
148.003,528.239
148.006,501.815
148.008,475.925
148.010,452.653
148.013,429.889
148.015,409.450
148.017,389.470
148.020,371.534
148.022,353.998
148.024,338.249
148.027,322.842
148.029,308.992
148.032,295.428
148.034,283.221
148.036,271.251
148.039,260.463
148.041,249.870
148.043,240.310
148.046,230.907
148.048,222.408
148.050,214.036
148.053,206.456
148.055,198.979
148.057,192.199
148.060,185.499
148.062,179.415
148.064,173.394
148.067,167.918
148.071,157.547
148.076,148.165
148.081,139.653
148.086,131.910
148.090,124.848
148.095,118.391
148.100,112.472
148.104,107.036
148.109,102.031
148.114,97.4124
148.118,93.1429
148.123,89.1880
148.128,85.5177
148.133,82.1054
148.137,78.9274
148.142,75.9628
148.147,73.1929
148.151,70.6010
148.156,68.1720
148.161,65.8924
148.165,63.7503
148.170,61.7346
148.175,59.8355
148.180,58.0442
148.184,56.3524
148.189,54.7529
148.194,53.2390
148.198,51.8046
148.203,50.4441
148.212,47.9250
148.222,45.6461
148.231,43.5771
148.241,41.6925
148.250,39.9706
148.259,38.3926
148.269,36.9427
148.278,35.6068
148.288,34.3730
148.297,33.2309
148.306,32.1712
148.316,31.1860
148.325,30.2681
148.335,29.4113
148.344,28.6102
148.353,27.8597
148.363,27.1556
148.372,26.4938
148.382,25.8710
148.391,25.2839
148.400,24.7297
148.410,24.2059
148.419,23.7102
148.429,23.2405
148.447,22.3716
148.466,21.5860
148.485,20.8728
148.504,20.2228
148.523,19.6281
148.541,19.0822
148.560,18.5796
148.579,18.1153
148.598,17.6875
148.617,17.2880
148.635,16.9160
148.654,16.5688
148.673,16.2441
148.692,15.9398
148.711,15.6539
148.729,15.3849
148.748,15.1314
148.767,14.8919
148.786,14.6654
148.823,14.2474
148.861,13.8703
148.899,13.5283
148.936,13.2168
148.974,12.9320
149.011,12.6707
149.049,12.4303
149.087,12.2086
149.124,12.0039
149.162,11.8146
149.199,11.6401
149.237,11.4784
149.274,11.3292
149.312,11.1920
149.350,11.0665
149.387,10.9525
149.425,10.8502
149.462,10.7597
149.500,10.6817
149.538,10.6170
149.575,10.5668
149.613,10.5329
149.650,10.5173
149.669,10.5173
149.688,10.5231
149.707,10.5351
149.726,10.5541
149.744,10.5807
149.763,10.6156
149.782,10.6598
149.801,10.7142
149.820,10.7804
149.838,10.8597
149.857,10.9538
149.876,11.0647
149.895,11.1948
149.914,11.3470
149.932,11.5246
149.951,11.7317
149.970,11.9733
149.989,12.2553
149.998,12.4137
150.008,12.5851
150.017,12.7707
150.026,12.9718
150.036,13.1899
150.045,13.4267
150.055,13.6841
150.064,13.9641
150.073,14.2692
150.083,14.6021
150.092,14.9658
150.101,15.3595
150.111,15.7955
150.120,16.2745
150.130,16.8017
150.139,17.3833
150.148,18.0263
150.158,18.7391
150.167,19.5313
150.177,20.4144
150.186,21.4019
150.195,22.5099
150.205,23.7574
150.210,24.4405
150.214,25.1675
150.219,25.9421
150.224,26.7683
150.228,27.6505
150.233,28.5937
150.238,29.6033
150.242,30.6855
150.247,31.8470
150.252,33.0953
150.257,34.4391
150.261,35.8878
150.266,37.4520
150.271,39.1439
150.275,40.9771
150.280,42.9670
150.285,45.1312
150.289,47.4895
150.294,50.0649
150.299,52.8835
150.304,55.9753
150.308,59.3749
150.313,63.1223
150.318,67.2640
150.322,71.8540
150.327,76.9553
150.329,79.7807
150.332,82.6417
150.334,85.7985
150.336,89.0000
150.339,92.5382
150.341,96.1324
150.344,100.111
150.346,104.160
150.348,108.649
150.351,113.224
150.353,118.307
150.355,123.496
150.358,129.269
150.360,135.175
150.361,138.410
150.362,141.757
150.364,145.219
150.365,148.500
150.366,152.198
150.367,156.028
150.368,159.993
150.369,163.752
150.371,167.994
150.372,172.388
150.373,176.943
150.374,181.263
150.375,186.141
150.376,191.198
150.378,196.441
150.379,201.418
150.380,207.040
150.381,212.871
150.382,218.919
150.383,224.661
150.385,231.148
150.386,237.878
150.387,244.859
150.388,251.486
150.389,258.972
150.391,266.736
150.392,274.785
150.393,282.423
150.394,291.045
150.395,299.978
150.396,309.230
150.398,317.997
150.399,327.880
150.400,337.236
150.401,347.771
150.402,357.732
150.403,369.880
150.405,381.457
150.406,394.390
150.407,406.684
150.408,420.380
150.410,433.361
150.411,447.772
150.412,461.378
150.413,476.420
150.415,490.553
150.416,506.095
150.417,520.612
150.420,551.181
150.422,580.552
150.425,610.589
150.427,639.355
150.430,666.049
150.432,689.824
150.435,709.838
150.437,725.318
150.440,735.636
150.442,740.290
150.444,739.495
150.447,733.030
150.449,721.237
150.452,704.675
150.454,684.063
150.457,660.206
150.459,633.932
150.462,607.172
150.464,578.395
150.467,549.312
150.469,520.436
150.472,492.172
150.474,464.823
150.477,438.602
150.479,413.647
150.482,390.957
150.485,361.828
150.488,335.077
150.492,310.614
150.495,288.954
150.498,268.591
150.501,250.608
150.505,233.721
150.508,218.806
150.511,204.786
150.514,192.384
150.518,180.703
150.521,170.343
150.524,160.559
150.527,151.856
150.531,143.611
150.534,136.254
150.537,129.261
150.540,123.002
150.544,117.034
150.547,111.675
150.550,106.549
150.553,101.932
150.557,97.5027
150.560,93.5012
150.563,89.6512
150.566,86.1635
150.570,82.7987
150.573,79.7424
150.576,76.7863
150.579,74.0944
150.583,71.4844
150.586,69.1021
150.589,66.7869
150.592,64.6048
150.596,62.5458
150.599,60.6583
150.602,58.8162
150.605,57.1242
150.612,53.9474
150.618,51.0813
150.625,48.4868
150.631,46.1307
150.638,43.9844
150.644,42.0238
150.651,40.2278
150.657,38.5785
150.664,37.0600
150.670,35.6589
150.677,34.3632
150.683,33.1624
150.690,32.0474
150.697,30.9947
150.703,30.0288
150.710,29.1271
150.716,28.2837
150.723,27.4937
150.729,26.7525
150.736,26.0562
150.742,25.4011
150.749,24.7839
150.755,24.2017
150.762,23.6518
150.768,23.1318
150.781,22.1731
150.794,21.3101
150.807,20.5245
150.820,19.8175
150.833,19.1740
150.846,18.5862
150.859,18.0476
150.872,17.5529
150.885,17.0970
150.898,16.6760
150.911,16.2833
150.924,15.9218
150.937,15.5856
150.950,15.2723
150.963,14.9799
150.976,14.7065
150.989,14.4503
151.002,14.2100
151.015,13.9825
151.028,13.7701
151.041,13.5701
151.054,13.3814
151.080,13.0348
151.106,12.7246
151.132,12.4452
151.158,12.1946
151.184,11.9688
151.210,11.7651
151.237,11.5807
151.263,11.4154
151.289,11.2670
151.315,11.1344
151.341,11.0166
151.367,10.9138
151.393,10.8254
151.419,10.7513
151.445,10.6915
151.471,10.6471
151.497,10.6187
151.523,10.6075
151.549,10.6152
151.575,10.6439
151.601,10.6966
151.614,10.7330
151.627,10.7768
151.640,10.8291
151.653,10.8899
151.666,10.9602
151.679,11.0411
151.692,11.1336
151.705,11.2389
151.718,11.3583
151.731,11.4937
151.744,11.6479
151.757,11.8209
151.770,12.0163
151.783,12.2370
151.796,12.4864
151.809,12.7686
151.822,13.0884
151.835,13.4516
151.848,13.8682
151.861,14.3403
151.868,14.6013
151.874,14.8808
151.881,15.1804
151.887,15.5018
151.894,15.8471
151.900,16.2185
151.907,16.6183
151.913,17.0493
151.920,17.5145
151.926,18.0174
151.933,18.5619
151.939,19.1522
151.946,19.8038
151.952,20.5024
151.959,21.2640
151.965,22.0959
151.972,23.0066
151.978,24.0056
151.985,25.1041
151.991,26.3152
151.998,27.6537
152.004,29.1374
152.011,30.7869
152.017,32.6265
152.024,34.6851
152.027,35.8248
152.030,36.9970
152.034,38.2805
152.037,39.6034
152.040,41.0548
152.043,42.5537
152.047,44.2020
152.050,45.9631
152.053,47.8473
152.056,49.8023
152.060,51.9623
152.063,54.2093
152.066,56.6985
152.069,59.2949
152.073,62.1791
152.076,65.1962
152.079,68.5577
152.082,72.0846
152.086,76.0265
152.089,80.1755
152.092,84.8276
152.095,89.7404
152.099,95.2673
152.100,98.1310
152.102,101.124
152.104,104.453
152.105,107.734
152.107,111.168
152.108,114.762
152.110,118.767
152.112,122.721
152.113,126.866
152.115,131.210
152.117,136.058
152.118,140.853
152.120,145.884
152.121,151.165
152.123,157.065
152.125,162.906
152.126,169.042
152.128,175.488
152.130,182.695
152.131,189.832
152.133,197.331
152.134,205.208
152.136,214.013
152.138,222.727
152.139,231.872
152.141,241.466
152.143,252.167
152.144,262.731
152.146,273.784
152.147,285.333
152.149,295.087
152.150,304.385
152.151,314.774
152.152,324.654
152.154,335.663
152.155,346.098
152.156,356.783
152.157,367.704
152.159,379.778
152.160,391.124
152.161,402.636
152.162,414.280
152.163,427.002
152.165,438.800
152.167,462.353
152.170,486.422
152.172,508.544
152.174,529.925
152.177,548.219
152.179,564.280
152.182,576.244
152.184,584.607
152.187,588.377
152.188,588.623
152.189,587.728
152.192,582.481
152.194,572.919
152.197,560.111
152.199,543.558
152.201,525.193
152.204,504.141
152.206,482.684
152.209,459.606
152.211,437.220
152.214,414.068
152.216,392.307
152.219,370.364
152.221,350.156
152.224,330.110
152.226,311.891
152.229,291.248
152.232,272.735
152.234,255.576
152.237,239.710
152.240,224.562
152.243,211.094
152.246,198.681
152.249,187.241
152.251,176.334
152.254,166.636
152.257,157.685
152.260,149.418
152.263,141.511
152.266,134.455
152.268,127.917
152.271,121.852
152.274,116.024
152.277,110.799
152.280,105.933
152.282,101.398
152.285,97.0183
152.288,93.0716
152.291,89.3788
152.294,85.9197
152.297,82.5634
152.299,79.5243
152.302,76.6676
152.305,73.9795
152.308,71.4474
152.311,69.0596
152.313,66.8058
152.316,64.6762
152.319,62.5923
152.322,60.6895
152.325,58.8864
152.328,57.1764
152.333,53.9577
152.339,51.1016
152.345,48.4674
152.350,46.1153
152.356,43.9696
152.361,42.0068
152.367,40.1761
152.373,38.5238
152.378,36.9751
152.384,35.5709
152.390,34.2489
152.395,33.0453
152.401,31.9268
152.406,30.8857
152.412,29.8980
152.418,28.9922
152.423,28.1300
152.429,27.3367
152.435,26.5793
152.440,25.8804
152.446,25.2227
152.452,24.6029
152.457,24.0079
152.463,23.4560
152.469,22.9249
152.474,22.4312
152.485,21.5113
152.497,20.6891
152.508,19.9382
152.519,19.2563
152.531,18.6349
152.542,18.0717
152.553,17.5505
152.564,17.0712
152.576,16.6294
152.587,16.2245
152.598,15.8459
152.609,15.4944
152.621,15.1673
152.632,14.8624
152.643,14.5776
152.655,14.3110
152.666,14.0611
152.677,13.8285
152.688,13.6077
152.700,13.3998
152.711,13.2037
152.722,13.0201
152.745,12.6791
152.767,12.3741
152.790,12.0978
152.812,11.8487
152.835,11.6214
152.858,11.4154
152.880,11.2264
152.903,11.0545
152.925,10.8963
152.948,10.7521
152.970,10.6194
152.993,10.4981
153.016,10.3873
153.038,10.2870
153.061,10.1958
153.083,10.1144
153.106,10.0417
153.128,9.97864
153.151,9.92471
153.173,9.88082
153.196,9.84723
153.218,9.82510
153.241,9.81550
153.264,9.82016
153.286,9.84134
153.297,9.85903
153.309,9.88181
153.320,9.91062
153.331,9.94589
153.343,9.98835
153.354,10.0388
153.365,10.0983
153.376,10.1679
153.388,10.2491
153.399,10.3424
153.410,10.4516
153.422,10.5782
153.433,10.7249
153.444,10.8935
153.455,11.0911
153.461,11.2029
153.467,11.3215
153.472,11.4521
153.478,11.5909
153.484,11.7413
153.489,11.9044
153.495,12.0847
153.500,12.2774
153.506,12.4911
153.512,12.7203
153.517,12.9753
153.523,13.2497
153.529,13.5506
153.534,13.8813
153.540,14.2524
153.546,14.6552
153.551,15.1095
153.557,15.6054
153.563,16.1679
153.568,16.7857
153.574,17.4779
153.577,17.8554
153.579,18.2562
153.582,18.6976
153.585,19.1513
153.588,19.6343
153.591,20.1489
153.594,20.7182
153.596,21.3059
153.599,21.9342
153.602,22.6067
153.605,23.3541
153.608,24.1294
153.610,24.9623
153.613,25.8582
153.616,26.8232
153.619,27.8639
153.622,28.9878
153.624,30.2031
153.627,31.5680
153.630,32.9988
153.633,34.5522
153.636,36.2408
153.639,38.1470
153.641,40.1554
153.644,42.3458
153.647,44.7369
153.650,47.4463
153.653,50.3094
153.656,53.4384
153.658,56.8567
153.661,60.5879
153.664,64.6544
153.667,69.0760
153.670,73.8676
153.672,78.2744
153.674,82.9555
153.677,87.8997
153.679,92.8638
153.681,98.2440
153.684,103.543
153.688,114.518
153.691,119.996
153.693,125.216
153.696,130.028
153.698,134.108
153.700,137.659
153.703,140.255
153.705,142.010
153.707,142.707
153.710,142.380
153.712,140.994
153.715,138.621
153.717,135.520
153.719,131.555
153.722,127.198
153.724,122.221
153.726,117.177
153.731,106.295
153.736,95.8182
153.738,90.7093
153.740,86.0194
153.743,81.3649
153.745,77.1466
153.747,73.6749
153.749,70.5457
153.751,67.5784
153.753,64.7688
153.755,61.9760
153.757,59.4730
153.759,57.1095
153.761,54.8789
153.763,52.6668
153.764,50.6871
153.766,48.8194
153.768,47.0571
153.770,45.3938
153.772,43.8235
153.774,42.3406
153.776,40.9395
153.778,39.5475
153.780,38.2987
153.782,37.1171
153.784,35.9984
153.786,34.8845
153.787,33.8829
153.791,32.0313
153.795,30.3200
153.799,28.8147
153.803,27.4505
153.807,26.2112
153.810,25.0544
153.814,24.0267
153.818,23.0629
153.822,22.2028
153.826,21.3924
153.830,20.6662
153.833,19.9960
153.837,19.3764
153.841,18.7880
153.845,18.2565
153.849,17.7500
153.853,17.2908
153.857,16.8517
153.860,16.4523
153.864,16.0788
153.868,15.7287
153.872,15.3920
153.876,15.0840
153.880,14.7868
153.883,14.5143
153.887,14.2507
153.891,14.0084
153.899,13.5626
153.906,13.1575
153.914,12.7930
153.922,12.4637
153.929,12.1688
153.937,11.8967
153.945,11.6484
153.952,11.4210
153.960,11.2147
153.968,11.0222
153.975,10.8444
153.983,10.6798
153.991,10.5290
153.998,10.3869
154.006,10.2544
154.014,10.1307
154.021,10.0163
154.029,9.90766
154.037,9.80560
154.052,9.62019
154.068,9.45383
154.083,9.30560
154.098,9.17104
154.114,9.04984
154.129,8.93870
154.144,8.83766
154.160,8.74419
154.175,8.65852
154.190,8.57866
154.206,8.50494
154.221,8.43620
154.236,8.37190
154.252,8.31121
154.267,8.25451
154.298,8.15022
154.328,8.05669
154.359,7.97212
154.390,7.89511
154.420,7.82453
154.451,7.75948
154.482,7.69942
154.512,7.64338
154.543,7.59107
154.574,7.54211
154.605,7.49616
154.635,7.45298
154.666,7.41234
154.727,7.33817
154.789,7.27253
154.850,7.21519
154.881,7.18966
154.911,7.16632
154.942,7.14528
154.973,7.12677
155.003,7.11089
155.034,7.09801
155.065,7.08851
155.096,7.08290
155.126,7.08182
155.157,7.08612
155.188,7.09690
155.218,7.11552
155.234,7.12845
155.249,7.14405
155.264,7.16285
155.280,7.18504
155.295,7.21138
155.310,7.24209
155.326,7.27826
155.341,7.32023
155.356,7.36952
155.372,7.42666
155.387,7.49386
155.402,7.57198
155.418,7.66425
155.426,7.71635
155.433,7.77220
155.441,7.83370
155.448,7.89978
155.456,7.97274
155.464,8.05135
155.471,8.13841
155.479,8.23380
155.487,8.33851
155.494,8.45212
155.502,8.57892
155.510,8.71901
155.518,8.87416
155.525,9.04410
155.533,9.23572
155.541,9.44976
155.548,9.68965
155.556,9.95574
155.564,10.2599
155.567,10.4290
155.571,10.6047
155.575,10.7970
155.579,10.9973
155.583,11.2112
155.587,11.4402
155.590,11.6922
155.594,11.9558
155.598,12.2468
155.602,12.5521
155.606,12.8901
155.610,13.2458
155.613,13.6303
155.617,14.0467
155.621,14.5108
155.625,15.0027
155.629,15.5530
155.633,16.1387
155.637,16.7966
155.640,17.4997
155.644,18.2717
155.648,19.1213
155.652,20.0844
155.656,21.1233
155.660,22.3069
155.663,23.5900
155.665,24.3229
155.667,25.0592
155.669,25.8374
155.671,26.6602
155.673,27.5308
155.675,28.4524
155.677,29.4287
155.679,30.4634
155.681,31.6201
155.683,32.7876
155.684,34.0269
155.686,35.3426
155.688,36.7401
155.690,38.2247
155.692,39.8021
155.694,41.4783
155.696,43.3559
155.698,45.2538
155.700,47.2690
155.702,49.4076
155.704,51.6752
155.705,54.0771
155.707,56.6175
155.709,59.2998
155.712,62.8933
155.714,66.7144
155.716,70.7549
155.719,74.8170
155.721,79.2261
155.724,83.7677
155.726,88.3835
155.728,92.8067
155.731,97.3315
155.733,101.655
155.735,105.655
155.738,109.062
155.740,112.050
155.742,114.261
155.745,115.795
155.747,116.466
155.750,116.305
155.752,115.280
155.754,113.444
155.757,111.006
155.759,107.859
155.761,104.219
155.764,100.215
155.766,96.1483
155.769,91.7723
155.771,87.3550
155.773,82.9746
155.776,78.8681
155.778,74.7229
155.780,70.9139
155.783,67.1302
155.785,63.6980
155.788,60.0517
155.790,56.6520
155.793,53.4924
155.795,50.6714
155.798,47.9513
155.801,45.4357
155.803,43.1107
155.806,41.0416
155.808,39.0499
155.811,37.2084
155.813,35.5050
155.816,33.9866
155.819,32.5214
155.821,31.1628
155.824,29.9017
155.826,28.7734
155.829,27.6803
155.831,26.6625
155.834,25.7136
155.837,24.8609
155.839,24.0313
155.842,23.2553
155.844,22.5286
155.847,21.8728
155.849,21.2319
155.852,20.6298
155.855,20.0636
155.857,19.5504
155.860,19.0469
155.862,18.5897
155.865,18.1402
155.867,17.7314
155.873,16.9474
155.878,16.2564
155.883,15.6209
155.888,15.0569
155.893,14.5351
155.898,14.0693
155.903,13.6359
155.909,13.2469
155.914,12.8831
155.919,12.5550
155.924,12.2468
155.929,11.9676
155.934,11.7042
155.939,11.4647
155.945,11.2420
155.950,11.0347
155.955,10.8377
155.960,10.6574
155.965,10.4854
155.970,10.3275
155.975,10.1766
155.981,10.0375
155.991,9.78129
156.001,9.55374
156.011,9.35079
156.022,9.16906
156.032,9.00723
156.042,8.85978
156.053,8.72642
156.063,8.60546
156.073,8.49649
156.083,8.39617
156.094,8.30457
156.104,8.22079
156.114,8.14475
156.124,8.07431
156.135,8.00965
156.155,7.89566
156.176,7.79939
156.196,7.71859
156.217,7.65044
156.238,7.59405
156.258,7.54765
156.279,7.51076
156.299,7.48233
156.320,7.46206
156.340,7.44961
156.361,7.44479
156.382,7.44753
156.402,7.45787
156.423,7.47614
156.443,7.50249
156.464,7.53768
156.484,7.58223
156.505,7.63697
156.525,7.70256
156.546,7.78088
156.567,7.87267
156.587,7.98067
156.608,8.10606
156.628,8.25279
156.649,8.42366
156.659,8.51940
156.669,8.62280
156.680,8.73453
156.690,8.85413
156.700,8.98477
156.711,9.12628
156.721,9.27970
156.731,9.44457
156.741,9.62545
156.752,9.82232
156.762,10.0369
156.772,10.2689
156.782,10.5250
156.793,10.8057
156.803,11.1139
156.813,11.4533
156.824,11.8277
156.834,12.2419
156.844,12.7014
156.854,13.2075
156.865,13.7776
156.875,14.4163
156.880,14.7682
156.885,15.1345
156.890,15.5235
156.896,15.9369
156.901,16.3858
156.906,16.8552
156.911,17.3660
156.916,17.9013
156.921,18.4854
156.926,19.0993
156.932,19.7576
156.937,20.4644
156.942,21.2402
156.947,22.0604
156.952,22.9635
156.957,23.9216
156.962,24.9803
156.968,26.1079
156.973,27.3588
156.978,28.6965
156.983,30.1871
156.988,31.7883
156.993,33.5811
156.998,35.5167
157.004,37.6952
157.009,40.0602
157.014,42.6832
157.019,45.6012
157.022,47.2160
157.024,48.9251
157.027,50.7357
157.029,52.5794
157.032,54.6120
157.034,56.7710
157.037,59.0664
157.040,61.4123
157.042,64.0079
157.045,66.7755
157.047,69.7293
157.050,72.7595
157.052,76.1253
157.055,79.5850
157.058,83.4350
157.060,87.3999
157.063,91.8204
157.065,96.5701
157.068,101.678
157.070,106.957
157.073,112.861
157.076,119.226
157.078,126.089
157.081,133.199
157.083,141.166
157.086,149.764
157.088,159.041
157.091,168.646
157.094,179.392
157.096,190.492
157.099,202.871
157.101,215.601
157.104,229.713
157.106,244.706
157.109,260.546
157.111,276.508
157.114,293.754
157.117,310.800
157.122,346.042
157.124,363.596
157.127,379.694
157.129,395.150
157.132,408.304
157.134,419.714
157.137,428.078
157.140,433.702
157.142,435.927
157.143,435.815
157.145,434.837
157.147,430.346
157.150,422.679
157.152,412.641
157.155,399.863
157.157,385.787
157.160,369.778
157.163,353.512
157.168,319.264
157.173,285.622
157.175,269.254
157.178,254.187
157.180,239.292
157.183,225.756
157.185,213.004
157.188,201.496
157.190,190.256
157.193,180.157
157.195,170.325
157.198,161.513
157.200,152.948
157.203,145.278
157.205,137.827
157.207,131.154
157.210,124.669
157.212,118.858
157.215,113.205
157.217,108.134
157.220,103.385
157.222,98.9356
157.225,94.5949
157.227,90.6894
157.229,86.8731
157.232,83.4338
157.234,80.0672
157.237,77.0279
157.239,74.1635
157.242,71.4616
157.244,68.8080
157.246,66.4039
157.249,64.0386
157.251,61.8921
157.254,59.7767
157.256,57.8539
157.261,54.2980
157.266,51.0247
157.271,48.0675
157.276,45.3880
157.281,43.0009
157.285,40.7787
157.290,38.7491
157.295,36.8909
157.300,35.2190
157.305,33.6478
157.310,32.1997
157.315,30.8622
157.320,29.6487
157.324,28.4994
157.329,27.4318
157.334,26.4386
157.339,25.5311
157.344,24.6658
157.349,23.8569
157.354,23.0996
157.359,22.4036
157.363,21.7361
157.368,21.1086
157.373,20.5180
157.378,19.9725
157.383,19.4468
157.388,18.9502
157.398,18.0450
157.407,17.2236
157.417,16.4904
157.427,15.8201
157.437,15.2176
157.446,14.6631
157.456,14.1617
157.466,13.6975
157.476,13.2755
157.485,12.8827
157.495,12.5238
157.505,12.1883
157.515,11.8773
157.524,11.5884
157.534,11.3222
157.544,11.0713
157.554,10.8393
157.563,10.6198
157.573,10.4162
157.583,10.2230
157.593,10.0432
157.602,9.87208
157.612,9.71238
157.632,9.41743
157.651,9.15316
157.671,8.91527
157.690,8.70023
157.710,8.50509
157.729,8.32735
157.749,8.16493
157.768,8.01603
157.788,7.87916
157.807,7.75301
157.827,7.63590
157.846,7.52806
157.866,7.42805
157.885,7.33517
157.905,7.24880
157.924,7.16843
157.944,7.09361
157.963,7.02399
157.983,6.95926
158.002,6.89920
158.022,6.84363
158.041,6.79246
158.061,6.74568
158.080,6.70335
158.100,6.66565
158.119,6.63288
158.139,6.60551
158.158,6.58424
158.178,6.57006
158.197,6.56441
158.217,6.56934
158.227,6.57670
158.236,6.58783
158.246,6.60355
158.256,6.62429
158.266,6.65138
158.275,6.68540
158.285,6.72849
158.295,6.78159
158.305,6.84812
158.309,6.88717
158.314,6.92974
158.319,6.97813
158.324,7.03212
158.329,7.09241
158.334,7.15838
158.339,7.23373
158.344,7.31827
158.348,7.41334
158.353,7.51815
158.358,7.63889
158.363,7.77567
158.368,7.93109
158.373,8.10438
158.378,8.30640
158.380,8.42065
158.383,8.53825
158.385,8.66972
158.387,8.80529
158.390,8.95083
158.392,9.10722
158.395,9.28270
158.397,9.46430
158.400,9.66841
158.402,9.88000
158.405,10.1182
158.407,10.3655
158.409,10.6326
158.412,10.9212
158.414,11.2467
158.417,11.5850
158.419,11.9665
158.422,12.3627
158.424,12.8087
158.426,13.2707
158.429,13.7676
158.431,14.3004
158.434,14.8698
158.436,15.4496
158.438,16.0888
158.441,16.7316
158.445,18.1179
158.450,19.5470
158.452,20.2619
158.455,20.9167
158.457,21.5492
158.459,22.0874
158.462,22.5581
158.464,22.9046
158.467,23.1421
158.469,23.2414
158.471,23.2071
158.474,23.0441
158.476,22.7469
158.478,22.3530
158.481,21.8456
158.483,21.2852
158.485,20.6431
158.488,19.9909
158.492,18.6104
158.497,17.2493
158.499,16.5846
158.502,15.9739
158.504,15.3675
158.506,14.8177
158.508,14.3870
158.510,13.9987
158.512,13.6292
158.514,13.2782
158.516,12.9451
158.517,12.6293
158.519,12.3300
158.521,12.0466
158.523,11.7637
158.525,11.5103
158.526,11.2705
158.528,11.0434
158.532,10.6247
158.535,10.2488
158.539,9.90192
158.543,9.59840
158.546,9.32443
158.550,9.07660
158.554,8.85190
158.557,8.64770
158.561,8.46170
158.564,8.29187
158.568,8.13233
158.572,7.99013
158.575,7.85939
158.579,7.73894
158.582,7.62774
158.586,7.52486
158.590,7.42948
158.593,7.34089
158.597,7.25624
158.601,7.17953
158.608,7.04085
158.615,6.91905
158.622,6.81142
158.629,6.71447
158.637,6.62904
158.644,6.55124
158.651,6.48197
158.658,6.41827
158.666,6.36103
158.673,6.30863
158.680,6.26048
158.695,6.17439
158.709,6.10068
158.723,6.03591
158.738,5.97913
158.752,5.92815
158.767,5.88230
158.781,5.84073
158.796,5.80298
158.825,5.73586
158.854,5.67770
158.882,5.62631
158.911,5.58018
158.940,5.53822
158.969,5.49961
159.027,5.43012
159.085,5.36864
159.143,5.31303
159.200,5.26197
159.258,5.21452
159.316,5.17024
159.374,5.12862
159.432,5.08934
159.547,5.01700
159.663,4.95226
159.779,4.89480
159.837,4.86886
159.894,4.84485
159.952,4.82282
160.010,4.80299
160.068,4.78548
160.126,4.77048
160.184,4.75822
160.241,4.74903
160.299,4.74323
160.357,4.74124
160.415,4.74353
160.473,4.75069
160.531,4.76343
160.588,4.78252
160.646,4.80902
160.704,4.84403
160.762,4.88900
160.820,4.94570
160.878,5.01637
160.935,5.10343
160.964,5.15414
160.993,5.21027
161.022,5.27234
161.051,5.34098
161.080,5.41716
161.109,5.50112
161.138,5.59400
161.167,5.69681
161.196,5.81070
161.225,5.93699
161.253,6.07720
161.282,6.23308
161.311,6.40730
161.340,6.60103
161.369,6.81762
161.398,7.06031
161.427,7.33295
161.456,7.64012
161.485,7.98729
161.514,8.38102
161.543,8.83094
161.557,9.07948
161.572,9.34369
161.586,9.62882
161.600,9.93267
161.615,10.2614
161.629,10.6127
161.644,10.9939
161.658,11.4024
161.673,11.8470
161.687,12.3251
161.702,12.8474
161.716,13.4111
161.731,14.0291
161.738,14.3567
161.745,14.6990
161.752,15.0620
161.759,15.4367
161.767,15.8346
161.774,16.2458
161.778,16.4648
161.781,16.6830
161.785,16.9065
161.788,17.1354
161.792,17.3699
161.796,17.6103
161.799,17.8566
161.803,18.1091
161.807,18.3752
161.810,18.6408
161.814,18.9133
161.817,19.1928
161.821,19.4795
161.825,19.7738
161.828,20.0758
161.832,20.3859
161.835,20.7133
161.839,21.0405
161.843,21.3768
161.846,21.7222
161.850,22.0773
161.853,22.4423
161.857,22.8175
161.861,23.2035
161.864,23.6117
161.868,24.0206
161.872,24.4414
161.875,24.8746
161.879,25.3207
161.882,25.7802
161.886,26.2536
161.890,26.7415
161.893,27.2586
161.897,27.7776
161.900,28.3129
161.904,28.8653
161.908,29.4353
161.911,30.0238
161.915,30.6315
161.918,31.2592
161.922,31.9262
161.926,32.5974
161.929,33.2914
161.933,34.0093
161.937,34.7521
161.940,35.5210
161.944,36.3172
161.947,37.1420
161.951,38.0210
161.955,38.9079
161.958,39.8278
161.962,40.7823
161.965,41.7730
161.969,42.8017
161.973,43.8704
161.976,44.9812
161.980,46.1689
161.984,47.3717
161.987,48.6236
161.991,49.9273
161.994,51.3240
161.998,52.7414
162.002,54.2196
162.005,55.7622
162.009,57.4185
162.013,59.1031
162.016,60.8641
162.020,62.7059
162.023,64.6335
162.027,66.6522
162.031,68.7677
162.034,70.9860
162.038,73.3801
162.041,75.8278
162.045,78.4000
162.049,81.1050
162.052,83.9519
162.056,86.9506
162.059,90.1116
162.063,93.4465
162.067,97.0685
162.070,100.796
162.074,104.739
162.078,108.914
162.081,113.339
162.085,118.034
162.088,123.020
162.092,128.321
162.096,134.124
162.099,140.146
162.103,146.570
162.106,153.432
162.110,160.769
162.114,168.625
162.117,177.048
162.121,186.090
162.125,196.092
162.128,206.579
162.132,217.885
162.135,230.095
162.139,243.298
162.143,257.598
162.146,273.112
162.150,289.969
162.152,299.455
162.153,308.846
162.155,318.651
162.157,328.891
162.159,339.592
162.161,350.779
162.162,362.476
162.164,374.714
162.166,387.521
162.168,400.930
162.170,414.972
162.171,429.685
162.173,445.104
162.175,461.268
162.177,478.219
162.179,495.999
162.181,515.717
162.182,535.346
162.184,555.948
162.186,577.575
162.188,600.278
162.190,624.111
162.191,649.130
162.193,675.389
162.195,702.945
162.197,731.852
162.199,762.163
162.200,793.930
162.202,827.200
162.204,862.014
162.206,898.407
162.208,936.403
162.210,998.721
162.213,1064.92
162.216,1134.85
162.219,1208.22
162.222,1284.53
162.224,1363.06
162.230,1519.66
162.233,1597.76
162.235,1672.38
162.238,1741.45
162.241,1802.74
162.244,1854.05
162.247,1893.41
162.249,1919.17
162.252,1930.13
162.255,1926.68
162.258,1908.40
162.261,1876.22
162.263,1831.63
162.266,1776.52
162.269,1713.01
162.272,1643.28
162.274,1572.10
162.280,1419.24
162.286,1268.66
162.288,1196.69
162.291,1127.74
162.294,1062.17
162.297,1002.33
162.300,939.827
162.303,881.488
162.306,827.208
162.309,778.437
162.312,731.614
162.315,688.258
162.318,648.138
162.321,612.211
162.324,577.779
162.327,545.911
162.330,516.402
162.332,489.939
162.335,464.521
162.338,440.931
162.341,419.018
162.344,399.299
162.347,380.288
162.350,362.575
162.353,346.054
162.356,331.124
162.359,316.672
162.362,303.149
162.365,290.482
162.368,278.988
162.371,267.815
162.374,257.317
162.377,247.444
162.380,238.449
162.383,229.672
162.386,221.393
162.389,213.577
162.392,206.430
162.395,199.432
162.398,192.808
162.404,180.775
162.410,169.749
162.416,159.951
162.422,150.919
162.428,142.849
162.434,135.372
162.440,128.658
162.446,122.409
162.451,116.773
162.457,111.507
162.463,106.740
162.469,102.269
162.475,98.2080
162.481,94.3882
162.487,90.9089
162.493,87.6274
162.499,84.6314
162.505,81.7996
162.511,79.2092
162.517,76.7565
162.523,74.5096
162.529,72.3795
162.535,70.4261
162.541,68.5729
162.547,66.8727
162.559,63.7795
162.570,61.0894
162.582,58.7556
162.594,56.7399
162.606,55.0110
162.618,53.5433
162.630,52.3163
162.642,51.3136
162.654,50.5228
162.666,49.9346
162.677,49.5452
162.689,49.3447
162.701,49.3369
162.713,49.5238
162.725,49.9107
162.737,50.5057
162.749,51.3203
162.761,52.3696
162.773,53.6730
162.785,55.2545
162.796,57.1441
162.808,59.3784
162.820,62.0022
162.832,65.0707
162.838,66.8071
162.844,68.6511
162.850,70.6761
162.856,72.8265
162.862,75.1481
162.868,77.6554
162.874,80.4126
162.880,83.3462
162.886,86.5771
162.892,90.0208
162.898,93.8210
162.903,97.8805
162.909,102.371
162.915,107.182
162.921,112.518
162.927,118.253
162.933,124.637
162.939,131.521
162.945,139.214
162.951,147.545
162.957,156.894
162.963,167.063
162.969,178.529
162.975,191.062
162.978,197.969
162.981,205.267
162.984,212.986
162.987,220.876
162.990,229.510
162.993,238.661
162.996,248.365
162.999,258.310
163.002,269.224
163.005,280.822
163.008,293.154
163.011,305.825
163.014,319.765
163.017,334.615
163.020,350.442
163.022,366.738
163.025,384.702
163.028,403.871
163.031,424.330
163.034,445.416
163.037,468.675
163.040,493.496
163.043,519.972
163.046,547.226
163.049,577.223
163.052,608.036
163.055,641.854
163.058,676.466
163.062,720.781
163.065,766.463
163.068,816.089
163.072,866.607
163.079,974.567
163.086,1083.85
163.089,1138.80
163.092,1189.71
163.096,1238.09
163.099,1279.66
163.103,1315.32
163.106,1341.68
163.110,1358.80
163.113,1365.97
163.117,1362.65
163.120,1349.23
163.123,1325.58
163.127,1294.07
163.130,1254.22
163.134,1209.74
163.137,1161.05
163.141,1109.55
163.147,1001.41
163.154,894.976
163.158,843.402
163.161,795.418
163.165,749.758
163.168,706.555
163.172,660.088
163.176,617.963
163.180,577.872
163.183,541.733
163.187,507.474
163.191,476.674
163.195,447.521
163.199,421.327
163.203,396.534
163.207,374.243
163.210,353.121
163.214,334.105
163.218,316.055
163.222,299.774
163.226,284.288
163.230,270.289
163.234,256.943
163.237,244.850
163.241,233.295
163.245,222.800
163.249,212.747
163.253,203.595
163.257,194.808
163.260,186.790
163.264,179.073
163.268,172.016
163.272,165.210
163.276,158.972
163.280,152.943
163.284,147.405
163.287,142.176
163.291,137.233
163.295,132.437
163.299,128.014
163.307,119.745
163.314,112.300
163.322,105.576
163.330,99.4825
163.337,93.9446
163.345,88.8970
163.353,84.3411
163.360,80.1090
163.368,76.2216
163.376,72.6424
163.383,69.3395
163.391,66.2851
163.399,63.4547
163.407,60.8268
163.414,58.4129
163.422,56.1330
163.430,54.0049
163.437,52.0152
163.445,50.1520
163.453,48.4046
163.460,46.7635
163.468,45.2201
163.476,43.7666
163.483,42.3960
163.491,41.1021
163.507,38.7215
163.522,36.5850
163.537,34.6715
163.553,32.9282
163.568,31.3453
163.583,29.9029
163.599,28.5925
163.614,27.3829
163.630,26.2706
163.645,25.2451
163.660,24.3031
163.676,23.4245
163.691,22.6085
163.706,21.8490
163.722,21.1408
163.737,20.4791
163.753,19.8597
163.768,19.2787
163.783,18.7365
163.799,18.2229
163.814,17.7389
163.830,17.2821
163.845,16.8532
163.876,16.0574
163.906,15.3435
163.937,14.6957
163.968,14.1092
163.999,13.5727
164.029,13.0833
164.060,12.6322
164.091,12.2180
164.122,11.8339
164.152,11.4791
164.183,11.1483
164.214,10.8402
164.245,10.5526
164.275,10.2842
164.306,10.0318
164.337,9.79542
164.368,9.57221
164.398,9.36243
164.460,8.97634
164.521,8.63003
164.583,8.31780
164.644,8.03505
164.706,7.77760
164.768,7.54321
164.829,7.32889
164.891,7.13257
164.952,6.95252
165.014,6.78734
165.075,6.63588
165.137,6.49724
165.198,6.37051
165.260,6.25558
165.321,6.15190
165.383,6.05930
165.444,5.97764
165.506,5.90737
165.567,5.84868
165.629,5.80213
165.690,5.76845
165.752,5.74879
165.813,5.74442
165.875,5.75706
165.936,5.78887
165.998,5.84259
166.059,5.92168
166.121,6.03053
166.152,6.09793
166.182,6.17505
166.213,6.26285
166.244,6.36211
166.275,6.47477
166.305,6.60158
166.336,6.74509
166.367,6.90641
166.398,7.08897
166.428,7.29441
166.459,7.52747
166.490,7.79072
166.521,8.09087
166.551,8.43210
166.567,8.62140
166.582,8.82429
166.598,9.04205
166.613,9.27454
166.628,9.52646
166.644,9.79820
166.659,10.0919
166.667,10.2478
166.675,10.4101
166.682,10.5793
166.690,10.7557
166.698,10.9397
166.705,11.1319
166.713,11.3327
166.721,11.5427
166.728,11.7625
166.736,11.9897
166.744,12.2309
166.751,12.4840
166.759,12.7500
166.767,13.0296
166.775,13.3239
166.782,13.6341
166.790,13.9613
166.798,14.3024
166.801,14.4849
166.805,14.6679
166.809,14.8611
166.813,15.0550
166.817,15.2599
166.821,15.4656
166.825,15.6832
166.828,15.9018
166.832,16.1333
166.836,16.3660
166.840,16.6127
166.844,16.8609
166.848,17.1241
166.851,17.3893
166.855,17.6634
166.859,17.9470
166.863,18.2484
166.867,18.5525
166.871,18.8761
166.874,19.2030
166.878,19.5511
166.882,19.9033
166.886,20.2788
166.890,20.6591
166.894,21.0651
166.898,21.4769
166.901,21.9170
166.905,22.3640
166.909,22.8424
166.913,23.3290
166.917,23.8370
166.921,24.3678
166.924,24.9377
166.928,25.5191
166.932,26.1445
166.936,26.7836
166.940,27.4724
166.944,28.1776
166.948,28.9389
166.951,29.7200
166.955,30.5651
166.959,31.4339
166.963,32.3759
166.967,33.3467
166.971,34.4017
166.974,35.4916
166.978,36.6477
166.982,37.8756
166.986,39.2170
166.990,40.6102
166.994,42.1367
166.997,43.7268
167.001,45.4745
167.005,47.3010
167.009,49.3152
167.013,51.4275
167.017,53.7653
167.021,56.2262
167.024,58.9603
167.028,61.8499
167.032,65.0735
167.036,68.4950
167.040,72.2262
167.044,76.3041
167.047,80.8945
167.051,85.8117
167.055,91.3735
167.059,97.3603
167.063,104.165
167.067,111.526
167.071,119.931
167.074,129.065
167.076,134.288
167.078,139.539
167.080,145.090
167.082,150.961
167.084,157.508
167.086,164.098
167.088,171.072
167.090,178.451
167.092,186.681
167.094,194.963
167.096,203.719
167.097,212.970
167.099,222.738
167.101,233.037
167.103,243.883
167.105,255.285
167.108,271.136
167.110,287.247
167.112,304.913
167.115,322.639
167.120,360.579
167.125,399.272
167.127,418.411
167.130,435.815
167.132,452.402
167.134,466.321
167.137,478.187
167.139,486.592
167.142,491.714
167.144,493.327
167.145,492.703
167.147,491.199
167.149,485.592
167.152,476.304
167.154,464.458
167.156,449.565
167.159,433.339
167.161,414.985
167.164,396.471
167.169,357.719
167.171,338.187
167.174,319.937
167.176,301.635
167.178,284.865
167.181,268.955
167.183,253.941
167.185,245.602
167.186,238.134
167.187,230.386
167.189,223.460
167.190,216.285
167.191,209.880
167.193,203.252
167.194,197.341
167.195,191.229
167.197,185.782
167.198,180.153
167.199,175.139
167.201,169.958
167.202,165.343
167.204,160.576
167.205,156.330
167.206,151.943
167.208,148.036
167.209,143.998
167.210,140.402
167.212,136.684
167.213,133.371
167.214,129.946
167.216,126.893
167.217,123.736
167.218,120.920
167.220,118.006
167.221,115.407
167.222,112.716
167.224,110.315
167.225,107.828
167.226,105.608
167.228,103.307
167.229,101.252
167.231,99.1222
167.232,97.2184
167.233,95.2444
167.235,93.4792
167.236,91.6481
167.237,90.0099
167.239,88.3099
167.240,86.7884
167.241,85.2087
167.243,83.7943
167.244,82.3252
167.245,81.0093
167.247,79.6420
167.248,78.4168
167.249,77.1432
167.251,76.0017
167.252,74.8146
167.253,73.7503
167.255,72.6431
167.256,71.6501
167.258,70.6168
167.259,69.6898
167.260,68.7249
167.262,67.8590
167.263,66.9576
167.264,66.1484
167.266,65.3059
167.267,64.5494
167.268,63.7616
167.270,63.0541
167.271,62.3172
167.272,61.6554
167.274,60.9659
167.275,60.3466
167.276,59.7014
167.278,59.1218
167.279,58.5179
167.280,57.9755
167.282,57.4103
167.283,56.9025
167.285,56.3735
167.286,55.8983
167.287,55.4033
167.289,54.9586
167.290,54.4955
167.291,54.0795
167.294,53.2572
167.297,52.4886
167.299,51.7704
167.302,51.0998
167.305,50.4743
167.307,49.8913
167.310,49.3487
167.313,48.8442
167.316,48.3760
167.318,47.9423
167.321,47.5414
167.324,47.1718
167.326,46.8320
167.329,46.5207
167.332,46.2366
167.334,45.9785
167.337,45.7455
167.340,45.5364
167.343,45.3504
167.345,45.1866
167.348,45.0442
167.351,44.9223
167.356,44.7405
167.361,44.6292
167.367,44.5883
167.372,44.6140
167.378,44.7029
167.383,44.8523
167.388,45.0599
167.394,45.3237
167.399,45.6419
167.405,46.0133
167.410,46.4368
167.415,46.9116
167.421,47.4372
167.426,48.0132
167.432,48.6395
167.437,49.3162
167.442,50.0436
167.448,50.8221
167.453,51.6524
167.459,52.5352
167.464,53.4717
167.469,54.4630
167.475,55.5104
167.480,56.6155
167.486,57.7800
167.491,59.0057
167.496,60.2949
167.502,61.6498
167.507,63.0730
167.513,64.5671
167.518,66.1351
167.523,67.7804
167.529,69.4735
167.534,71.2822
167.539,73.1792
167.545,75.1690
167.550,77.2562
167.556,79.4460
167.561,81.7438
167.566,84.1554
167.572,86.6872
167.577,89.3462
167.583,92.1396
167.588,95.0754
167.593,98.1622
167.599,101.409
167.604,104.827
167.610,108.426
167.615,112.218
167.620,116.216
167.626,120.433
167.631,124.886
167.637,129.590
167.642,134.562
167.647,139.824
167.653,145.395
167.658,151.300
167.664,157.563
167.669,164.213
167.674,171.280
167.680,178.798
167.685,186.804
167.691,195.338
167.696,204.446
167.701,213.992
167.707,224.390
167.712,235.527
167.718,247.471
167.723,260.299
167.728,274.094
167.734,288.952
167.739,304.978
167.745,322.291
167.750,341.026
167.755,361.333
167.761,383.382
167.766,407.366
167.772,433.502
167.777,462.040
167.782,493.259
167.788,527.482
167.790,545.832
167.793,565.074
167.796,585.263
167.799,606.454
167.801,628.712
167.804,652.100
167.807,676.691
167.809,702.558
167.812,729.784
167.815,758.453
167.817,788.659
167.820,820.499
167.823,854.078
167.826,889.507
167.828,926.907
167.831,966.401
167.834,1008.13
167.836,1052.22
167.839,1098.84
167.842,1148.13
167.844,1200.27
167.847,1255.42
167.850,1313.76
167.853,1375.47
167.855,1440.74
167.858,1509.76
167.861,1582.70
167.863,1659.75
167.866,1741.07
167.869,1826.81
167.871,1917.09
167.874,2008.42
167.878,2145.87
167.881,2288.00
167.885,2438.11
167.889,2595.59
167.892,2764.06
167.896,2932.89
167.903,3276.25
167.907,3449.44
167.910,3610.77
167.914,3760.62
167.918,3894.40
167.921,4010.34
167.925,4097.88
167.928,4157.03
167.932,4185.44
167.934,4187.64
167.936,4181.54
167.939,4146.00
167.943,4080.97
167.947,3989.46
167.950,3871.85
167.954,3738.96
167.957,3592.40
167.961,3436.50
167.968,3107.44
167.976,2786.04
167.979,2627.64
167.983,2479.72
167.986,2338.72
167.990,2205.11
167.995,2045.42
167.999,1901.15
168.004,1765.48
168.008,1643.74
168.013,1529.79
168.017,1427.82
168.022,1334.50
168.026,1249.07
168.031,1169.19
168.035,1097.64
168.040,1030.62
168.045,970.465
168.049,913.985
168.054,863.166
168.058,816.316
168.063,773.066
168.067,732.227
168.072,695.270
168.076,660.273
168.081,628.510
168.085,598.343
168.090,570.887
168.094,545.287
168.099,521.385
168.104,498.561
168.108,477.675
168.113,458.101
168.117,439.732
168.122,422.104
168.126,405.895
168.131,390.633
168.135,376.246
168.140,362.376
168.144,349.568
168.149,337.196
168.153,325.747
168.158,314.666
168.162,304.393
168.171,285.381
168.181,268.016
168.190,252.288
168.199,237.997
168.208,225.112
168.217,213.202
168.226,202.290
168.235,192.269
168.244,183.141
168.253,174.622
168.262,166.829
168.271,159.526
168.280,152.818
168.289,146.510
168.298,140.633
168.308,135.149
168.317,130.078
168.326,125.278
168.335,120.778
168.344,116.555
168.353,112.627
168.362,108.889
168.371,105.366
168.380,102.043
168.389,98.9388
168.398,95.9700
168.407,93.1904
168.425,88.0289
168.444,83.3526
168.462,79.1481
168.480,75.3338
168.498,71.8633
168.516,68.6805
168.534,65.7863
168.552,63.1334
168.570,60.6966
168.589,58.4420
168.607,56.3754
168.625,54.4571
168.643,52.6935
168.661,51.0520
168.679,49.5395
168.697,48.1364
168.715,46.8339
168.734,45.6176
168.752,44.4940
168.770,43.4497
168.788,42.4792
168.806,41.5727
168.824,40.7357
168.860,39.2391
168.897,37.9536
168.933,36.8619
168.969,35.9466
169.006,35.1961
169.042,34.5959
169.078,34.1421
169.114,33.8273
169.151,33.6509
169.187,33.6117
169.223,33.7127
169.259,33.9585
169.296,34.3548
169.332,34.9138
169.368,35.6474
169.405,36.5725
169.441,37.7063
169.477,39.0812
169.513,40.7265
169.532,41.6654
169.550,42.6821
169.568,43.7881
169.586,44.9904
169.604,46.3047
169.622,47.7256
169.640,49.2699
169.658,50.9490
169.677,52.7861
169.695,54.7752
169.713,56.9422
169.731,59.3054
169.749,61.9003
169.767,64.7220
169.785,67.8290
169.803,71.2180
169.822,74.9623
169.840,79.0617
169.858,83.5829
169.876,88.5808
169.894,94.1512
169.912,100.308
169.930,107.168
169.939,110.915
169.948,114.836
169.958,119.033
169.967,123.484
169.976,128.206
169.985,133.165
169.994,138.494
170.003,144.100
170.012,150.138
170.021,156.503
170.030,163.373
170.039,170.715
170.048,178.573
170.057,186.898
170.066,195.924
170.075,205.621
170.085,216.053
170.094,227.163
170.103,239.277
170.112,252.366
170.121,266.531
170.130,281.709
170.139,298.362
170.148,316.266
170.157,335.976
170.166,357.239
170.175,380.730
170.184,406.456
170.193,434.681
170.202,465.345
170.211,499.463
170.220,536.656
170.230,578.172
170.239,623.566
170.243,648.596
170.248,674.372
170.252,702.114
170.257,730.695
170.261,761.466
170.266,793.172
170.270,826.548
170.275,861.678
170.279,899.493
170.284,938.433
170.288,979.385
170.293,1022.43
170.298,1068.67
170.302,1116.17
170.307,1165.95
170.311,1218.08
170.318,1300.06
170.324,1387.25
170.331,1479.48
170.338,1576.37
170.345,1677.28
170.351,1781.29
170.365,1991.39
170.371,2095.31
170.378,2194.77
170.385,2286.99
170.391,2369.01
170.398,2437.91
170.405,2491.02
170.411,2526.14
170.418,2541.76
170.425,2537.75
170.431,2514.59
170.438,2473.54
170.445,2416.49
170.451,2344.67
170.458,2262.96
170.464,2173.13
170.471,2077.83
170.484,1878.58
170.498,1683.36
170.504,1588.48
170.511,1498.85
170.517,1413.50
170.524,1332.68
170.529,1271.14
170.535,1212.60
170.540,1157.02
170.545,1104.33
170.551,1054.43
170.556,1007.24
170.561,962.619
170.566,921.235
170.572,881.371
170.577,843.722
170.582,808.166
170.588,774.584
170.593,742.860
170.598,712.884
170.603,684.551
170.609,658.252
170.614,632.882
170.619,608.872
170.625,586.138
170.630,564.600
170.635,544.184
170.640,524.821
170.651,489.320
170.662,456.953
170.672,427.931
170.683,401.347
170.693,377.396
170.704,355.355
170.714,335.224
170.725,316.798
170.735,300.048
170.746,284.498
170.757,270.174
170.767,256.955
170.778,244.842
170.788,233.510
170.799,222.994
170.810,213.218
170.820,204.199
170.831,195.704
170.841,187.842
170.852,180.416
170.862,173.524
170.873,166.995
170.883,160.863
170.894,155.096
170.905,149.716
170.915,144.594
170.926,139.760
170.936,135.192
170.947,130.912
170.957,126.820
170.968,122.941
170.989,115.799
171.010,109.344
171.031,103.490
171.053,98.1392
171.074,93.2802
171.095,88.8327
171.116,84.7509
171.137,80.9779
171.158,77.5147
171.179,74.3127
171.200,71.3458
171.222,68.5784
171.243,66.0162
171.264,63.6170
171.285,61.3875
171.306,59.2923
171.327,57.3388
171.348,55.5054
171.369,53.7822
171.391,52.1529
171.412,50.6247
171.433,49.1757
171.454,47.8130
171.475,46.5177
171.496,45.2967
171.539,43.0393
171.581,40.9959
171.623,39.1432
171.665,37.4573
171.708,35.9211
171.750,34.5103
171.792,33.2166
171.834,32.0214
171.877,30.9193
171.919,29.8956
171.961,28.9449
172.004,28.0599
172.046,27.2362
172.088,26.4643
172.130,25.7412
172.173,25.0628
172.215,24.4264
172.257,23.8258
172.299,23.2593
172.342,22.7242
172.384,22.2191
172.426,21.7395
172.468,21.2857
172.553,20.4436
172.638,19.6794
172.722,18.9844
172.807,18.3492
172.891,17.7665
172.976,17.2302
173.060,16.7380
173.102,16.5086
173.145,16.2946
173.166,16.1958
173.187,16.1078
173.198,16.0699
173.208,16.0388
173.219,16.0165
173.229,16.0068
173.239,16.0101
173.248,16.0217
173.257,16.0285
173.262,16.0231
173.267,16.0080
173.271,15.9824
173.276,15.9468
173.281,15.9037
173.286,15.8560
173.295,15.7577
173.304,15.6658
173.316,15.5698
173.327,15.4875
173.338,15.4142
173.349,15.3482
173.371,15.2287
173.394,15.1197
173.438,14.9183
173.483,14.7304
173.572,14.3784
173.661,14.0510
173.750,13.7437
173.839,13.4548
173.928,13.1821
174.017,12.9241
174.107,12.6792
174.196,12.4469
174.285,12.2258
174.374,12.0151
174.552,11.6214
174.730,11.2607
174.909,10.9280
175.087,10.6200
175.265,10.3330
175.443,10.0648
175.622,9.81294
175.800,9.57570
175.978,9.35123
176.156,9.13843
176.335,8.93592
176.513,8.74301
176.691,8.55878
176.869,8.38296
176.959,8.29802
177.048,8.21521
177.137,8.13450
177.226,8.05597
177.315,7.97966
177.404,7.90594
177.493,7.83500
177.582,7.76723
177.672,7.70311
177.761,7.64356
177.850,7.58958
177.894,7.56512
177.939,7.54276
177.983,7.52269
178.028,7.50538
178.073,7.49129
178.117,7.48105
178.162,7.47538
178.206,7.47526
178.251,7.48195
178.295,7.49705
178.318,7.50844
178.340,7.52281
178.362,7.54057
178.385,7.56217
178.407,7.58815
178.429,7.61918
178.451,7.65601
178.474,7.69937
178.496,7.75077
178.518,7.81137
178.541,7.88286
178.563,7.96688
178.585,8.06678
178.607,8.18544
178.619,8.25338
178.630,8.32702
178.641,8.40763
178.652,8.49602
178.663,8.59401
178.674,8.70093
178.685,8.81993
178.696,8.95031
178.708,9.09611
178.719,9.25666
178.730,9.43716
178.741,9.63709
178.752,9.86332
178.763,10.1156
178.775,10.4033
178.786,10.7268
178.791,10.9065
178.797,11.0988
178.802,11.3046
178.808,11.5211
178.814,11.7577
178.819,12.0074
178.825,12.2809
178.830,12.5704
178.836,12.8886
178.841,13.2330
178.847,13.6065
178.852,14.0046
178.858,14.4455
178.864,14.9265
178.869,15.4524
178.875,16.0180
178.880,16.6503
178.886,17.3468
178.892,18.1162
178.897,18.9526
178.903,19.8983
178.908,20.9329
178.914,22.1103
178.917,22.7520
178.919,23.4075
178.922,24.1286
178.925,24.8949
178.928,25.7101
178.930,26.5784
178.933,27.5041
178.936,28.4921
178.939,29.5480
178.942,30.6358
178.944,31.8428
178.947,33.1370
178.950,34.5268
178.953,36.0208
178.956,37.6292
178.958,39.3628
178.961,41.2339
178.964,43.1811
178.967,45.3632
178.969,47.7274
178.972,50.2924
178.975,53.0784
178.978,56.1082
178.981,59.4066
178.983,63.0008
178.986,66.7747
178.989,71.0388
178.992,75.6936
178.995,80.7752
178.997,86.1140
179.000,92.1415
179.003,98.7036
179.006,105.831
179.008,113.261
179.011,120.334
179.013,127.843
179.016,135.772
179.018,144.087
179.020,152.731
179.023,161.621
179.025,170.646
179.028,179.658
179.030,188.478
179.032,196.893
179.035,204.667
179.037,211.550
179.040,217.294
179.042,221.676
179.044,224.514
179.047,225.673
179.049,225.209
179.051,223.066
179.054,219.352
179.056,214.234
179.059,207.928
179.061,200.675
179.063,192.720
179.066,184.299
179.068,175.624
179.071,166.880
179.073,158.215
179.075,149.748
179.078,141.567
179.080,133.732
179.083,126.283
179.085,119.528
179.088,112.351
179.090,105.659
179.093,99.4383
179.095,93.8829
179.098,88.5248
179.100,83.5682
179.103,78.9857
179.106,74.9067
179.108,70.9790
179.111,67.3468
179.113,63.9862
179.116,60.9899
179.118,58.0983
179.121,55.4165
179.124,52.9269
179.126,50.6993
179.129,48.5412
179.131,46.5316
179.134,44.6581
179.136,42.9747
179.139,41.3368
179.142,39.8048
179.144,38.3704
179.147,37.0760
179.149,35.8113
179.152,34.6233
179.155,33.5063
179.157,32.4942
179.160,31.5013
179.162,30.5650
179.167,28.8773
179.173,27.3368
179.178,25.9795
179.183,24.7323
179.188,23.6264
179.193,22.6039
179.198,21.6920
179.203,20.8444
179.209,20.0844
179.214,19.3745
179.219,18.7350
179.224,18.1350
179.229,17.5923
179.234,17.0809
179.239,16.6167
179.245,16.1858
179.250,15.7853
179.255,15.4053
179.260,15.0581
179.265,14.7277
179.270,14.4249
179.275,14.1360
179.281,13.8706
179.291,13.3830
179.301,12.9523
179.311,12.5703
179.322,12.2304
179.332,11.9297
179.342,11.6578
179.353,11.4139
179.363,11.1947
179.373,10.9973
179.383,10.8195
179.394,10.6591
179.404,10.5145
179.414,10.3852
179.425,10.2675
179.435,10.1615
179.455,9.98102
179.476,9.83728
179.497,9.72582
179.517,9.64186
179.538,9.58319
179.558,9.54776
179.579,9.53411
179.599,9.54113
179.620,9.56843
179.641,9.61586
179.661,9.68326
179.682,9.77189
179.702,9.88238
179.723,10.0160
179.743,10.1737
179.764,10.3591
179.785,10.5740
179.805,10.8217
179.826,11.1045
179.846,11.4298
179.867,11.8018
179.888,12.2273
179.908,12.7117
179.929,13.2696
179.939,13.5789
179.949,13.9107
179.960,14.2670
179.970,14.6497
179.980,15.0615
179.990,15.5003
180.001,15.9778
180.011,16.4932
180.021,17.0502
180.032,17.6529
180.042,18.3063
180.052,19.0156
180.062,19.7869
180.073,20.6188
180.083,21.5354
180.093,22.5381
180.104,23.6373
180.114,24.8452
180.124,26.1759
180.134,27.6457
180.145,29.2740
180.155,31.0646
180.165,33.0793
180.176,35.3329
180.181,36.5731
180.186,37.8633
180.191,39.2600
180.196,40.7160
180.201,42.2956
180.206,43.9459
180.212,45.7405
180.217,47.6200
180.222,49.6690
180.227,51.8205
180.232,54.1256
180.237,56.5989
180.242,59.3104
180.248,62.1744
180.253,65.3245
180.258,68.6629
180.263,72.3476
180.268,76.2667
180.273,80.6089
180.278,85.2458
180.284,90.4047
180.289,95.9378
180.291,98.9572
180.294,102.122
180.297,105.440
180.299,108.786
180.302,112.436
180.304,116.271
180.307,120.304
180.309,124.380
180.312,128.838
180.314,133.351
180.317,138.296
180.320,143.307
180.322,148.805
180.325,154.616
180.327,160.763
180.330,167.012
180.332,173.890
180.335,181.184
180.338,188.924
180.340,196.820
180.343,205.539
180.345,214.817
180.348,224.698
180.350,234.813
180.353,246.022
180.356,257.990
180.358,270.782
180.361,283.920
180.363,298.529
180.366,314.181
180.369,330.963
180.371,348.252
180.374,367.531
180.376,388.240
180.379,410.496
180.381,433.469
180.384,459.120
180.387,486.698
180.389,516.338
180.392,546.909
180.394,580.984
180.397,616.052
180.399,655.021
180.402,694.961
180.405,740.857
180.407,789.598
180.410,841.079
180.413,895.081
180.415,951.248
180.418,1009.05
180.423,1126.46
180.426,1183.96
180.429,1238.91
180.432,1289.77
180.434,1334.94
180.437,1372.80
180.440,1401.89
180.442,1421.01
180.445,1429.37
180.448,1426.65
180.450,1413.03
180.453,1389.20
180.456,1356.24
180.459,1315.55
180.461,1268.67
180.464,1217.20
180.467,1162.67
180.472,1049.73
180.477,938.526
180.480,885.372
180.483,834.446
180.486,786.008
180.488,740.204
180.492,687.870
180.495,639.515
180.498,595.002
180.501,554.134
180.505,516.673
180.508,482.368
180.511,450.965
180.515,422.215
180.518,395.883
180.521,371.750
180.525,349.610
180.528,329.277
180.531,310.582
180.534,293.371
180.538,277.504
180.541,262.857
180.544,249.316
180.548,236.781
180.551,225.161
180.554,214.373
180.558,204.344
180.561,195.008
180.564,186.306
180.567,178.183
180.571,170.591
180.574,163.487
180.577,156.830
180.581,150.587
180.584,144.722
180.587,139.209
180.591,134.019
180.594,129.273
180.597,124.652
180.600,120.288
180.604,116.164
180.607,112.263
180.610,108.568
180.614,105.066
180.620,98.5897
180.627,92.7415
180.633,87.4437
180.640,82.6298
180.647,78.2429
180.653,74.2343
180.660,70.5618
180.666,67.1891
180.673,64.0843
180.680,61.2200
180.686,58.5718
180.693,56.1186
180.699,53.8749
180.706,51.7553
180.712,49.7811
180.719,47.9391
180.726,46.2179
180.732,44.6069
180.739,43.0970
180.745,41.6799
180.752,40.3480
180.759,39.0947
180.765,37.9138
180.772,36.7998
180.778,35.7478
180.792,33.8119
180.805,32.0871
180.818,30.5208
180.831,29.1048
180.844,27.8205
180.858,26.6521
180.871,25.5861
180.884,24.6110
180.897,23.7169
180.910,22.9012
180.923,22.1440
180.937,21.4453
180.950,20.7996
180.963,20.2017
180.976,19.6474
180.989,19.1329
181.003,18.6546
181.016,18.2129
181.029,17.7983
181.042,17.4120
181.055,17.0519
181.069,16.7159
181.095,16.1102
181.121,15.5851
181.148,15.1276
181.174,14.7324
181.200,14.3937
181.227,14.1080
181.253,13.8695
181.279,13.6777
181.306,13.5296
181.332,13.4254
181.359,13.3643
181.385,13.3477
181.411,13.3772
181.438,13.4549
181.464,13.5849
181.490,13.7719
181.517,14.0218
181.543,14.3410
181.570,14.7415
181.583,14.9756
181.596,15.2345
181.609,15.5202
181.622,15.8351
181.636,16.1816
181.649,16.5595
181.662,16.9778
181.675,17.4374
181.688,17.9423
181.701,18.4927
181.715,19.1023
181.728,19.7731
181.741,20.5119
181.754,21.3200
181.767,22.2188
181.780,23.2126
181.794,24.3137
181.807,25.5359
181.820,26.8955
181.833,28.4116
181.846,30.1069
181.853,31.0299
181.860,31.9927
181.866,33.0292
181.873,34.1294
181.879,35.2983
181.886,36.5414
181.893,37.8646
181.899,39.2745
181.906,40.7783
181.912,42.3841
181.919,44.1008
181.926,45.9381
181.932,47.9071
181.939,50.0200
181.945,52.2902
181.952,54.7332
181.959,57.3659
181.965,60.1627
181.972,63.2311
181.975,64.8591
181.978,66.5541
181.982,68.3195
181.985,70.1591
181.988,72.0771
181.991,74.0777
181.995,76.1655
181.998,78.3454
182.001,80.6228
182.005,83.0032
182.008,85.4927
182.011,88.0978
182.015,90.8254
182.018,93.6830
182.021,96.6787
182.024,99.8210
182.028,103.119
182.031,106.584
182.034,110.225
182.038,114.055
182.041,118.086
182.044,122.333
182.048,126.809
182.051,131.531
182.054,136.517
182.057,141.785
182.061,147.356
182.064,153.253
182.067,159.501
182.071,165.920
182.074,172.939
182.077,180.395
182.080,188.325
182.084,196.767
182.087,205.762
182.090,215.358
182.094,225.606
182.097,236.562
182.100,248.288
182.104,260.853
182.107,274.334
182.110,288.814
182.113,304.386
182.117,321.152
182.120,339.227
182.123,358.124
182.127,379.159
182.130,401.918
182.133,426.571
182.136,453.307
182.140,482.332
182.143,513.873
182.146,548.179
182.150,585.519
182.153,626.183
182.155,648.529
182.156,670.480
182.158,694.824
182.160,718.736
182.161,745.249
182.163,771.284
182.165,800.139
182.166,828.457
182.168,859.820
182.169,890.573
182.171,924.596
182.173,957.913
182.176,1028.41
182.179,1099.23
182.182,1172.04
182.185,1248.97
182.188,1329.71
182.191,1416.70
182.194,1503.36
182.199,1679.70
182.202,1769.27
182.205,1852.14
182.208,1929.12
182.211,1997.82
182.214,2057.67
182.217,2102.44
182.220,2132.56
182.223,2146.84
182.224,2147.81
182.226,2144.40
182.229,2125.65
182.232,2091.77
182.234,2044.32
182.237,1983.09
182.240,1914.48
182.243,1838.96
182.246,1758.75
182.252,1589.22
182.258,1424.55
182.261,1342.98
182.264,1267.38
182.267,1195.37
182.270,1127.17
182.273,1043.73
182.277,968.874
182.281,898.341
182.285,835.504
182.288,776.560
182.292,724.187
182.296,675.119
182.300,631.526
182.303,590.651
182.307,554.286
182.311,520.123
182.315,489.659
182.318,460.965
182.322,435.306
182.326,411.067
182.330,389.328
182.333,368.728
182.337,350.195
182.341,332.580
182.345,316.683
182.348,301.528
182.352,287.811
182.356,274.696
182.360,262.791
182.363,251.377
182.367,240.987
182.371,230.999
182.375,221.885
182.378,213.101
182.382,205.065
182.386,197.303
182.390,190.185
182.393,183.293
182.397,176.961
182.401,170.816
182.405,165.159
182.408,159.659
182.412,154.584
182.420,145.074
182.427,136.489
182.435,128.716
182.442,121.653
182.450,115.218
182.457,109.338
182.465,103.951
182.472,99.0021
182.480,94.4458
182.487,90.2409
182.495,86.3520
182.502,82.7478
182.509,79.4439
182.517,76.3272
182.524,73.4223
182.532,70.7103
182.539,68.1742
182.547,65.7989
182.554,63.5708
182.562,61.4778
182.569,59.5089
182.577,57.6544
182.584,55.9054
182.592,54.2538
182.599,52.6924
182.607,51.2146
182.614,49.8144
182.629,47.2416
182.644,44.9014
182.659,42.7798
182.674,40.8497
182.689,39.0880
182.704,37.4750
182.719,35.9940
182.734,34.6305
182.749,33.3799
182.764,32.2147
182.779,31.1341
182.794,30.1297
182.809,29.1943
182.824,28.3214
182.839,27.5053
182.854,26.7410
182.869,26.0239
182.884,25.3501
182.899,24.7159
182.914,24.1182
182.929,23.5541
182.944,23.0209
182.959,22.5162
182.974,22.0381
182.989,21.5874
183.019,20.7466
183.049,19.9848
183.079,19.2919
183.109,18.6611
183.139,18.0812
183.169,17.5480
183.199,17.0563
183.229,16.6030
183.259,16.1812
183.289,15.7890
183.319,15.4235
183.349,15.0820
183.379,14.7624
183.409,14.4625
183.439,14.1807
183.469,13.9161
183.499,13.6657
183.529,13.4290
183.559,13.2050
183.589,12.9934
183.619,12.7918
183.649,12.6002
183.709,12.2444
183.769,11.9199
183.829,11.6229
183.889,11.3500
183.949,11.0986
184.009,10.8653
184.068,10.6489
184.128,10.4467
184.188,10.2580
184.248,10.0806
184.308,9.91381
184.368,9.75653
184.428,9.60811
184.488,9.46727
184.548,9.33378
184.608,9.20658
184.668,9.08553
184.728,8.96975
184.788,8.85900
184.908,8.65123
185.028,8.45933
185.148,8.28113
185.268,8.11475
185.388,7.95908
185.508,7.81301
185.627,7.67620
185.687,7.61145
185.747,7.54965
185.807,7.49177
185.837,7.46491
185.867,7.44012
185.897,7.41807
185.927,7.40027
185.942,7.39372
185.957,7.38936
185.972,7.38792
185.987,7.39044
186.002,7.39853
186.010,7.40538
186.017,7.41465
186.025,7.42685
186.032,7.44270
186.040,7.46307
186.047,7.48914
186.055,7.52244
186.062,7.56503
186.070,7.61961
186.077,7.68981
186.081,7.73280
186.085,7.78039
186.089,7.83597
186.092,7.89748
186.096,7.96922
186.100,8.04838
186.103,8.13760
186.107,8.23760
186.112,8.38071
186.117,8.54098
186.126,8.89447
186.131,9.06691
186.133,9.14655
186.135,9.21428
186.138,9.27340
186.140,9.31675
186.142,9.34616
186.145,9.35796
186.147,9.35263
186.149,9.33087
186.152,9.29187
186.154,9.24051
186.157,9.17452
186.159,9.10176
186.164,8.93381
186.173,8.57769
186.178,8.41157
186.182,8.26055
186.186,8.14500
186.190,8.04125
186.194,7.94858
186.198,7.86604
186.202,7.79258
186.206,7.72715
186.210,7.66879
186.214,7.61785
186.218,7.57095
186.222,7.52877
186.230,7.45708
186.238,7.39709
186.246,7.34746
186.254,7.30478
186.262,7.26809
186.270,7.23616
186.278,7.20838
186.286,7.18332
186.294,7.16107
186.310,7.12213
186.326,7.08884
186.342,7.05996
186.358,7.03417
186.373,7.01072
186.405,6.96884
186.437,6.93157
186.469,6.89728
186.501,6.86527
186.564,6.80578
186.628,6.75039
186.692,6.69816
186.755,6.64840
186.819,6.60107
186.883,6.55601
186.946,6.51350
187.010,6.47368
187.074,6.43711
187.137,6.40428
187.201,6.37616
187.233,6.36417
187.265,6.35387
187.296,6.34544
187.328,6.33916
187.360,6.33534
187.392,6.33439
187.424,6.33677
187.455,6.34305
187.487,6.35398
187.519,6.37035
187.551,6.39325
187.583,6.42404
187.615,6.46455
187.631,6.48900
187.646,6.51671
187.662,6.54805
187.678,6.58344
187.694,6.62338
187.710,6.66841
187.726,6.71954
187.742,6.77688
187.758,6.84161
187.774,6.91476
187.790,6.99754
187.806,7.09137
187.821,7.19795
187.837,7.31931
187.853,7.45882
187.869,7.61771
187.885,7.80038
187.893,7.90264
187.901,8.01125
187.909,8.12970
187.917,8.25580
187.925,8.39367
187.933,8.54086
187.941,8.70224
187.949,8.87504
187.957,9.06511
187.965,9.26932
187.973,9.49474
187.981,9.74107
187.989,10.0108
187.997,10.3030
188.005,10.6283
188.012,10.9823
188.020,11.3784
188.028,11.8118
188.036,12.2996
188.044,12.8367
188.052,13.4450
188.060,14.1195
188.064,14.4927
188.068,14.8894
188.072,15.3116
188.076,15.7498
188.080,16.2288
188.084,16.7402
188.088,17.2871
188.092,17.8575
188.096,18.4840
188.100,19.1565
188.104,19.8795
188.108,20.6577
188.112,21.4969
188.116,22.4031
188.120,23.3835
188.124,24.4181
188.128,25.5690
188.132,26.8205
188.136,28.1843
188.140,29.6345
188.144,31.2600
188.148,33.0423
188.152,35.0008
188.156,37.1012
188.160,39.4766
188.164,42.1052
188.168,45.0212
188.172,48.1786
188.174,49.9317
188.176,51.7839
188.178,53.7419
188.180,55.8131
188.182,58.0052
188.184,60.3268
188.186,62.7868
188.187,65.2609
188.189,68.0193
188.191,70.9466
188.193,74.0545
188.195,77.3553
188.197,80.8622
188.199,84.5889
188.201,88.5497
188.203,92.5430
188.205,97.0036
188.207,101.743
188.209,106.778
188.211,112.121
188.213,117.789
188.215,123.794
188.217,130.147
188.219,136.513
188.222,145.384
188.224,154.816
188.227,164.788
188.229,175.261
188.232,186.164
188.234,197.396
188.237,208.817
188.239,219.788
188.242,231.005
188.244,241.744
188.247,251.705
188.249,260.572
188.252,268.030
188.254,273.791
188.257,277.619
188.259,279.330
188.262,279.001
188.264,276.552
188.267,272.112
188.269,265.891
188.272,258.157
188.274,249.213
188.277,239.367
188.279,229.344
188.281,218.569
188.284,207.682
188.289,186.299
188.291,176.068
188.294,166.260
188.296,156.928
188.299,148.443
188.301,142.392
188.302,136.608
188.304,131.088
188.306,126.114
188.308,121.093
188.310,116.318
188.311,111.778
188.313,107.700
188.315,103.592
188.317,99.6922
188.318,95.9896
188.320,92.6650
188.322,89.3181
188.324,86.1401
188.327,80.4102
188.331,75.0812
188.334,70.3906
188.338,66.0156
188.341,62.1520
188.345,58.5358
188.349,55.3306
188.352,52.3992
188.356,49.7132
188.359,47.1801
188.363,44.9178
188.366,42.7763
188.370,40.8567
188.373,39.0329
188.377,37.3924
188.380,35.8285
188.384,34.4170
188.388,33.0670
188.391,31.8448
188.395,30.6722
188.398,29.6075
188.402,28.5831
188.405,27.6504
188.409,26.7749
188.412,25.9520
188.416,25.1563
188.419,24.4281
188.423,23.7223
188.426,23.0750
188.430,22.4461
188.434,21.8682
188.441,20.7874
188.448,19.8158
188.455,18.9393
188.462,18.1457
188.469,17.4346
188.476,16.7773
188.483,16.1768
188.490,15.6268
188.497,15.1287
188.504,14.6634
188.511,14.2343
188.519,13.8376
188.526,13.4752
188.533,13.1339
188.540,12.8167
188.547,12.5213
188.554,12.2459
188.561,11.9887
188.568,11.7481
188.575,11.5228
188.582,11.3145
188.589,11.1160
188.596,10.9295
188.611,10.5890
188.625,10.2866
188.639,10.0193
188.653,9.77895
188.667,9.56423
188.682,9.37225
188.696,9.20181
188.710,9.04854
188.724,8.91302
188.738,8.79201
188.752,8.68620
188.766,8.59327
188.781,8.51342
188.795,8.44626
188.809,8.39192
188.823,8.34965
188.837,8.32008
188.852,8.30364
188.866,8.30099
188.880,8.31307
188.894,8.34124
188.908,8.38722
188.922,8.45268
188.937,8.54138
188.951,8.65562
188.958,8.72441
188.965,8.80164
188.972,8.88810
188.979,8.98325
188.986,9.09081
188.993,9.21069
189.000,9.34421
189.007,9.49292
189.014,9.65860
189.022,9.84330
189.029,10.0494
189.036,10.2763
189.043,10.5337
189.050,10.8224
189.057,11.1469
189.064,11.5125
189.071,11.9258
189.078,12.3944
189.082,12.6560
189.085,12.9276
189.089,13.2177
189.092,13.5277
189.096,13.8693
189.099,14.2255
189.103,14.6188
189.107,15.0299
189.110,15.4851
189.114,15.9622
189.117,16.4919
189.121,17.0487
189.124,17.6688
189.128,18.3228
189.131,19.0535
189.135,19.8267
189.139,20.6938
189.142,21.6146
189.146,22.6211
189.149,23.7234
189.153,24.9691
189.156,26.3026
189.160,27.8159
189.163,29.4426
189.167,31.2964
189.170,33.2973
189.174,35.5197
189.177,37.9925
189.179,39.3722
189.181,40.8315
189.183,42.3755
189.184,43.9163
189.186,45.6405
189.188,47.4659
189.190,49.3985
189.192,51.3277
189.193,53.4865
189.195,55.7709
189.197,58.1872
189.199,60.5958
189.200,63.2854
189.202,65.9616
189.204,68.9432
189.206,71.9018
189.208,76.3167
189.210,81.0082
189.213,85.9659
189.215,91.1684
189.218,96.5802
189.220,102.149
189.222,107.804
189.225,113.218
189.227,118.750
189.230,124.032
189.232,128.912
189.234,133.066
189.237,136.702
189.239,139.483
189.241,141.295
189.244,142.049
189.246,141.781
189.249,140.455
189.251,138.139
189.253,134.939
189.256,130.991
189.258,126.450
189.261,121.469
189.263,116.423
189.265,111.001
189.268,105.535
189.270,100.119
189.272,95.0449
189.275,89.9251
189.277,85.0224
189.280,80.3619
189.282,76.1358
189.285,70.6548
189.288,65.6322
189.291,61.0495
189.295,57.0042
189.298,53.2052
189.301,49.8599
189.304,46.7213
189.307,43.9569
189.310,41.3603
189.314,38.9987
189.317,36.8482
189.320,34.9455
189.323,33.1489
189.326,31.5545
189.329,30.0442
189.332,28.6994
189.336,27.4213
189.339,26.2440
189.342,25.1579
189.345,24.1842
189.348,23.2527
189.351,22.4151
189.355,21.6112
189.358,20.8861
189.361,20.1882
189.364,19.5372
189.367,18.9291
189.370,18.3775
189.374,17.8436
189.377,17.3580
189.380,16.8869
189.383,16.4575
189.386,16.0398
189.389,15.6462
189.393,15.2748
189.396,14.9348
189.402,14.2978
189.408,13.7253
189.415,13.2010
189.421,12.7340
189.427,12.3098
189.434,11.9232
189.440,11.5645
189.446,11.2410
189.453,10.9437
189.459,10.6698
189.465,10.4130
189.472,10.1791
189.478,9.96207
189.484,9.76029
189.491,9.56943
189.497,9.39417
189.503,9.23029
189.510,9.07677
189.516,8.93052
189.522,8.79528
189.535,8.54800
189.548,8.32600
189.560,8.12877
189.573,7.94985
189.585,7.78935
189.598,7.64243
189.611,7.50951
189.623,7.38688
189.636,7.27512
189.649,7.17129
189.661,7.07604
189.674,6.98701
189.687,6.90487
189.712,6.75608
189.737,6.62547
189.763,6.50981
189.788,6.40659
189.813,6.31382
189.838,6.22990
189.864,6.15356
189.889,6.08376
189.914,6.01962
189.940,5.96046
189.990,5.85478
190.041,5.76304
190.091,5.68276
190.142,5.61174
190.193,5.54874
190.243,5.49272
190.294,5.44295
190.344,5.39888
190.395,5.36012
190.446,5.32644
190.496,5.29778
190.547,5.27399
190.597,5.25521
190.648,5.24162
190.698,5.23347
190.749,5.23111
190.800,5.23499
190.850,5.24570
190.901,5.26387
190.951,5.29043
191.002,5.32637
191.053,5.37290
191.103,5.43149
191.154,5.50391
191.204,5.59229
191.255,5.69920
191.306,5.82778
191.356,5.98187
191.381,6.06992
191.407,6.16621
191.432,6.27151
191.457,6.38669
191.483,6.51271
191.508,6.65068
191.533,6.80181
191.559,6.96750
191.584,7.14933
191.609,7.34908
191.634,7.56881
191.660,7.81086
191.685,8.07790
191.710,8.37180
191.736,8.69848
191.761,9.06097
191.786,9.46414
191.811,9.91367
191.837,10.4163
191.862,10.9799
191.887,11.6140
191.913,12.3299
191.925,12.7243
191.938,13.1413
191.951,13.5897
191.963,14.0648
191.976,14.5769
191.989,15.1208
192.001,15.7085
192.014,16.3344
192.027,17.0125
192.039,17.7368
192.052,18.5240
192.064,19.3674
192.077,20.2872
192.090,21.2762
192.102,22.3498
192.115,23.5176
192.128,24.8011
192.134,25.4813
192.140,26.1927
192.147,26.9492
192.153,27.7293
192.159,28.5466
192.166,29.4035
192.172,30.3172
192.178,31.2619
192.185,32.2544
192.191,33.2979
192.197,34.4139
192.204,35.5712
192.210,36.7909
192.216,38.0775
192.223,39.4580
192.229,40.8946
192.235,42.4141
192.241,44.0228
192.248,45.7556
192.254,47.5660
192.260,49.4887
192.267,51.5330
192.273,53.7448
192.279,56.0663
192.286,58.5436
192.292,61.1905
192.298,64.0691
192.305,67.1069
192.311,70.3666
192.317,73.8698
192.324,77.7028
192.330,81.7735
192.336,86.1704
192.343,90.9284
192.349,96.1721
192.355,101.783
192.362,107.892
192.368,114.557
192.374,121.967
192.381,129.968
192.384,134.330
192.387,138.762
192.390,143.565
192.393,148.453
192.396,153.757
192.400,159.341
192.403,165.225
192.406,171.230
192.409,177.766
192.412,184.447
192.415,191.732
192.419,199.191
192.422,207.336
192.425,215.969
192.428,225.127
192.431,234.538
192.434,244.853
192.438,255.473
192.441,267.136
192.444,279.168
192.447,292.409
192.450,306.552
192.453,321.676
192.457,337.343
192.460,354.657
192.463,372.630
192.466,392.533
192.469,413.239
192.472,436.216
192.476,460.971
192.479,487.666
192.482,515.548
192.485,546.606
192.488,579.096
192.491,615.339
192.494,653.297
192.498,695.674
192.501,740.077
192.504,789.647
192.507,841.552
192.510,899.414
192.513,959.861
192.517,1027.01
192.520,1096.82
192.523,1168.91
192.526,1245.40
192.529,1326.13
192.532,1410.74
192.535,1498.65
192.538,1589.03
192.544,1772.26
192.547,1861.80
192.550,1947.21
192.553,2026.08
192.556,2095.90
192.559,2154.15
192.562,2198.57
192.565,2227.32
192.568,2239.16
192.571,2233.62
192.574,2211.04
192.577,2172.51
192.580,2119.74
192.583,2054.93
192.586,1980.53
192.589,1899.02
192.592,1812.81
192.598,1634.61
192.604,1459.43
192.607,1375.78
192.610,1295.69
192.613,1219.55
192.616,1147.58
192.619,1079.86
192.622,1016.37
192.625,957.002
192.628,901.607
192.631,849.993
192.634,801.949
192.637,757.257
192.640,715.696
192.643,677.046
192.646,641.098
192.649,607.652
192.652,576.517
192.655,547.517
192.658,520.485
192.661,495.271
192.664,472.490
192.667,450.445
192.670,429.828
192.673,410.530
192.676,392.449
192.679,375.492
192.682,359.575
192.685,344.619
192.687,331.008
192.690,317.741
192.693,305.241
192.696,293.453
192.699,282.326
192.702,271.813
192.705,261.874
192.708,252.467
192.711,243.847
192.717,227.360
192.723,212.499
192.729,199.064
192.735,186.881
192.741,175.803
192.747,165.704
192.753,156.473
192.759,148.150
192.765,140.372
192.771,133.214
192.777,126.612
192.783,120.608
192.789,114.952
192.795,109.705
192.801,104.830
192.807,100.364
192.813,96.1285
192.819,92.1734
192.825,88.4749
192.831,85.0115
192.837,81.7638
192.843,78.7144
192.849,75.8476
192.855,73.1928
192.861,70.6474
192.867,68.2461
192.879,63.8691
192.891,59.9147
192.903,56.3884
192.915,53.1796
192.927,50.2990
192.939,47.6613
192.951,45.2797
192.963,43.0872
192.974,41.0976
192.986,39.2576
192.998,37.5807
193.010,36.0238
193.022,34.5881
193.034,33.2623
193.046,32.0459
193.058,30.9096
193.070,29.8645
193.082,28.8862
193.094,27.9847
193.106,27.1394
193.118,26.3595
193.130,25.6276
193.142,24.9520
193.166,23.7324
193.190,22.6771
193.214,21.7634
193.238,20.9835
193.261,20.3214
193.285,19.7675
193.309,19.3146
193.333,18.9574
193.357,18.6925
193.381,18.5181
193.405,18.4339
193.429,18.4419
193.453,18.5448
193.477,18.7476
193.501,19.0586
193.513,19.2572
193.525,19.4844
193.537,19.7455
193.548,20.0380
193.560,20.3687
193.572,20.7343
193.584,21.1435
193.596,21.5962
193.608,22.0954
193.620,22.6398
193.632,23.2426
193.644,23.8979
193.656,24.6217
193.662,25.0090
193.668,25.4073
193.674,25.8308
193.680,26.2739
193.686,26.7374
193.692,27.2140
193.698,27.7209
193.704,28.2512
193.710,28.8061
193.716,29.3768
193.722,29.9840
193.728,30.6197
193.734,31.2852
193.740,31.9703
193.746,32.6998
193.752,33.4641
193.758,34.2652
193.764,35.0907
193.770,35.9708
193.776,36.8942
193.782,37.8633
193.788,38.8808
193.794,39.9497
193.800,41.0730
193.806,42.2540
193.812,43.4751
193.818,44.7816
193.824,46.1574
193.830,47.6070
193.835,49.1093
193.841,50.7203
193.847,52.4209
193.853,54.2175
193.859,56.0842
193.865,58.0916
193.871,60.2170
193.877,62.4690
193.883,64.8163
193.889,67.3488
193.895,70.0393
193.901,72.9003
193.907,75.8934
193.913,79.1350
193.919,82.5928
193.925,86.2852
193.931,90.1648
193.937,94.3854
193.943,98.9089
193.949,103.763
193.955,108.890
193.961,114.497
193.967,120.539
193.973,127.062
193.979,134.114
193.985,141.752
193.988,145.810
193.991,150.038
193.994,154.447
193.997,159.045
194.000,163.843
194.003,168.683
194.006,173.909
194.009,179.371
194.012,185.083
194.015,191.058
194.018,197.314
194.021,203.867
194.024,210.735
194.027,217.691
194.030,225.236
194.033,233.158
194.036,241.481
194.039,250.231
194.042,259.436
194.045,269.125
194.048,279.333
194.051,289.725
194.054,301.056
194.057,313.017
194.060,325.653
194.063,339.012
194.066,353.147
194.069,368.112
194.072,383.971
194.075,400.213
194.078,418.027
194.081,436.948
194.084,457.062
194.087,478.460
194.090,501.243
194.093,525.519
194.096,551.406
194.098,578.082
194.101,607.520
194.104,638.980
194.107,672.622
194.110,708.620
194.113,747.159
194.116,788.436
194.119,832.663
194.122,878.426
194.125,929.108
194.128,983.422
194.131,1041.61
194.134,1103.92
194.137,1170.57
194.140,1241.80
194.143,1317.77
194.146,1395.87
194.150,1490.39
194.153,1590.91
194.156,1697.24
194.159,1808.95
194.163,1925.34
194.166,2045.36
194.173,2289.96
194.176,2410.27
194.179,2525.66
194.183,2632.98
194.186,2728.88
194.189,2810.01
194.192,2873.31
194.196,2916.26
194.199,2937.13
194.202,2935.18
194.206,2910.71
194.209,2865.04
194.212,2800.36
194.216,2719.47
194.219,2625.53
194.222,2521.81
194.225,2411.45
194.232,2181.84
194.239,1954.69
194.242,1845.82
194.245,1741.34
194.249,1641.82
194.252,1547.59
194.254,1482.46
194.257,1422.74
194.259,1365.64
194.261,1311.10
194.264,1256.86
194.266,1207.37
194.268,1160.22
194.270,1115.33
194.273,1070.78
194.275,1030.21
194.277,991.606
194.280,954.877
194.282,918.451
194.284,885.271
194.289,823.632
194.294,766.595
194.298,715.977
194.303,669.008
194.308,627.195
194.312,588.265
194.317,553.485
194.322,520.986
194.326,491.843
194.331,464.509
194.336,439.907
194.340,416.747
194.345,395.827
194.350,376.064
194.354,358.151
194.359,341.171
194.363,325.730
194.368,311.047
194.373,297.653
194.377,284.878
194.382,273.191
194.387,262.014
194.391,251.760
194.396,242.129
194.401,233.074
194.405,224.369
194.410,216.344
194.415,208.611
194.419,201.467
194.424,194.568
194.428,188.181
194.433,182.000
194.438,176.266
194.447,165.541
194.456,155.851
194.466,147.068
194.475,139.162
194.484,131.869
194.493,125.198
194.503,119.079
194.512,113.453
194.521,108.268
194.531,103.477
194.540,99.0409
194.549,94.9682
194.558,91.1396
194.568,87.5738
194.577,84.2470
194.586,81.1377
194.596,78.2271
194.605,75.4981
194.614,72.9355
194.624,70.5259
194.633,68.2569
194.642,66.1175
194.651,64.0978
194.661,62.1887
194.670,60.3821
194.679,58.6706
194.698,55.5224
194.716,52.6629
194.735,50.0705
194.754,47.7120
194.772,45.5700
194.791,43.5975
194.809,41.7859
194.828,40.1177
194.846,38.5854
194.865,37.1592
194.884,35.8362
194.902,34.6062
194.921,33.4604
194.939,32.3909
194.958,31.3908
194.977,30.4539
194.995,29.5795
195.014,28.7531
195.032,27.9753
195.051,27.2423
195.069,26.5541
195.088,25.9001
195.107,25.2814
195.125,24.6954
195.144,24.1427
195.181,23.1139
195.218,22.1860
195.255,21.3417
195.292,20.5756
195.330,19.8748
195.367,19.2362
195.404,18.6501
195.441,18.1147
195.478,17.6228
195.515,17.1726
195.553,16.7611
195.590,16.3870
195.627,16.0466
195.664,15.7405
195.701,15.4665
195.738,15.2261
195.775,15.0184
195.813,14.8459
195.850,14.7099
195.887,14.6141
195.924,14.5624
195.943,14.5551
195.961,14.5612
195.980,14.5820
195.998,14.6187
196.017,14.6727
196.035,14.7454
196.054,14.8396
196.073,14.9572
196.091,15.1010
196.110,15.2742
196.128,15.4806
196.147,15.7248
196.166,16.0122
196.184,16.3471
196.203,16.7410
196.221,17.2015
196.240,17.7401
196.249,18.0429
196.258,18.3670
196.268,18.7218
196.277,19.1064
196.286,19.5237
196.296,19.9768
196.305,20.4693
196.314,21.0053
196.324,21.5894
196.333,22.2195
196.342,22.9153
196.351,23.6769
196.361,24.5121
196.370,25.4296
196.379,26.4397
196.389,27.5542
196.398,28.7868
196.407,30.1380
196.416,31.6558
196.426,33.3484
196.435,35.2418
196.444,37.3671
196.449,38.5409
196.454,39.7614
196.458,41.0876
196.463,42.4694
196.468,43.9741
196.472,45.5453
196.477,47.2224
196.481,49.0146
196.486,50.9754
196.491,53.0329
196.495,55.2898
196.500,57.6646
196.505,60.2771
196.509,63.0341
196.514,66.0763
196.519,69.2972
196.523,72.8631
196.528,76.6513
196.533,80.8603
196.537,85.3483
196.542,90.3539
196.546,95.7123
196.551,101.580
196.556,108.017
196.560,115.258
196.565,123.075
196.570,131.906
196.574,141.484
196.577,146.889
196.579,152.354
196.581,158.117
196.584,164.196
196.586,170.901
196.588,177.694
196.591,184.873
196.593,192.462
196.595,200.847
196.598,209.359
196.600,218.369
196.602,227.908
196.605,238.462
196.607,249.187
196.609,260.549
196.611,272.584
196.614,285.901
196.616,299.431
196.618,313.752
196.621,328.900
196.623,344.910
196.625,361.815
196.628,379.640
196.630,398.405
196.633,425.202
196.636,452.766
196.639,481.878
196.642,512.417
196.645,545.261
196.648,577.990
196.654,644.489
196.657,678.155
196.660,709.286
196.663,738.129
196.666,763.783
196.669,785.355
196.672,802.028
196.675,813.136
196.678,818.231
196.680,818.413
196.681,816.982
196.684,809.573
196.687,796.440
196.690,778.185
196.693,754.753
196.696,728.540
196.699,699.738
196.702,669.195
196.709,604.785
196.715,542.299
196.718,512.393
196.721,483.711
196.724,456.401
196.727,430.547
196.730,404.613
196.733,380.368
196.736,357.771
196.739,336.758
196.743,317.248
196.746,299.152
196.749,282.379
196.752,266.834
196.755,252.428
196.759,239.074
196.762,226.688
196.765,215.193
196.768,204.518
196.771,194.596
196.775,185.364
196.778,176.768
196.781,168.754
196.784,161.276
196.787,154.292
196.791,147.760
196.794,141.646
196.797,135.917
196.800,130.543
196.803,125.497
196.807,120.753
196.810,116.289
196.813,112.085
196.816,108.121
196.819,104.380
196.823,100.846
196.826,97.5052
196.829,94.4395
196.832,91.4395
196.835,88.5954
196.842,83.3346
196.848,78.5833
196.854,74.2788
196.861,70.3673
196.867,66.8030
196.874,63.5462
196.880,60.5626
196.886,57.8228
196.893,55.3008
196.899,52.9741
196.906,50.8231
196.912,48.8304
196.918,46.9808
196.925,45.2607
196.931,43.6825
196.938,42.1856
196.944,40.7864
196.950,39.4766
196.957,38.2485
196.963,37.0953
196.970,36.0111
196.976,34.9903
196.982,34.0279
196.989,33.1195
196.995,32.2611
197.002,31.4488
197.008,30.6795
197.021,29.2576
197.033,27.9835
197.046,26.8194
197.059,25.7606
197.072,24.7945
197.085,23.9100
197.097,23.0979
197.110,22.3501
197.123,21.6598
197.136,21.0256
197.149,20.4324
197.161,19.8807
197.174,19.3666
197.187,18.8865
197.200,18.4372
197.213,18.0161
197.225,17.6205
197.238,17.2513
197.251,16.9004
197.264,16.5694
197.289,15.9602
197.315,15.4128
197.340,14.9203
197.366,14.4714
197.392,14.0621
197.417,13.6874
197.443,13.3443
197.468,13.0264
197.494,12.7322
197.519,12.4590
197.545,12.2054
197.571,11.9676
197.596,11.7448
197.622,11.5357
197.647,11.3396
197.673,11.1539
197.698,10.9784
197.750,10.6551
197.801,10.3624
197.852,10.0968
197.903,9.85339
197.954,9.63019
198.005,9.42376
198.056,9.23287
198.108,9.05509
198.159,8.88973
198.210,8.73500
198.261,8.59055
198.312,8.45508
198.363,8.32850
198.415,8.20984
198.466,8.09924
198.517,7.99602
198.568,7.90050
198.619,7.81229
198.670,7.73188
198.721,7.65923
198.773,7.59501
198.824,7.53955
198.875,7.49384
198.926,7.45870
198.977,7.43554
199.028,7.42589
199.079,7.43181
199.131,7.45592
199.156,7.47578
199.182,7.50137
199.207,7.53343
199.233,7.57250
199.259,7.61927
199.284,7.67432
199.310,7.73898
199.335,7.81409
199.361,7.90083
199.386,8.00016
199.412,8.11440
199.438,8.24502
199.463,8.39410
199.489,8.56337
199.514,8.75700
199.540,8.97771
199.565,9.22943
199.591,9.51563
199.617,9.84409
199.642,10.2204
199.668,10.6525
199.681,10.8925
199.693,11.1482
199.706,11.4250
199.719,11.7229
199.732,12.0437
199.744,12.3896
199.757,12.7629
199.770,13.1663
199.783,13.6027
199.796,14.0717
199.808,14.5844
199.821,15.1416
199.834,15.7479
199.847,16.4090
199.860,17.1311
199.872,17.9213
199.885,18.7879
199.898,19.7325
199.911,20.7809
199.923,21.9387
199.930,22.5632
199.936,23.2208
199.943,23.9137
199.949,24.6326
199.955,25.4031
199.962,26.2169
199.968,27.0771
199.975,27.9871
199.981,28.9508
199.987,29.9721
199.994,31.0557
200.000,32.1878
200.004,33.0197
200.009,33.8878
200.013,34.7940
200.018,35.7186
200.022,36.7068
200.026,37.7162
200.031,38.7961
200.035,39.9004
200.039,41.0834
200.044,42.3232
200.048,43.6235
200.052,44.9564
200.057,46.3879
200.061,47.8572
200.066,49.4373
200.070,51.0616
200.074,52.8109
200.079,54.6547
200.083,56.5997
200.087,58.6051
200.092,60.7720
200.096,63.0101
200.100,65.4327
200.105,67.9395
200.109,70.6581
200.114,73.5442
200.118,76.6112
200.122,79.7977
200.127,83.2679
200.131,86.8813
200.135,90.8254
200.140,94.9422
200.144,99.4470
200.148,104.275
200.153,109.455
200.157,114.891
200.162,120.873
200.166,127.168
200.168,130.575
200.170,134.116
200.175,141.453
200.177,145.433
200.179,149.577
200.181,153.894
200.183,158.393
200.186,163.083
200.188,167.976
200.190,173.083
200.192,178.167
200.194,183.726
200.196,189.537
200.199,195.612
200.201,201.674
200.203,208.314
200.205,215.269
200.207,222.557
200.209,229.843
200.212,237.841
200.214,246.237
200.216,255.055
200.218,264.320
200.220,274.063
200.223,284.312
200.225,295.101
200.227,305.935
200.229,317.882
200.231,330.479
200.234,343.770
200.236,357.146
200.238,371.927
200.240,387.548
200.242,404.063
200.244,420.718
200.247,439.159
200.249,458.683
200.251,479.361
200.253,500.245
200.255,523.402
200.257,547.948
200.260,573.969
200.262,600.267
200.264,629.433
200.266,660.345
200.268,693.096
200.270,726.156
200.273,762.758
200.275,801.453
200.277,842.308
200.279,883.373
200.281,924.386
200.283,965.078
200.285,1007.44
200.287,1051.44
200.289,1099.46
200.291,1146.60
200.295,1244.75
200.298,1349.40
200.302,1452.80
200.306,1556.98
200.310,1652.49
200.314,1735.44
200.316,1772.76
200.317,1804.15
200.319,1832.61
200.321,1854.77
200.323,1872.75
200.325,1884.45
200.326,1890.39
200.328,1892.12
200.329,1890.17
200.331,1884.59
200.332,1874.76
200.334,1862.07
200.337,1827.28
200.340,1779.62
200.343,1723.99
200.346,1658.70
200.349,1589.83
200.354,1459.70
200.360,1325.80
200.365,1194.78
200.368,1130.76
200.370,1071.40
200.373,1021.01
200.375,974.787
200.377,928.607
200.379,886.515
200.382,844.683
200.384,806.721
200.386,769.127
200.388,735.106
200.391,691.638
200.394,652.655
200.397,615.262
200.400,581.756
200.403,549.623
200.406,520.818
200.409,494.057
200.412,469.179
200.415,445.266
200.418,423.767
200.421,403.729
200.424,385.034
200.427,366.994
200.429,350.709
200.432,335.469
200.435,321.191
200.438,307.354
200.441,294.810
200.444,282.627
200.447,271.559
200.450,260.788
200.453,250.982
200.456,241.728
200.459,232.988
200.462,224.449
200.465,216.644
200.468,209.253
200.470,202.246
200.476,189.074
200.482,177.390
200.488,166.632
200.494,156.873
200.500,147.994
200.506,140.024
200.512,132.603
200.517,125.909
200.523,119.645
200.529,113.969
200.535,108.634
200.541,103.699
200.547,99.1247
200.553,94.9460
200.558,90.9888
200.564,87.3615
200.570,83.9151
200.576,80.7458
200.582,77.7255
200.588,74.8934
200.594,72.2341
200.599,69.7748
200.605,67.4184
200.611,65.2338
200.617,63.1355
200.623,61.1858
200.629,59.3090
200.635,57.5320
200.646,54.2761
200.658,51.3374
200.670,48.6754
200.682,46.2363
200.693,44.0322
200.705,42.0166
200.717,40.1683
200.728,38.4690
200.740,36.9029
200.752,35.4562
200.763,34.1168
200.775,32.8640
200.787,31.7097
200.799,30.6347
200.810,29.6319
200.822,28.6871
200.834,27.8106
200.846,26.9890
200.857,26.2178
200.869,25.4871
200.881,24.8054
200.892,24.1632
200.904,23.5574
200.916,22.9807
200.928,22.4404
200.951,21.4454
200.975,20.5486
200.998,19.7449
201.021,19.0171
201.045,18.3624
201.068,17.7681
201.092,17.2330
201.115,16.7497
201.139,16.3138
201.162,15.9206
201.185,15.5708
201.209,15.2593
201.232,14.9877
201.256,14.7528
201.279,14.5566
201.303,14.3981
201.326,14.2800
201.350,14.2037
201.373,14.1731
201.397,14.1925
201.420,14.2677
201.432,14.3293
201.443,14.4075
201.455,14.5043
201.467,14.6213
201.479,14.7601
201.490,14.9230
201.502,15.1124
201.514,15.3310
201.525,15.5843
201.537,15.8717
201.549,16.1996
201.561,16.5730
201.572,17.0016
201.584,17.4852
201.596,18.0352
201.607,18.6614
201.619,19.3818
201.631,20.1982
201.643,21.1328
201.649,21.6553
201.654,22.2061
201.660,22.8075
201.666,23.4427
201.672,24.1376
201.678,24.8732
201.684,25.6797
201.689,26.5354
201.695,27.4760
201.701,28.4768
201.707,29.5801
201.713,30.7786
201.719,32.0827
201.725,33.4790
201.731,35.0292
201.736,36.6955
201.742,38.5528
201.748,40.5579
201.754,42.8031
201.760,45.2827
201.766,48.0286
201.772,51.0236
201.777,54.4139
201.783,58.1343
201.786,60.2281
201.789,62.3729
201.792,64.6455
201.795,67.0558
201.798,69.7054
201.801,72.4297
201.804,75.4304
201.807,78.5221
201.810,81.9347
201.813,85.4582
201.816,89.2217
201.818,93.2459
201.821,97.7077
201.824,102.336
201.827,107.302
201.830,112.637
201.832,115.552
201.833,118.581
201.835,121.728
201.836,124.777
201.838,128.169
201.839,131.458
201.840,135.119
201.842,138.671
201.843,142.627
201.845,146.748
201.846,151.040
201.848,155.210
201.849,159.860
201.851,164.379
201.852,169.422
201.854,174.326
201.855,179.802
201.857,185.518
201.858,191.486
201.859,197.296
201.861,203.790
201.862,210.113
201.864,217.182
201.865,224.069
201.867,231.771
201.868,239.824
201.870,248.243
201.871,256.447
201.873,265.624
201.874,274.566
201.876,284.567
201.877,294.309
201.878,305.200
201.880,316.577
201.881,328.456
201.883,340.011
201.884,352.906
201.886,365.431
201.887,379.388
201.889,392.922
201.890,405.930
201.891,419.365
201.893,433.224
201.894,447.501
201.895,462.187
201.896,477.270
201.899,507.315
201.902,539.838
201.904,572.048
201.907,606.109
201.909,638.886
201.912,672.336
201.914,703.140
201.917,732.878
201.919,758.378
201.922,780.750
201.924,797.466
201.927,809.167
201.930,814.504
201.932,813.704
201.935,806.526
201.937,793.362
201.940,775.652
201.942,752.770
201.945,727.317
201.948,698.168
201.950,668.395
201.953,636.410
201.955,605.324
201.960,542.981
201.963,512.534
201.965,484.443
201.968,456.618
201.970,431.282
201.973,405.522
201.976,381.423
201.979,358.946
201.981,338.030
201.984,318.597
201.987,300.561
201.989,283.832
201.992,268.873
201.995,254.447
201.997,241.066
202.000,228.649
202.003,217.120
202.005,206.406
202.008,196.443
202.011,187.169
202.013,178.839
202.016,170.761
202.019,163.220
202.022,156.173
202.024,149.581
202.027,143.409
202.030,137.622
202.032,132.193
202.035,127.276
202.038,122.469
202.040,117.945
202.043,113.682
202.046,109.807
202.048,106.004
202.051,102.411
202.054,99.0134
202.056,95.9130
202.059,92.8597
202.062,89.9646
202.067,84.6076
202.073,79.7674
202.078,75.4580
202.083,71.4633
202.089,67.8863
202.094,64.5525
202.099,61.5517
202.105,58.7411
202.110,56.1533
202.115,53.7654
202.121,51.5966
202.126,49.5476
202.131,47.6792
202.137,45.9075
202.142,44.2861
202.148,42.7433
202.153,41.3009
202.158,39.9504
202.164,38.7067
202.169,37.5159
202.174,36.3961
202.180,35.3416
202.185,34.3653
202.191,33.4256
202.196,32.5375
202.207,30.9153
202.217,29.4550
202.228,28.1352
202.239,26.9272
202.250,25.8381
202.260,24.8432
202.271,23.9315
202.282,23.0862
202.292,22.3147
202.303,21.6019
202.314,20.9416
202.325,20.3230
202.335,19.7529
202.346,19.2165
202.357,18.7201
202.368,18.2511
202.378,17.8155
202.389,17.4062
202.400,17.0209
202.411,16.6545
202.421,16.3119
202.443,15.6812
202.464,15.1118
202.486,14.6000
202.507,14.1334
202.529,13.7082
202.550,13.3192
202.571,12.9635
202.593,12.6341
202.614,12.3309
202.636,12.0483
202.657,11.7867
202.679,11.5414
202.700,11.3122
202.722,11.0973
202.743,10.8964
202.765,10.7063
202.786,10.5279
202.829,10.1991
202.872,9.90288
202.915,9.63588
202.958,9.39342
203.001,9.17234
203.044,8.96962
203.087,8.78414
203.129,8.61371
203.172,8.45699
203.215,8.31289
203.258,8.18058
203.301,8.05943
203.344,7.94900
203.387,7.84883
203.430,7.75931
203.473,7.68034
203.516,7.61222
203.559,7.55539
203.602,7.51089
203.644,7.47966
203.687,7.46313
203.730,7.46318
203.773,7.48219
203.816,7.52320
203.838,7.55322
203.859,7.59014
203.881,7.63497
203.902,7.68807
203.923,7.75079
203.945,7.82355
203.966,7.90816
203.988,8.00516
204.009,8.11695
204.031,8.24424
204.052,8.39027
204.074,8.55684
204.095,8.74676
204.117,8.96222
204.138,9.20909
204.159,9.48964
204.181,9.81193
204.202,10.1795
204.224,10.6037
204.235,10.8406
204.245,11.0927
204.256,11.3663
204.267,11.6582
204.278,11.9726
204.288,12.3117
204.299,12.6814
204.310,13.0776
204.320,13.5064
204.331,13.9714
204.342,14.4811
204.353,15.0306
204.363,15.6293
204.374,16.2827
204.385,17.0043
204.396,17.7881
204.406,18.6574
204.417,19.6060
204.428,20.6633
204.439,21.8231
204.449,23.1103
204.460,24.5433
204.465,25.3286
204.471,26.1597
204.476,27.0401
204.481,27.9557
204.487,28.9452
204.492,29.9763
204.498,31.0930
204.503,32.2591
204.508,33.5246
204.514,34.8750
204.519,36.3177
204.524,37.8314
204.530,39.4824
204.535,41.2192
204.540,43.1187
204.546,45.1228
204.548,46.2013
204.551,47.3212
204.554,48.4845
204.557,49.6935
204.559,50.9505
204.562,52.2579
204.565,53.6184
204.567,54.9814
204.570,56.4545
204.573,57.9895
204.575,59.5899
204.578,61.1962
204.581,62.9356
204.583,64.7519
204.586,66.6494
204.589,68.5578
204.591,70.6289
204.594,72.7962
204.597,75.0655
204.599,77.4431
204.602,79.9358
204.605,82.5507
204.608,85.2956
204.610,88.0696
204.613,91.0947
204.616,94.2767
204.618,97.6260
204.621,101.020
204.624,104.732
204.626,108.647
204.629,112.781
204.632,116.983
204.634,121.592
204.637,126.470
204.640,131.636
204.642,137.114
204.645,142.925
204.648,149.097
204.650,155.658
204.653,162.372
204.656,169.788
204.658,177.694
204.661,186.129
204.664,194.793
204.666,204.400
204.669,214.679
204.672,225.689
204.674,237.041
204.677,249.674
204.680,263.241
204.683,277.825
204.685,293.514
204.688,310.404
204.691,328.600
204.693,348.211
204.696,368.546
204.699,391.289
204.701,415.817
204.704,442.266
204.707,469.676
204.709,500.282
204.712,533.193
204.715,568.512
204.717,604.874
204.720,645.114
204.723,687.864
204.725,733.033
204.728,780.430
204.731,829.741
204.734,880.504
204.739,983.647
204.742,1034.18
204.744,1082.48
204.747,1127.20
204.750,1166.91
204.752,1200.21
204.755,1225.81
204.758,1242.67
204.760,1249.97
204.763,1248.03
204.766,1236.52
204.769,1216.04
204.771,1187.54
204.774,1152.23
204.777,1111.47
204.779,1066.65
204.782,1019.12
204.787,920.574
204.793,823.443
204.796,776.993
204.798,732.477
204.801,690.124
204.804,651.506
204.807,608.301
204.810,568.164
204.813,531.006
204.816,497.754
204.819,466.033
204.822,436.815
204.825,409.917
204.828,385.924
204.831,363.065
204.834,342.009
204.837,322.600
204.840,305.248
204.844,288.669
204.847,273.818
204.850,259.599
204.853,246.833
204.856,234.581
204.859,223.202
204.862,212.619
204.865,203.074
204.868,193.867
204.871,185.543
204.874,177.495
204.877,170.201
204.880,163.134
204.883,156.506
204.886,150.285
204.889,144.620
204.893,139.107
204.896,134.078
204.899,129.173
204.902,124.689
204.905,120.309
204.908,116.167
204.911,112.246
204.914,108.649
204.920,101.880
204.926,95.7637
204.932,90.1343
204.938,85.1033
204.945,80.5168
204.951,76.3241
204.957,72.4215
204.963,68.8964
204.969,65.6502
204.975,62.6544
204.981,59.8400
204.987,57.2756
204.994,54.8945
205.000,52.6797
205.006,50.5832
205.012,48.6589
205.018,46.8599
205.024,45.1755
205.030,43.5708
205.036,42.0890
205.043,40.6957
205.049,39.3837
205.055,38.1271
205.061,36.9607
205.067,35.8585
205.073,34.8157
205.085,32.8769
205.098,31.1456
205.110,29.5682
205.122,28.1491
205.134,26.8471
205.147,25.6681
205.159,24.5798
205.171,23.5885
205.183,22.6684
205.196,21.8261
205.208,21.0405
205.220,20.3180
205.232,19.6411
205.245,19.0161
205.257,18.4282
205.269,17.8833
205.281,17.3689
205.294,16.8905
205.306,16.4375
205.318,16.0149
205.330,15.6135
205.343,15.2380
205.367,14.5449
205.392,13.9234
205.416,13.3637
205.441,12.8575
205.465,12.3979
205.490,11.9790
205.514,11.5961
205.539,11.2450
205.563,10.9221
205.588,10.6245
205.612,10.3494
205.637,10.0947
205.661,9.85846
205.686,9.63888
205.710,9.43450
205.735,9.24405
205.784,8.90045
205.833,8.60054
205.882,8.33846
205.931,8.10969
205.980,7.91075
206.029,7.73900
206.078,7.59253
206.127,7.47000
206.176,7.37062
206.225,7.29409
206.274,7.24056
206.323,7.21065
206.372,7.20546
206.421,7.22660
206.470,7.27623
206.519,7.35717
206.568,7.47295
206.617,7.62803
206.666,7.82787
206.715,8.07928
206.764,8.39064
206.788,8.57196
206.813,8.77235
206.837,8.99351
206.862,9.23734
206.886,9.50598
206.911,9.80180
206.935,10.1275
206.947,10.3032
206.960,10.4861
206.972,10.6797
206.984,10.8811
206.996,11.0943
207.009,11.3163
207.021,11.5512
207.033,11.7960
207.045,12.0552
207.058,12.3254
207.070,12.6116
207.082,12.9100
207.094,13.2264
207.107,13.5566
207.119,13.9068
207.131,14.2724
207.143,14.6606
207.156,15.0663
207.168,15.4973
207.180,15.9481
207.192,16.4276
207.205,16.9295
207.217,17.4640
207.229,18.0241
207.241,18.6212
207.254,19.2477
207.266,19.9164
207.278,20.6189
207.290,21.3697
207.303,22.1598
207.315,23.0054
207.327,23.8965
207.339,24.8518
207.352,25.8603
207.364,26.9434
207.376,28.0889
207.388,29.3215
207.401,30.6277
207.413,32.0362
207.425,33.5322
207.437,35.1490
207.450,36.8703
207.456,37.7934
207.462,38.7354
207.468,39.7124
207.474,40.7262
207.480,41.7961
207.486,42.8893
207.493,44.0249
207.499,45.2050
207.505,46.4522
207.511,47.7287
207.517,49.0567
207.523,50.4389
207.529,51.9022
207.535,53.4025
207.542,54.9660
207.548,56.5963
207.554,58.3254
207.560,60.1016
207.566,61.9563
207.572,63.8940
207.578,65.9533
207.584,68.0732
207.591,70.2916
207.597,72.6143
207.603,75.0885
207.609,77.6415
207.615,80.3194
207.621,83.1302
207.627,86.1321
207.633,89.2376
207.640,92.5039
207.646,95.9418
207.652,99.6240
207.658,103.445
207.664,107.475
207.670,111.731
207.676,116.303
207.682,121.064
207.689,126.103
207.695,131.443
207.701,137.201
207.707,143.219
207.713,149.615
207.719,156.418
207.725,163.787
207.731,171.521
207.738,179.777
207.744,188.600
207.750,198.203
207.756,208.332
207.762,219.200
207.768,230.877
207.774,243.656
207.780,257.213
207.787,271.845
207.793,287.664
207.799,305.087
207.805,323.694
207.811,343.914
207.817,365.929
207.823,390.354
207.829,416.639
207.836,445.427
207.842,477.020
207.845,494.261
207.848,512.366
207.851,531.390
207.854,550.728
207.857,571.731
207.860,593.105
207.863,616.345
207.866,640.022
207.869,665.795
207.872,692.980
207.875,721.673
207.878,750.969
207.882,782.926
207.885,815.588
207.888,851.252
207.891,887.737
207.894,927.611
207.897,969.836
207.900,1014.57
207.903,1060.40
207.906,1110.55
207.909,1161.96
207.912,1218.22
207.915,1275.90
207.918,1339.02
207.921,1405.91
207.924,1476.79
207.927,1549.34
207.931,1628.58
207.934,1709.55
207.937,1797.79
207.940,1887.70
207.944,2017.86
207.948,2152.91
207.952,2299.34
207.956,2449.42
207.960,2609.68
207.964,2770.86
207.972,3099.16
207.976,3264.61
207.980,3419.36
207.984,3566.77
207.988,3695.16
207.992,3806.30
207.996,3890.67
208.000,3947.94
208.004,3975.87
208.006,3978.39
208.008,3973.02
208.012,3939.96
208.016,3876.89
208.020,3789.81
208.025,3678.28
208.029,3552.00
208.033,3412.78
208.037,3264.75
208.045,2952.92
208.053,2644.41
208.057,2494.77
208.061,2354.71
208.065,2221.24
208.069,2094.78
208.074,1932.67
208.080,1786.64
208.085,1653.15
208.091,1531.47
208.096,1420.75
208.101,1320.09
208.107,1228.60
208.112,1145.42
208.118,1068.39
208.123,999.565
208.128,936.798
208.134,879.476
208.139,827.045
208.145,779.013
208.150,734.939
208.155,694.428
208.161,656.467
208.166,622.121
208.172,590.393
208.177,561.036
208.183,533.828
208.188,508.573
208.193,485.095
208.199,463.236
208.204,442.854
208.210,423.823
208.215,406.029
208.220,389.369
208.226,373.751
208.231,359.091
208.237,345.313
208.242,332.349
208.247,319.917
208.253,308.412
208.258,297.551
208.264,287.286
208.269,277.575
208.274,268.379
208.280,259.662
208.285,251.392
208.296,236.074
208.307,222.214
208.318,209.632
208.328,198.175
208.339,187.620
208.350,178.048
208.361,169.259
208.372,161.170
208.383,153.708
208.393,146.809
208.404,140.417
208.415,134.483
208.426,128.915
208.437,123.775
208.447,118.977
208.458,114.492
208.469,110.291
208.480,106.351
208.491,102.650
208.501,99.1693
208.512,95.8615
208.523,92.7715
208.534,89.8538
208.545,87.0956
208.556,84.4852
208.566,82.0119
208.577,79.6661
208.588,77.4389
208.610,73.2905
208.631,69.5480
208.653,66.1433
208.674,63.0359
208.696,60.1784
208.718,57.5674
208.739,55.1637
208.761,52.9451
208.783,50.8833
208.804,48.9805
208.826,47.2044
208.848,45.5583
208.869,44.0157
208.891,42.5806
208.912,41.2368
208.934,39.9764
208.956,38.7871
208.977,37.6735
208.999,36.6243
209.021,35.6344
209.042,34.6950
209.064,33.8106
209.085,32.9730
209.107,32.1789
209.129,31.4218
209.150,30.7057
209.194,29.3763
209.237,28.1664
209.280,27.0667
209.323,26.0592
209.367,25.1379
209.410,24.2893
209.453,23.5095
209.496,22.7881
209.540,22.1212
209.583,21.5038
209.626,20.9330
209.669,20.4024
209.713,19.9115
209.756,19.4553
209.799,19.0340
209.842,18.6440
209.886,18.2857
209.929,17.9571
209.972,17.6593
210.015,17.3914
210.059,17.1558
210.102,16.9535
210.145,16.7886
210.167,16.7211
210.188,16.6651
210.210,16.6211
210.232,16.5904
210.253,16.5740
210.275,16.5740
210.297,16.5919
210.318,16.6302
210.340,16.6921
210.361,16.7804
210.383,16.8997
210.405,17.0551
210.426,17.2543
210.437,17.3721
210.448,17.5038
210.459,17.6509
210.470,17.8149
210.480,17.9975
210.491,18.2010
210.502,18.4297
210.513,18.6821
210.524,18.9634
210.534,19.2772
210.545,19.6274
210.556,20.0190
210.567,20.4577
210.578,20.9500
210.589,21.5092
210.599,22.1346
210.610,22.8421
210.621,23.6452
210.626,24.0876
210.632,24.5604
210.637,25.0660
210.643,25.6074
210.648,26.1879
210.653,26.8110
210.659,27.4807
210.664,28.2015
210.670,28.9933
210.675,29.8331
210.680,30.7411
210.686,31.7244
210.691,32.7912
210.697,33.9507
210.702,35.2134
210.707,36.5914
210.713,38.0982
210.718,39.7498
210.724,41.5642
210.729,43.5627
210.734,45.7695
210.740,48.2132
210.745,50.9270
210.751,53.9499
210.753,55.6539
210.756,57.3942
210.759,59.2369
210.762,61.1898
210.764,63.2612
210.767,65.4605
210.770,67.7974
210.772,70.2831
210.775,72.9294
210.778,75.7493
210.780,78.7572
210.783,81.9688
210.786,85.4010
210.789,89.0727
210.791,93.0043
210.794,97.2183
210.797,101.739
210.799,106.594
210.802,111.811
210.805,117.422
210.807,123.462
210.810,129.968
210.813,136.980
210.816,144.539
210.818,152.691
210.821,161.482
210.824,170.961
210.826,181.174
210.829,192.170
210.832,203.992
210.834,216.675
210.837,230.249
210.840,244.723
210.843,260.089
210.845,276.310
210.848,292.667
210.851,310.304
210.853,328.430
210.859,364.452
210.861,382.359
210.864,399.401
210.867,415.087
210.869,428.423
210.872,439.941
210.875,448.359
210.877,453.962
210.880,456.110
210.883,454.875
210.885,450.182
210.888,442.260
210.891,431.913
210.893,418.784
210.896,403.724
210.899,387.246
210.901,370.496
210.907,334.609
210.912,300.041
210.915,283.239
210.917,267.748
210.920,252.455
210.923,238.532
210.925,225.414
210.928,213.554
210.930,202.416
210.933,191.976
210.935,181.826
210.938,172.711
210.940,164.192
210.943,156.234
210.945,148.513
210.948,141.586
210.950,135.114
210.953,129.063
210.955,123.404
210.958,118.108
210.960,113.150
210.963,108.503
210.965,103.977
210.968,99.8986
210.970,96.0678
210.973,92.4668
210.976,88.9479
210.978,85.7658
210.981,82.7672
210.983,79.9389
210.986,77.1656
210.988,74.6491
210.991,72.2696
210.993,70.0180
210.998,65.8643
211.003,62.1271
211.008,58.6903
211.013,55.6436
211.018,52.8253
211.023,50.3127
211.028,47.9759
211.033,45.8817
211.038,43.9611
211.043,42.1956
211.049,40.5379
211.054,39.0387
211.059,37.6252
211.064,36.3417
211.069,35.1268
211.074,34.0196
211.079,32.9878
211.084,32.0246
211.089,31.1067
211.094,30.2647
211.099,29.4598
211.104,28.7192
211.109,28.0093
211.114,27.3544
211.119,26.7370
211.124,26.1541
211.129,25.5926
211.134,25.0721
211.144,24.1025
211.154,23.2299
211.164,22.4489
211.174,21.7331
211.185,21.0817
211.195,20.4869
211.205,19.9472
211.215,19.4462
211.225,18.9890
211.235,18.5623
211.245,18.1709
211.255,17.8037
211.265,17.4621
211.275,17.1436
211.285,16.8488
211.295,16.5699
211.305,16.3082
211.315,16.0623
211.325,15.8330
211.346,15.4082
211.366,15.0298
211.386,14.6873
211.406,14.3788
211.426,14.0967
211.446,13.8401
211.467,13.6033
211.487,13.3860
211.507,13.1840
211.527,12.9972
211.547,12.8232
211.567,12.6605
211.587,12.5073
211.607,12.3639
211.628,12.2281
211.648,12.1005
211.688,11.8643
211.728,11.6509
211.769,11.4565
211.809,11.2784
211.849,11.1142
211.889,10.9625
211.930,10.8209
211.970,10.6887
212.010,10.5647
212.051,10.4484
212.091,10.3386
212.131,10.2348
212.212,10.0436
212.292,9.87132
212.373,9.71579
212.453,9.57545
212.534,9.44947
212.615,9.33711
212.695,9.23869
212.776,9.15516
212.816,9.11955
212.856,9.08863
212.897,9.06280
212.937,9.04292
212.977,9.03007
213.017,9.02578
213.058,9.03231
213.078,9.04062
213.098,9.05296
213.118,9.07013
213.138,9.09285
213.158,9.12230
213.179,9.15994
213.199,9.20790
213.219,9.26822
213.239,9.34490
213.249,9.39066
213.259,9.44179
213.269,9.50017
213.279,9.56638
213.289,9.64168
213.299,9.72669
213.310,9.82497
213.320,9.93679
213.330,10.0672
213.340,10.2171
213.350,10.3939
213.355,10.4945
213.360,10.6017
213.365,10.7207
213.370,10.8480
213.375,10.9869
213.380,11.1389
213.385,11.3090
213.390,11.4926
213.395,11.6991
213.400,11.9230
213.405,12.1763
213.410,12.4526
213.415,12.7606
213.420,13.1051
213.425,13.4999
213.430,13.9364
213.435,14.4403
213.438,14.7120
213.440,15.0018
213.443,15.3240
213.446,15.6555
213.448,16.0101
213.451,16.3900
213.453,16.7972
213.456,17.2344
213.458,17.7041
213.461,18.2093
213.463,18.7760
213.466,19.3642
213.468,19.9990
213.471,20.6846
213.473,21.4259
213.476,22.2279
213.478,23.0963
213.481,24.0370
213.483,25.0992
213.486,26.2080
213.488,27.4099
213.491,28.7121
213.493,30.1217
213.496,31.6456
213.498,33.2898
213.501,35.0589
213.503,36.8773
213.506,38.8128
213.508,40.8618
213.510,42.9239
213.513,45.1648
213.515,47.3785
213.517,49.7294
213.520,51.9870
213.522,54.3021
213.524,56.5209
213.527,58.5808
213.529,60.3442
213.532,61.9008
213.534,63.0653
213.536,63.8911
213.539,64.2784
213.541,64.2465
213.543,63.7756
213.546,62.8921
213.548,61.6986
213.550,60.1449
213.553,58.4179
213.555,56.4297
213.557,54.4028
213.562,50.0020
213.567,45.7390
213.569,43.6528
213.572,41.7339
213.574,39.8261
213.576,38.0944
213.578,36.5978
213.580,35.2476
213.583,33.9077
213.585,32.7038
213.587,31.5126
213.589,30.4448
213.591,29.3902
213.593,28.4459
213.595,27.5140
213.597,26.6798
213.599,25.8566
213.601,25.1195
213.603,24.3918
213.605,23.7398
213.607,23.1253
213.609,22.5458
213.611,21.9726
213.613,21.4580
213.615,20.9483
213.617,20.4902
213.621,19.6270
213.625,18.8549
213.630,18.1625
213.634,17.5398
213.638,16.9783
213.642,16.4824
213.646,16.0210
213.650,15.6018
213.654,15.2200
213.658,14.8713
213.662,14.5522
213.666,14.2597
213.670,13.9908
213.674,13.7490
213.679,13.5202
213.683,13.3088
213.687,13.1131
213.691,12.9359
213.695,12.7671
213.699,12.6101
213.707,12.3308
213.715,12.0842
213.723,11.8682
213.732,11.6783
213.740,11.5126
213.748,11.3639
213.756,11.2334
213.764,11.1157
213.772,11.0118
213.781,10.9178
213.789,10.8337
213.805,10.6916
213.821,10.5773
213.838,10.4856
213.854,10.4121
213.870,10.3547
213.887,10.3105
213.903,10.2776
213.919,10.2546
213.936,10.2404
213.968,10.2347
214.001,10.2549
214.034,10.2973
214.066,10.3600
214.099,10.4410
214.132,10.5403
214.164,10.6569
214.197,10.7918
214.229,10.9445
214.262,11.1168
214.295,11.3086
214.327,11.5226
214.360,11.7590
214.393,12.0211
214.425,12.3095
214.458,12.6286
214.491,12.9794
214.523,13.3675
214.556,13.7942
214.589,14.2669
214.621,14.7878
214.654,15.3661
214.687,16.0051
214.719,16.7171
214.752,17.5070
214.785,18.3908
214.817,19.3762
214.850,20.4846
214.882,21.7277
214.915,23.1352
214.931,23.9049
214.948,24.7249
214.964,25.6049
214.980,26.5388
214.997,27.5369
215.013,28.6049
215.029,29.7563
215.046,30.9842
215.062,32.3031
215.078,33.7218
215.095,35.2599
215.111,36.9096
215.127,38.6924
215.144,40.6223
215.160,42.7285
215.176,45.0036
215.193,47.4804
215.209,50.1824
215.225,53.1555
215.242,56.3947
215.258,59.9531
215.274,63.8724
215.291,68.2288
215.307,73.0262
215.323,78.3563
215.331,81.2633
215.340,84.2976
215.348,87.5463
215.356,90.9864
215.364,94.6327
215.372,98.4526
215.380,102.558
215.389,106.868
215.397,111.509
215.405,116.392
215.413,121.663
215.421,127.291
215.429,133.308
215.438,139.669
215.446,146.569
215.454,153.881
215.462,161.833
215.470,170.284
215.478,179.502
215.487,189.453
215.495,200.212
215.503,211.715
215.511,224.340
215.519,237.882
215.527,252.796
215.535,268.847
215.544,286.584
215.552,305.990
215.560,327.257
215.568,350.309
215.576,375.958
215.584,403.852
215.593,434.988
215.601,468.947
215.605,487.467
215.609,506.950
215.613,527.451
215.617,549.026
215.621,571.734
215.625,595.635
215.629,620.793
215.633,646.609
215.638,674.435
215.642,703.707
215.646,734.486
215.650,766.025
215.654,799.955
215.658,835.558
215.662,872.875
215.666,910.965
215.672,972.285
215.678,1037.49
215.684,1106.45
215.690,1177.68
215.696,1253.08
215.702,1329.51
215.715,1486.45
215.721,1564.23
215.727,1638.75
215.733,1707.94
215.739,1768.67
215.745,1820.79
215.751,1860.65
215.757,1887.93
215.763,1900.66
215.769,1898.76
215.775,1882.11
215.781,1851.59
215.787,1809.43
215.793,1756.06
215.799,1695.26
215.806,1627.13
215.812,1555.91
215.824,1405.46
215.836,1258.05
215.842,1186.89
215.848,1119.76
215.854,1054.79
215.860,994.301
215.867,925.397
215.875,862.446
215.882,804.319
215.889,750.782
215.896,701.557
215.903,656.342
215.911,614.828
215.918,576.713
215.925,541.707
215.932,509.537
215.939,479.949
215.947,452.711
215.954,427.607
215.961,404.445
215.968,383.046
215.975,363.252
215.983,344.918
215.990,327.913
215.997,312.121
216.004,297.435
216.011,283.760
216.019,271.010
216.026,259.107
216.033,247.980
216.040,237.567
216.047,227.809
216.055,218.654
216.062,210.056
216.069,201.971
216.076,194.360
216.083,187.188
216.091,180.423
216.098,173.948
216.105,167.914
216.112,162.205
216.119,156.798
216.134,146.811
216.148,137.805
216.163,129.659
216.177,122.266
216.191,115.537
216.206,109.396
216.220,103.775
216.235,98.6172
216.249,93.8737
216.263,89.5008
216.278,85.4607
216.292,81.7204
216.307,78.2507
216.321,75.0259
216.336,72.0032
216.350,69.2040
216.364,66.5889
216.379,64.1417
216.393,61.8483
216.408,59.6959
216.422,57.6730
216.436,55.7692
216.451,53.9751
216.465,52.2825
216.480,50.6836
216.494,49.1714
216.508,47.7398
216.523,46.3829
216.552,43.8730
216.580,41.5974
216.609,39.5409
216.638,37.6694
216.667,35.9606
216.696,34.3957
216.724,32.9584
216.753,31.6347
216.782,30.4127
216.811,29.2780
216.840,28.2291
216.869,27.2541
216.897,26.3458
216.926,25.4980
216.955,24.7052
216.984,23.9625
217.013,23.2655
217.041,22.6082
217.070,21.9916
217.099,21.4102
217.128,20.8613
217.157,20.3422
217.185,19.8508
217.243,18.9428
217.301,18.1216
217.358,17.3780
217.416,16.7007
217.474,16.0813
217.531,15.5118
217.589,14.9883
217.646,14.5046
217.704,14.0563
217.762,13.6389
217.819,13.2506
217.877,12.8878
217.935,12.5481
217.992,12.2286
218.050,11.9287
218.107,11.6462
218.165,11.3795
218.223,11.1270
218.280,10.8884
218.338,10.6624
218.396,10.4482
218.453,10.2447
218.511,10.0523
218.568,9.87015
218.626,9.69815
218.684,9.53612
218.741,9.38500
218.799,9.24529
218.857,9.11839
218.885,9.06020
218.914,9.00636
218.943,8.95716
218.972,8.91324
219.001,8.87543
219.029,8.84476
219.058,8.82261
219.087,8.81077
219.116,8.81165
219.130,8.81783
219.145,8.82846
219.159,8.84415
219.174,8.86558
219.188,8.89359
219.202,8.92914
219.217,8.97343
219.231,9.02788
219.246,9.09423
219.260,9.17458
219.274,9.27158
219.289,9.38847
219.303,9.52936
219.310,9.61039
219.318,9.69947
219.325,9.79892
219.332,9.90704
219.339,10.0263
219.346,10.1580
219.354,10.3037
219.361,10.4651
219.368,10.6443
219.375,10.8437
219.382,11.0661
219.390,11.3147
219.397,11.5935
219.404,11.9070
219.411,12.2608
219.418,12.6615
219.426,13.1171
219.429,13.3684
219.433,13.6372
219.436,13.9252
219.440,14.2340
219.444,14.5655
219.447,14.9219
219.451,15.3056
219.454,15.7193
219.458,16.1659
219.462,16.6490
219.465,17.1722
219.469,17.7398
219.472,18.3568
219.476,19.0285
219.480,19.7613
219.483,20.5621
219.487,21.4391
219.490,22.4015
219.494,23.4597
219.498,24.6258
219.501,25.9135
219.505,27.3387
219.508,28.9194
219.512,30.6764
219.516,32.6332
219.517,33.6948
219.519,34.8167
219.521,36.0029
219.523,37.2575
219.525,38.5849
219.526,39.9897
219.528,41.4768
219.530,43.0512
219.532,44.7182
219.534,46.4832
219.535,48.3518
219.537,50.3293
219.539,52.4214
219.541,54.6334
219.543,56.9703
219.544,59.4366
219.546,62.0360
219.548,64.7715
219.550,68.6325
219.553,72.7362
219.555,77.0736
219.558,81.6261
219.560,86.3630
219.562,91.2388
219.565,96.1912
219.567,100.934
219.570,105.784
219.572,110.415
219.574,114.699
219.577,118.347
219.579,121.547
219.581,124.001
219.584,125.608
219.586,126.290
219.589,126.079
219.591,124.944
219.593,122.941
219.596,120.165
219.598,116.733
219.601,112.780
219.603,108.441
219.605,104.042
219.608,99.3124
219.610,94.5420
219.615,85.3821
219.617,80.9093
219.620,76.6250
219.622,72.5512
219.624,68.8563
219.627,65.3702
219.629,62.2305
219.631,59.2774
219.633,56.5049
219.635,53.7912
219.638,51.3637
219.640,49.0915
219.642,46.9654
219.644,44.8890
219.647,43.0335
219.649,41.2971
219.651,39.6716
219.653,38.1492
219.655,36.7226
219.658,35.3849
219.660,34.1299
219.662,32.8996
219.664,31.7954
219.666,30.7571
219.669,29.7799
219.671,28.8189
219.673,27.9536
219.675,27.1372
219.678,26.3664
219.680,25.6058
219.682,24.9187
219.686,23.6522
219.691,22.5139
219.695,21.4877
219.700,20.5398
219.704,19.7003
219.709,18.9203
219.713,18.2257
219.718,17.5769
219.722,16.9961
219.726,16.4625
219.731,15.9713
219.735,15.5081
219.740,15.0898
219.744,14.7022
219.748,14.3425
219.753,14.0007
219.757,13.6895
219.762,13.3992
219.766,13.1279
219.771,12.8684
219.775,12.6306
219.780,12.4025
219.784,12.1930
219.793,11.8059
219.802,11.4653
219.811,11.1574
219.819,10.8813
219.828,10.6327
219.837,10.4104
219.846,10.2066
219.855,10.0213
219.864,9.85249
219.873,9.70002
219.882,9.55892
219.890,9.43110
219.899,9.31254
219.908,9.20501
219.917,9.10527
219.926,9.01393
219.944,8.85516
219.961,8.72369
219.979,8.61929
219.997,8.54057
220.006,8.51145
220.015,8.48983
220.023,8.47571
220.032,8.47012
220.041,8.47384
220.050,8.48798
220.059,8.51444
220.068,8.55515
220.077,8.61276
220.085,8.68975
220.094,8.79238
220.099,8.85558
220.103,8.92592
220.108,9.00768
220.112,9.09848
220.117,9.20144
220.121,9.31823
220.125,9.45401
220.130,9.60510
220.134,9.78122
220.139,9.97783
220.143,10.2079
220.148,10.4659
220.152,10.7620
220.156,11.1026
220.159,11.3009
220.161,11.5051
220.163,11.7246
220.165,11.9608
220.168,12.2150
220.170,12.4887
220.172,12.7834
220.174,13.1009
220.176,13.4591
220.179,13.8288
220.181,14.2267
220.183,14.6549
220.185,15.1152
220.187,15.6093
220.190,16.1386
220.192,16.7044
220.194,17.3640
220.197,18.0373
220.199,18.7497
220.201,19.4982
220.206,21.0821
220.210,22.7201
220.213,23.5253
220.215,24.2971
220.217,25.0145
220.220,25.6548
220.222,26.1957
220.224,26.6168
220.226,26.9011
220.229,27.0371
220.231,27.0155
220.233,26.8404
220.236,26.5233
220.238,26.0789
220.240,25.5260
220.243,24.8860
220.247,23.4309
220.252,21.8722
220.256,20.3301
220.259,19.5907
220.261,18.8807
220.263,18.2041
220.266,17.5629
220.269,16.6818
220.272,15.9021
220.276,15.1934
220.279,14.5513
220.282,13.9537
220.286,13.4301
220.289,12.9567
220.292,12.5282
220.296,12.1289
220.299,11.7779
220.302,11.4588
220.306,11.1683
220.309,10.9033
220.312,10.6611
220.315,10.4393
220.319,10.2357
220.322,10.0431
220.325,9.87102
220.329,9.71214
220.332,9.56516
220.339,9.30245
220.345,9.07515
220.352,8.87432
220.359,8.70102
220.365,8.54812
220.372,8.41246
220.378,8.28971
220.385,8.18141
220.392,8.08246
220.398,7.99435
220.412,7.84032
220.425,7.71247
220.438,7.60337
220.451,7.51065
220.465,7.42989
220.478,7.36005
220.504,7.24385
220.531,7.15306
220.557,7.08100
220.584,7.02367
220.611,6.97824
220.637,6.94327
220.664,6.91735
220.690,6.89969
220.717,6.88974
220.743,6.88731
220.770,6.89223
220.796,6.90452
220.823,6.92443
220.849,6.95209
220.876,6.98791
220.902,7.03238
220.929,7.08629
220.955,7.14992
220.982,7.22427
221.008,7.31027
221.035,7.40899
221.061,7.52168
221.088,7.64977
221.114,7.79490
221.141,7.95960
221.167,8.14481
221.194,8.35364
221.220,8.58898
221.247,8.85528
221.274,9.15449
221.300,9.49216
221.327,9.87375
221.353,10.3074
221.380,10.7976
221.406,11.3549
221.419,11.6634
221.433,11.9906
221.446,12.3432
221.459,12.7179
221.472,13.1226
221.486,13.5535
221.492,13.7842
221.499,14.0198
221.506,14.2641
221.512,14.5176
221.519,14.7846
221.525,15.0577
221.532,15.3412
221.539,15.6357
221.545,15.9464
221.552,16.2647
221.559,16.6008
221.565,16.9454
221.572,17.3095
221.579,17.6832
221.585,18.0724
221.592,18.4781
221.598,18.9077
221.605,19.3494
221.612,19.8104
221.618,20.2920
221.625,20.8031
221.632,21.3297
221.638,21.8808
221.645,22.4579
221.651,23.0719
221.658,23.7064
221.661,24.0453
221.665,24.3824
221.668,24.7279
221.671,25.0821
221.675,25.4563
221.678,25.8288
221.681,26.2109
221.685,26.6029
221.688,27.0051
221.691,27.4179
221.695,27.8416
221.698,28.2767
221.701,28.7373
221.705,29.1967
221.708,29.6688
221.711,30.1540
221.714,30.6529
221.718,31.1659
221.721,31.6936
221.724,32.2366
221.728,32.8128
221.731,33.3887
221.734,33.9820
221.738,34.5931
221.741,35.2230
221.744,35.8723
221.748,36.5419
221.751,37.2328
221.754,37.9677
221.758,38.7045
221.761,39.4655
221.764,40.2518
221.768,41.0895
221.771,41.9308
221.774,42.8012
221.777,43.7020
221.781,44.6635
221.784,45.6308
221.787,46.6334
221.791,47.6730
221.794,48.7517
221.797,49.8714
221.801,51.0343
221.804,52.2429
221.807,53.5384
221.811,54.8474
221.814,56.2102
221.817,57.6299
221.821,59.1098
221.824,60.6535
221.827,62.2649
221.830,63.9482
221.834,65.7625
221.837,67.6060
221.840,69.5363
221.844,71.5590
221.847,73.6804
221.850,75.9072
221.854,78.2469
221.857,80.7073
221.860,83.3779
221.864,86.1113
221.867,88.9946
221.870,92.0390
221.874,95.2573
221.877,98.6631
221.880,102.272
221.883,106.099
221.887,110.292
221.890,114.623
221.893,119.235
221.897,124.152
221.900,129.402
221.903,135.015
221.907,141.024
221.910,147.466
221.913,154.600
221.917,162.053
221.920,170.077
221.923,178.728
221.927,188.068
221.930,198.163
221.933,209.088
221.936,220.922
221.940,234.158
221.943,248.113
221.946,263.257
221.950,279.693
221.953,297.520
221.956,316.837
221.960,337.730
221.963,360.267
221.966,381.461
221.969,403.949
221.972,427.693
221.974,451.725
221.977,477.615
221.980,504.304
221.986,557.806
221.992,610.561
221.995,634.799
221.997,655.980
222.000,674.941
222.003,690.241
222.006,701.359
222.009,707.796
222.012,709.870
222.015,707.346
222.018,700.515
222.020,690.271
222.023,676.467
222.026,660.078
222.029,641.799
222.032,622.984
222.038,582.659
222.043,544.193
222.046,525.866
222.049,508.652
222.052,492.677
222.055,478.502
222.059,459.613
222.063,443.578
222.068,430.337
222.072,420.006
222.076,411.961
222.080,406.364
222.084,403.104
222.088,402.084
222.093,403.183
222.097,406.401
222.101,411.712
222.105,418.915
222.109,428.383
222.113,439.715
222.118,453.539
222.122,469.294
222.126,487.881
222.130,509.107
222.134,533.168
222.138,559.614
222.143,589.996
222.147,624.016
222.151,662.023
222.155,703.348
222.157,726.262
222.159,750.437
222.161,775.933
222.163,802.814
222.166,831.147
222.168,861.000
222.170,892.441
222.172,923.926
222.174,958.671
222.176,995.212
222.178,1033.62
222.180,1071.98
222.182,1114.20
222.184,1158.46
222.186,1204.80
222.188,1250.90
222.192,1331.17
222.195,1416.67
222.198,1507.19
222.201,1599.39
222.205,1698.42
222.208,1800.50
222.215,2005.07
222.218,2106.96
222.221,2204.39
222.224,2294.56
222.228,2372.31
222.231,2439.66
222.234,2490.03
222.237,2524.46
222.241,2539.49
222.244,2535.47
222.247,2511.95
222.251,2470.11
222.254,2413.91
222.257,2342.23
222.260,2259.41
222.264,2168.29
222.267,2074.61
222.273,1874.33
222.280,1679.77
222.283,1585.24
222.286,1497.32
222.290,1410.98
222.293,1331.71
222.297,1236.72
222.301,1149.04
222.305,1068.42
222.309,994.509
222.313,926.850
222.318,864.976
222.322,808.408
222.326,756.686
222.330,709.369
222.334,666.048
222.338,626.345
222.342,589.915
222.346,556.447
222.350,525.656
222.354,497.289
222.358,471.729
222.363,447.499
222.367,425.076
222.371,404.297
222.375,385.011
222.379,367.087
222.383,350.402
222.387,334.851
222.391,320.679
222.395,307.091
222.399,294.374
222.403,282.459
222.408,271.280
222.412,260.780
222.416,250.905
222.420,241.607
222.424,233.052
222.428,224.771
222.432,216.950
222.436,209.555
222.440,202.556
222.448,189.637
222.457,178.136
222.465,167.605
222.473,158.055
222.481,149.369
222.489,141.536
222.497,134.278
222.506,127.621
222.514,121.499
222.522,115.924
222.530,110.708
222.538,105.879
222.547,101.401
222.555,97.2881
222.563,93.4103
222.571,89.7941
222.579,86.4161
222.587,83.2558
222.596,80.2947
222.604,77.5163
222.612,74.9058
222.620,72.4790
222.628,70.1640
222.637,67.9809
222.645,65.9198
222.653,63.9951
222.669,60.4050
222.686,57.1987
222.702,54.2904
222.718,51.6768
222.735,49.2931
222.751,47.1408
222.767,45.1702
222.784,43.3855
222.800,41.7481
222.816,40.2637
222.833,38.9021
222.849,37.6627
222.866,36.5372
222.882,35.5248
222.898,34.6078
222.915,33.7937
222.931,33.0702
222.947,32.4455
222.964,31.9124
222.980,31.4801
222.996,31.1477
223.013,30.9262
223.029,30.8224
223.045,30.8508
223.062,31.0295
223.070,31.1824
223.078,31.3795
223.086,31.6300
223.094,31.9364
223.103,32.3042
223.111,32.7399
223.119,33.2510
223.127,33.8459
223.135,34.5349
223.144,35.3192
223.152,36.2319
223.160,37.2803
223.168,38.4836
223.176,39.8467
223.184,41.4302
223.193,43.2512
223.201,45.3493
223.205,46.5169
223.209,47.7409
223.213,49.0900
223.217,50.5432
223.221,52.1100
223.225,53.8010
223.229,55.6278
223.234,57.6037
223.238,59.7434
223.242,62.0043
223.246,64.5178
223.250,67.2502
223.254,70.2250
223.258,73.4687
223.262,77.0111
223.266,80.8861
223.270,85.1322
223.274,89.6741
223.278,94.7875
223.283,100.421
223.287,106.638
223.291,113.513
223.295,121.130
223.299,129.583
223.301,134.271
223.303,138.980
223.305,143.943
223.307,149.176
223.309,154.977
223.311,160.814
223.313,167.288
223.315,173.805
223.317,181.038
223.319,188.319
223.321,196.401
223.323,204.537
223.326,213.566
223.328,222.650
223.330,232.725
223.332,242.852
223.334,254.067
223.336,265.321
223.338,277.152
223.340,289.570
223.343,308.636
223.346,328.953
223.348,350.484
223.351,372.345
223.354,395.957
223.357,419.490
223.360,444.330
223.363,468.398
223.366,492.934
223.368,515.705
223.371,537.699
223.374,556.752
223.377,573.543
223.380,586.318
223.383,595.470
223.385,600.027
223.388,600.150
223.391,595.651
223.394,586.794
223.397,574.526
223.400,558.532
223.403,540.523
223.406,519.867
223.408,498.593
223.414,453.413
223.420,408.555
223.423,386.631
223.425,366.290
223.428,346.195
223.431,327.799
223.435,304.461
223.439,282.992
223.443,263.328
223.446,245.823
223.450,229.415
223.454,214.847
223.458,201.207
223.461,189.097
223.465,177.748
223.469,167.656
223.473,158.178
223.476,149.728
223.480,141.771
223.484,134.655
223.488,127.934
223.491,121.904
223.495,116.189
223.499,111.046
223.503,106.156
223.506,101.741
223.510,97.5291
223.514,93.7146
223.518,90.0649
223.521,86.7494
223.525,83.5679
223.529,80.6694
223.533,77.8803
223.536,75.3324
223.540,72.8742
223.544,70.6229
223.548,68.4453
223.551,66.4462
223.555,64.5082
223.559,62.6780
223.563,60.9478
223.566,59.3522
223.574,56.3632
223.581,53.6662
223.589,51.2236
223.596,49.0037
223.604,46.9794
223.611,45.1278
223.619,43.4291
223.626,41.8663
223.634,40.4246
223.641,39.0913
223.649,37.8553
223.656,36.7068
223.664,35.6374
223.671,34.6395
223.679,33.6944
223.686,32.8212
223.694,32.0016
223.701,31.2312
223.709,30.5057
223.716,29.8215
223.724,29.1752
223.731,28.5638
223.746,27.4353
223.761,26.4175
223.776,25.4949
223.791,24.6548
223.807,23.8819
223.822,23.1773
223.837,22.5283
223.852,21.9283
223.867,21.3720
223.882,20.8547
223.897,20.3722
223.912,19.9211
223.927,19.4956
223.942,19.0987
223.957,18.7250
223.972,18.3724
224.002,17.7238
224.032,17.1405
224.062,16.6110
224.092,16.1309
224.122,15.6920
224.152,15.2889
224.182,14.9163
224.212,14.5728
224.242,14.2543
224.272,13.9583
224.302,13.6817
224.332,13.4246
224.362,13.1847
224.392,12.9606
224.422,12.7507
224.452,12.5556
224.482,12.3741
224.512,12.2057
224.542,12.0496
224.572,11.9070
224.602,11.7775
224.632,11.6614
224.662,11.5592
224.692,11.4727
224.722,11.4027
224.752,11.3514
224.782,11.3211
224.812,11.3155
224.827,11.3233
224.842,11.3390
224.857,11.3634
224.872,11.3975
224.887,11.4426
224.902,11.4995
224.917,11.5698
224.932,11.6553
224.947,11.7579
224.962,11.8802
224.977,12.0248
224.992,12.1953
225.008,12.3972
225.023,12.6327
225.038,12.9091
225.045,13.0650
225.053,13.2339
225.060,13.4172
225.068,13.6161
225.075,13.8322
225.083,14.0672
225.090,14.3229
225.098,14.6016
225.105,14.9055
225.113,15.2374
225.120,15.6055
225.128,16.0038
225.135,16.4408
225.143,16.9213
225.150,17.4506
225.158,18.0351
225.165,18.6818
225.173,19.3992
225.180,20.1972
225.188,21.0874
225.195,22.0836
225.203,23.2020
225.206,23.8214
225.210,24.4622
225.214,25.1621
225.218,25.8876
225.221,26.6818
225.225,27.5067
225.229,28.4117
225.233,29.3539
225.236,30.3901
225.240,31.5019
225.244,32.6967
225.248,33.9471
225.252,35.3297
225.255,36.7810
225.259,38.3905
225.263,40.0853
225.267,41.9709
225.270,43.9633
225.274,46.1876
225.278,48.5464
225.282,51.1897
225.285,54.0036
225.289,57.1696
225.293,60.5538
225.297,64.3774
225.300,68.4821
225.304,73.1403
225.308,78.1629
225.312,83.8880
225.315,90.0881
225.317,93.5384
225.319,97.1856
225.321,101.043
225.323,104.903
225.325,109.210
225.327,113.771
225.328,118.602
225.330,123.444
225.332,128.854
225.334,134.588
225.336,140.667
225.338,146.763
225.340,153.573
225.342,160.790
225.343,168.435
225.345,176.091
225.347,184.626
225.349,193.646
225.351,203.165
225.353,212.653
225.354,219.793
225.355,226.598
225.357,234.202
225.358,241.431
225.359,249.486
225.360,257.120
225.361,264.937
225.363,272.926
225.364,281.759
225.365,290.059
225.366,299.188
225.368,307.715
225.370,325.667
225.373,342.909
225.375,360.528
225.378,377.378
225.380,392.981
225.382,406.316
225.385,418.011
225.387,426.708
225.390,432.770
225.392,435.482
225.395,434.965
225.397,431.093
225.400,424.072
225.402,414.681
225.405,402.551
225.407,388.501
225.410,373.025
225.412,357.266
225.415,340.326
225.417,323.216
225.422,290.293
225.424,274.217
225.427,259.414
225.429,244.731
225.432,231.385
225.434,219.300
225.436,208.387
225.438,198.093
225.441,188.402
225.443,178.888
225.445,170.353
225.447,162.341
225.450,154.823
225.452,147.461
225.454,140.864
225.456,134.675
225.458,128.866
225.461,123.413
225.463,118.291
225.465,113.478
225.467,108.952
225.470,104.506
225.472,100.507
225.474,96.7396
225.476,93.1875
225.478,89.8359
225.481,86.6712
225.483,83.6807
225.485,80.8527
225.487,78.0581
225.489,75.5296
225.492,73.1330
225.494,70.8598
225.498,66.6524
225.503,62.8507
225.507,59.3314
225.512,56.2083
225.516,53.3014
225.520,50.7082
225.525,48.2823
225.529,46.1075
225.534,44.1071
225.538,42.2631
225.543,40.5226
225.547,38.9488
225.551,37.4894
225.556,36.1335
225.560,34.8440
225.565,33.6694
225.569,32.5726
225.574,31.5468
225.578,30.5648
225.582,29.6648
225.587,28.8008
225.591,28.0067
225.596,27.2423
225.600,26.5379
225.605,25.8729
225.609,25.2442
225.614,24.6361
225.618,24.0732
225.627,23.0325
225.636,22.0826
225.644,21.2319
225.653,20.4497
225.662,19.7443
225.671,19.0914
225.680,18.4991
225.689,17.9478
225.698,17.4448
225.706,16.9742
225.715,16.5427
225.724,16.1372
225.733,15.7596
225.742,15.4073
225.751,15.0816
225.760,14.7729
225.768,14.4864
225.777,14.2140
225.786,13.9603
225.795,13.7183
225.804,13.4898
225.822,13.0712
225.839,12.6944
225.857,12.3536
225.875,12.0422
225.893,11.7596
225.910,11.5006
225.928,11.2623
225.946,11.0423
225.963,10.8384
225.981,10.6490
225.999,10.4724
226.017,10.3064
226.034,10.1518
226.052,10.0066
226.070,9.86990
226.105,9.61832
226.141,9.39335
226.176,9.18966
226.211,9.00520
226.247,8.83683
226.282,8.68248
226.318,8.54013
226.353,8.40924
226.389,8.28799
226.424,8.17622
226.460,8.07260
226.495,7.97721
226.530,7.88938
226.566,7.80887
226.601,7.73534
226.637,7.66925
226.672,7.61033
226.708,7.55920
226.743,7.51598
226.778,7.48152
226.814,7.45647
226.849,7.44185
226.885,7.43901
226.920,7.44964
226.956,7.47597
226.991,7.52059
227.009,7.55102
227.027,7.58728
227.044,7.63011
227.062,7.68020
227.080,7.73833
227.097,7.80540
227.115,7.88243
227.133,7.97062
227.151,8.07195
227.168,8.18688
227.186,8.31783
227.204,8.46697
227.221,8.63791
227.239,8.83180
227.257,9.05316
227.275,9.30635
227.292,9.59836
227.310,9.93228
227.319,10.1190
227.328,10.3174
227.337,10.5333
227.345,10.7632
227.354,11.0140
227.363,11.2817
227.372,11.5743
227.381,11.8874
227.390,12.2308
227.399,12.5993
227.407,13.0047
227.416,13.4413
227.425,13.9231
227.434,14.4504
227.443,15.0284
227.452,15.6561
227.461,16.3550
227.469,17.1177
227.478,17.9713
227.487,18.9081
227.496,19.9628
227.505,21.1276
227.514,22.4481
227.518,23.1607
227.523,23.9171
227.527,24.7396
227.531,25.5956
227.536,26.5070
227.540,27.4787
227.545,28.5400
227.549,29.6498
227.554,30.8373
227.558,32.1097
227.562,33.5069
227.567,34.9760
227.571,36.5943
227.576,38.3011
227.580,40.1873
227.585,42.1834
227.589,44.3460
227.593,46.6932
227.598,49.3061
227.602,52.0926
227.607,55.1352
227.611,58.4648
227.613,60.3311
227.616,62.2036
227.618,64.1670
227.620,66.2269
227.622,68.3894
227.624,70.6609
227.627,73.0486
227.629,75.5600
227.631,78.3266
227.633,81.1171
227.636,84.0581
227.638,87.1600
227.640,90.4337
227.642,93.8913
227.644,97.5456
227.647,101.411
227.649,105.693
227.651,110.038
227.653,114.643
227.655,119.528
227.658,124.714
227.660,130.222
227.662,136.078
227.664,142.306
227.667,149.247
227.669,156.328
227.671,163.873
227.673,171.918
227.675,180.499
227.678,189.655
227.680,199.427
227.682,209.858
227.684,221.517
227.686,233.437
227.689,246.154
227.691,259.714
227.693,274.161
227.695,289.532
227.697,305.863
227.700,323.178
227.701,333.877
227.702,344.925
227.705,367.137
227.707,391.541
227.710,416.159
227.712,442.786
227.715,469.131
227.717,495.878
227.720,522.612
227.723,549.849
227.725,574.874
227.728,598.952
227.730,619.495
227.733,637.377
227.735,650.558
227.738,659.276
227.740,663.180
227.742,663.251
227.743,661.982
227.745,655.862
227.748,644.654
227.750,629.716
227.753,610.517
227.756,589.241
227.758,565.913
227.761,541.203
227.763,514.693
227.766,488.963
227.771,437.468
227.773,412.372
227.776,389.252
227.778,367.238
227.781,346.395
227.784,321.464
227.787,299.166
227.790,277.999
227.793,259.190
227.797,241.412
227.800,225.657
227.803,211.229
227.806,198.015
227.809,185.533
227.812,174.462
227.815,164.301
227.818,154.964
227.822,146.110
227.825,138.221
227.828,130.943
227.831,124.222
227.834,117.813
227.837,112.069
227.840,106.741
227.843,101.793
227.847,97.0466
227.850,92.7692
227.853,88.7797
227.856,85.0539
227.859,81.4613
227.862,78.2061
227.865,75.1545
227.868,72.2902
227.872,69.5147
227.875,66.9876
227.878,64.6076
227.881,62.3637
227.884,60.1795
227.887,58.1823
227.890,56.2343
227.894,54.4493
227.897,52.7050
227.900,51.1037
227.906,48.1395
227.912,45.4184
227.919,42.9914
227.925,40.7493
227.931,38.7376
227.937,36.8686
227.944,35.1826
227.950,33.6083
227.956,32.1812
227.962,30.8424
227.969,29.6235
227.975,28.4753
227.981,27.4258
227.987,26.4333
227.994,25.5086
228.000,24.6456
228.006,23.8512
228.012,23.0950
228.019,22.3968
228.025,21.7302
228.031,21.1130
228.037,20.5222
228.044,19.9738
228.050,19.4474
228.056,18.9576
228.069,18.0471
228.081,17.2278
228.094,16.4875
228.106,15.8161
228.119,15.2050
228.131,14.6470
228.144,14.1359
228.156,13.6664
228.169,13.2338
228.181,12.8343
228.194,12.4616
228.206,12.1186
228.219,11.7995
228.231,11.5021
228.244,11.2243
228.256,10.9644
228.269,10.7208
228.281,10.4920
228.306,10.0724
228.331,9.70052
228.356,9.36758
228.381,9.06798
228.406,8.79604
228.431,8.55010
228.456,8.32585
228.481,8.12062
228.506,7.93215
228.531,7.75853
228.556,7.59816
228.581,7.44962
228.607,7.31120
228.632,7.18297
228.682,6.95190
228.732,6.74964
228.782,6.57258
228.832,6.41661
228.882,6.27980
228.932,6.15986
228.982,6.05535
229.032,5.96505
229.082,5.88864
229.132,5.82553
229.182,5.77560
229.232,5.73894
229.282,5.71609
229.332,5.70762
229.382,5.71446
229.432,5.73793
229.482,5.77950
229.532,5.84132
229.582,5.92559
229.632,6.03565
229.682,6.17470
229.732,6.34742
229.782,6.55928
229.832,6.81762
229.857,6.96632
229.882,7.12978
229.907,7.31013
229.932,7.50748
229.957,7.72424
229.982,7.96233
230.008,8.22507
230.033,8.51283
230.058,8.82941
230.070,8.99950
230.083,9.17803
230.095,9.36546
230.108,9.56231
230.120,9.76911
230.133,9.98642
230.145,10.2149
230.158,10.4552
230.170,10.7079
230.183,10.9740
230.195,11.2565
230.208,11.5518
230.220,11.8630
230.233,12.1913
230.245,12.5377
230.258,12.9033
230.270,13.2897
230.283,13.6980
230.295,14.1336
230.308,14.5910
230.320,15.0756
230.333,15.5893
230.345,16.1343
230.358,16.7129
230.370,17.3279
230.383,17.9820
230.395,18.6841
230.408,19.4265
230.420,20.2186
230.433,21.0645
230.445,21.9688
230.458,22.9367
230.470,23.9740
230.483,25.0871
230.495,26.2831
230.508,27.5699
230.514,28.2557
230.520,28.9566
230.527,29.6964
230.533,30.4531
230.539,31.2526
230.545,32.0709
230.552,32.9362
230.558,33.8226
230.564,34.7608
230.570,35.7229
230.577,36.7421
230.583,37.7882
230.589,38.8975
230.595,40.0561
230.602,41.2668
230.608,42.5122
230.614,43.8357
230.620,45.1986
230.627,46.6486
230.633,48.1436
230.639,49.7362
230.645,51.3803
230.652,53.1340
230.658,54.9468
230.664,56.8833
230.670,58.8879
230.677,61.0324
230.683,63.2558
230.689,65.6380
230.695,68.1120
230.702,70.7671
230.708,73.5293
230.714,76.4991
230.720,79.5944
230.727,82.9287
230.733,86.4108
230.739,90.1696
230.745,94.1034
230.752,98.3591
230.758,102.823
230.764,107.664
230.770,112.754
230.777,118.288
230.783,124.123
230.789,130.484
230.796,137.323
230.802,144.686
230.808,152.496
230.814,161.064
230.821,170.182
230.827,180.220
230.833,190.942
230.839,202.789
230.846,215.495
230.852,229.592
230.858,244.775
230.864,261.697
230.871,280.006
230.874,290.167
230.877,300.511
230.880,311.380
230.883,322.808
230.886,335.230
230.889,347.909
230.892,361.267
230.896,375.350
230.899,390.699
230.902,406.411
230.905,423.011
230.908,440.560
230.911,459.743
230.914,479.436
230.917,500.301
230.921,522.423
230.924,546.676
230.927,571.644
230.930,598.173
230.933,626.376
230.936,657.379
230.939,689.381
230.942,723.465
230.946,759.784
230.949,799.792
230.952,841.166
230.955,885.300
230.958,932.384
230.961,984.290
230.964,1037.98
230.967,1095.23
230.971,1156.25
230.974,1223.37
230.977,1292.60
230.980,1366.11
230.983,1444.01
230.987,1542.81
230.990,1644.98
230.994,1752.89
230.998,1866.08
231.001,1983.81
231.005,2104.98
231.012,2351.20
231.016,2475.17
231.019,2590.41
231.023,2697.12
231.026,2791.95
231.030,2871.53
231.034,2932.84
231.037,2973.38
231.041,2991.49
231.043,2991.72
231.045,2986.01
231.048,2957.64
231.052,2907.99
231.055,2839.31
231.059,2754.50
231.063,2656.76
231.066,2549.41
231.070,2435.63
231.077,2196.54
231.084,1964.23
231.088,1853.15
231.091,1746.69
231.095,1645.40
231.099,1549.57
231.103,1444.83
231.107,1349.86
231.111,1261.87
231.115,1180.54
231.119,1105.49
231.123,1036.30
231.127,972.545
231.132,913.803
231.136,859.668
231.140,809.755
231.144,763.704
231.148,721.180
231.152,681.876
231.156,645.511
231.160,611.827
231.164,580.592
231.168,551.592
231.173,524.636
231.177,499.549
231.181,476.172
231.185,454.364
231.189,433.994
231.193,414.944
231.197,397.109
231.201,380.392
231.205,364.704
231.209,349.967
231.214,336.107
231.218,323.059
231.222,310.761
231.226,299.161
231.230,288.206
231.234,277.851
231.238,268.055
231.242,258.778
231.246,249.985
231.255,233.724
231.263,219.042
231.271,205.744
231.279,193.663
231.287,182.657
231.296,172.602
231.304,163.393
231.312,154.937
231.320,147.156
231.328,139.980
231.337,133.347
231.345,127.204
231.353,121.504
231.361,116.206
231.369,111.214
231.378,106.616
231.386,102.320
231.394,98.2999
231.402,94.5331
231.410,90.9984
231.419,87.6770
231.427,84.5521
231.435,81.6084
231.443,78.8321
231.451,76.2106
231.460,73.7327
231.476,69.1671
231.492,65.0630
231.509,61.3602
231.525,58.0081
231.542,54.9639
231.558,52.1913
231.574,49.6593
231.591,47.3413
231.607,45.2145
231.624,43.2592
231.640,41.4477
231.657,39.7873
231.673,38.2535
231.689,36.8352
231.706,35.5227
231.722,34.3076
231.739,33.1826
231.755,32.1416
231.771,31.1792
231.788,30.2912
231.804,29.4741
231.821,28.7255
231.837,28.0438
231.853,27.4284
231.870,26.8800
231.886,26.4007
231.903,25.9944
231.919,25.6672
231.935,25.4282
231.952,25.2906
231.968,25.2734
231.976,25.3181
231.985,25.4040
231.993,25.5366
232.001,25.7225
232.009,25.9696
232.017,26.2879
232.026,26.6897
232.034,27.1903
232.042,27.8088
232.050,28.5698
232.054,29.0131
232.058,29.5044
232.062,30.0489
232.067,30.6529
232.071,31.3232
232.075,32.0679
232.079,32.8962
232.083,33.8188
232.087,34.8479
232.091,35.9978
232.095,37.2849
232.099,38.7286
232.103,40.3511
232.108,42.1784
232.112,44.2407
232.116,46.5729
232.118,47.8850
232.120,49.2156
232.122,50.7042
232.124,52.2150
232.126,53.9061
232.128,55.6234
232.130,57.5463
232.132,59.4990
232.134,61.6853
232.136,63.9046
232.138,66.3873
232.140,68.9045
232.142,71.7156
232.144,74.5593
232.147,77.7255
232.149,80.9162
232.151,84.9723
232.153,89.2728
232.156,93.8065
232.158,98.5518
232.163,108.526
232.168,118.726
232.170,123.685
232.173,128.391
232.175,132.708
232.177,136.493
232.180,139.605
232.182,141.917
232.185,143.326
232.187,143.767
232.189,143.218
232.192,141.702
232.194,139.286
232.197,136.072
232.199,132.187
232.201,127.773
232.204,122.974
232.206,117.926
232.211,107.556
232.216,97.4240
232.218,92.6032
232.221,87.9960
232.223,83.6235
232.225,79.4969
232.228,74.9972
232.231,70.9746
232.234,67.2519
232.236,63.8141
232.239,60.6439
232.242,57.7231
232.244,55.0330
232.247,52.5554
232.250,50.1917
232.253,48.0937
232.255,46.1583
232.258,44.3712
232.261,42.7193
232.263,41.1908
232.266,39.7749
232.269,38.4616
232.272,37.1985
232.274,36.0676
232.277,35.0147
232.280,34.0332
232.282,33.1171
232.285,32.2611
232.290,30.7099
232.296,29.3457
232.301,28.1403
232.307,27.0708
232.312,26.1179
232.318,25.2507
232.323,24.4871
232.328,23.7992
232.334,23.1776
232.339,22.6141
232.345,22.1021
232.350,21.6355
232.355,21.2095
232.361,20.8126
232.366,20.4557
232.377,19.8262
232.388,19.2923
232.399,18.8378
232.410,18.4468
232.420,18.1168
232.431,17.8361
232.442,17.5988
232.453,17.3986
232.464,17.2354
232.474,17.1043
232.485,17.0033
232.496,16.9301
232.507,16.8851
232.518,16.8667
232.529,16.8748
232.539,16.9098
232.550,16.9717
232.561,17.0615
232.572,17.1805
232.583,17.3318
232.594,17.5148
232.604,17.7355
232.615,17.9929
232.626,18.2958
232.637,18.6431
232.648,19.0430
232.659,19.5018
232.669,20.0327
232.680,20.6354
232.691,21.3259
232.702,22.1180
232.713,23.0376
232.724,24.0889
232.729,24.6747
232.734,25.3056
232.740,25.9856
232.745,26.7197
232.751,27.5284
232.756,28.3885
232.761,29.3209
232.767,30.3334
232.772,31.4348
232.778,32.6351
232.783,33.9457
232.788,35.3799
232.794,36.9833
232.799,38.7155
232.805,40.6245
232.810,42.7341
232.816,45.0718
232.821,47.6700
232.826,50.5668
232.829,52.1410
232.832,53.8074
232.835,55.6403
232.837,57.5166
232.840,59.5082
232.843,61.6243
232.845,63.8749
232.848,66.2707
232.851,68.8240
232.853,71.5477
232.856,74.4565
232.859,77.5662
232.862,80.8944
232.864,84.4603
232.867,88.2852
232.868,90.3782
232.870,92.3927
232.871,94.6422
232.872,96.8086
232.874,99.2290
232.875,101.561
232.876,104.169
232.878,106.880
232.879,109.699
232.881,112.419
232.882,115.463
232.883,118.401
232.885,121.691
232.886,124.867
232.887,128.426
232.889,131.864
232.890,135.717
232.891,139.441
232.893,143.616
232.894,147.652
232.895,152.179
232.897,156.556
232.898,161.467
232.899,166.217
232.901,171.545
232.902,176.699
232.904,182.481
232.905,188.073
232.906,194.345
232.908,200.409
232.909,207.208
232.910,213.778
232.912,221.138
232.913,228.244
232.914,236.198
232.916,243.868
232.917,252.439
232.918,260.692
232.920,269.230
232.921,277.363
232.922,286.446
232.923,295.079
232.925,304.694
232.926,313.804
232.927,323.917
232.928,333.463
232.930,344.014
232.931,353.928
232.933,375.011
232.936,396.453
232.938,417.915
232.941,438.980
232.943,459.153
232.946,477.881
232.948,494.574
232.951,508.649
232.953,519.569
232.956,526.896
232.958,530.333
232.961,529.753
232.963,525.218
232.966,516.966
232.968,505.384
232.971,490.970
232.973,474.283
232.976,455.897
232.978,436.365
232.981,416.190
232.983,395.803
232.988,355.749
232.991,336.574
232.993,318.187
232.996,300.684
232.998,284.122
233.001,267.316
233.004,252.190
233.006,237.553
233.009,224.449
233.012,211.818
233.014,200.541
233.017,189.689
233.020,180.008
233.022,170.695
233.025,162.385
233.028,154.385
233.030,147.240
233.033,140.353
233.035,134.192
233.038,128.456
233.041,123.112
233.043,117.943
233.046,113.302
233.049,108.805
233.051,104.759
233.054,100.831
233.057,97.2905
233.059,93.8459
233.062,90.7354
233.065,87.7032
233.067,84.9600
233.070,82.2811
233.072,79.8532
233.078,75.3216
233.083,71.3592
233.088,67.7488
233.094,64.5155
233.099,61.6120
233.104,58.9983
233.109,56.6401
233.115,54.5080
233.120,52.5767
233.125,50.8560
233.131,49.2610
233.136,47.8100
233.141,46.4886
233.146,45.2844
233.152,44.1862
233.157,43.1844
233.162,42.2704
233.168,41.4519
233.178,39.9971
233.189,38.7931
233.199,37.8040
233.210,37.0080
233.220,36.3672
233.231,35.8715
233.242,35.5059
233.252,35.2602
233.263,35.1200
233.273,35.0804
233.284,35.1353
233.294,35.2783
233.305,35.5085
233.316,35.8225
233.326,36.2187
233.337,36.6915
233.347,37.2500
233.358,37.8909
233.369,38.6157
233.379,39.4184
233.390,40.3172
233.400,41.3086
233.411,42.3966
233.421,43.5748
233.432,44.8713
233.443,46.2821
233.453,47.8150
233.464,49.4621
233.474,51.2647
233.485,53.2188
233.495,55.3368
233.506,57.6104
233.517,60.0986
233.527,62.7984
233.538,65.7302
233.548,68.8856
233.559,72.3503
233.569,76.1250
233.580,80.2434
233.591,84.6994
233.601,89.6214
233.612,95.0196
233.622,100.952
233.633,107.422
233.643,114.631
233.654,122.535
233.659,126.845
233.665,131.390
233.670,136.188
233.675,141.156
233.684,150.853
233.694,161.558
233.699,167.318
233.703,173.365
233.708,179.709
233.713,186.365
233.717,193.353
233.722,200.698
233.727,208.434
233.731,216.598
233.736,225.228
233.741,234.362
233.746,244.041
233.750,254.305
233.757,270.034
233.764,286.904
233.770,305.283
233.777,325.328
233.783,347.214
233.790,371.135
233.797,397.306
233.803,425.965
233.810,457.868
233.816,492.347
233.823,530.153
233.830,571.598
233.836,616.997
233.843,666.657
233.849,720.856
233.856,779.812
233.862,832.668
233.867,888.909
233.873,948.431
233.878,1011.00
233.884,1076.22
233.889,1143.51
233.900,1280.71
233.906,1348.21
233.911,1412.96
233.917,1473.16
233.922,1526.93
233.928,1572.38
233.933,1607.77
233.939,1631.69
233.944,1643.17
233.950,1641.81
233.955,1628.16
233.960,1602.47
233.966,1566.86
233.971,1521.58
233.977,1469.99
233.982,1413.09
233.988,1352.55
233.998,1225.33
234.009,1099.27
234.015,1038.23
234.020,980.684
234.026,925.804
234.031,873.773
234.037,822.030
234.042,774.375
234.048,729.809
234.054,688.223
234.059,648.814
234.065,612.807
234.070,579.322
234.076,548.192
234.082,518.755
234.087,491.882
234.093,466.887
234.099,443.627
234.104,421.594
234.110,401.435
234.115,382.634
234.121,365.085
234.127,348.407
234.132,333.094
234.138,318.760
234.144,305.331
234.149,292.519
234.155,280.709
234.160,269.613
234.166,259.175
234.172,249.179
234.177,239.930
234.183,231.205
234.189,222.969
234.194,215.186
234.200,207.826
234.211,194.260
234.222,181.962
234.233,170.976
234.245,160.955
234.256,151.951
234.267,143.691
234.278,136.230
234.290,129.351
234.301,123.108
234.312,117.326
234.323,112.056
234.335,107.157
234.346,102.675
234.357,98.4928
234.368,94.6544
234.380,91.0932
234.391,87.7848
234.402,84.6809
234.413,81.8170
234.425,79.1244
234.436,76.6350
234.447,74.2903
234.458,72.1194
234.481,68.1744
234.503,64.7221
234.526,61.6993
234.548,59.0542
234.571,56.7541
234.593,54.7438
234.616,53.0060
234.638,51.5177
234.661,50.2606
234.683,49.2201
234.706,48.3855
234.728,47.7490
234.751,47.3075
234.773,47.0552
234.796,46.9955
234.818,47.1324
234.841,47.4726
234.863,48.0265
234.886,48.8079
234.908,49.8349
234.931,51.1239
234.953,52.7152
234.976,54.6391
234.998,56.9397
235.009,58.2540
235.021,59.6719
235.032,61.2275
235.043,62.9034
235.054,64.7407
235.066,66.7193
235.077,68.8887
235.088,71.2263
235.099,73.7681
235.110,76.5340
235.122,79.5749
235.133,82.8627
235.144,86.4860
235.155,90.4147
235.167,94.7583
235.178,99.4846
235.189,104.731
235.200,110.464
235.212,116.859
235.223,123.884
235.234,131.765
235.245,140.476
235.251,145.298
235.257,150.315
235.262,155.631
235.268,161.271
235.274,167.259
235.279,173.626
235.285,180.401
235.290,187.620
235.296,195.464
235.302,203.701
235.307,212.511
235.313,221.949
235.319,232.260
235.324,243.150
235.330,254.869
235.335,267.500
235.341,281.390
235.347,296.161
235.352,312.167
235.358,329.545
235.363,348.451
235.369,369.060
235.375,391.574
235.380,416.223
235.386,443.778
235.392,473.578
235.397,506.432
235.403,542.740
235.408,583.717
235.414,628.459
235.417,652.684
235.420,678.254
235.422,705.258
235.425,733.791
235.428,765.062
235.431,797.025
235.434,830.841
235.437,866.630
235.439,904.517
235.442,944.632
235.445,987.110
235.448,1032.09
235.451,1079.71
235.453,1130.11
235.456,1183.43
235.459,1239.80
235.462,1299.33
235.465,1362.14
235.467,1428.29
235.470,1497.84
235.474,1592.23
235.477,1689.26
235.481,1791.15
235.484,1897.36
235.491,2119.14
235.498,2343.67
235.502,2451.79
235.505,2553.61
235.509,2646.10
235.512,2726.11
235.516,2790.56
235.519,2836.75
235.523,2862.54
235.526,2866.64
235.528,2860.15
235.530,2847.87
235.533,2807.98
235.537,2748.42
235.540,2671.59
235.544,2580.44
235.547,2478.17
235.551,2368.00
235.554,2252.96
235.561,2018.67
235.565,1903.57
235.568,1791.86
235.572,1684.58
235.575,1582.44
235.579,1485.85
235.582,1395.01
235.585,1331.27
235.588,1270.70
235.590,1213.22
235.593,1160.80
235.595,1109.14
235.598,1060.27
235.600,1014.09
235.603,972.099
235.606,930.816
235.608,891.845
235.611,855.064
235.613,821.651
235.616,788.820
235.618,757.838
235.621,728.596
235.624,702.028
235.626,675.914
235.629,651.258
235.631,627.975
235.634,606.807
235.636,585.988
235.639,566.317
235.642,547.730
235.644,530.820
235.647,514.180
235.649,498.450
235.652,483.580
235.654,470.048
235.657,456.730
235.660,444.140
235.662,432.240
235.665,421.416
235.667,410.768
235.670,400.711
235.673,391.216
235.675,382.590
235.678,374.120
235.680,366.137
235.683,358.620
235.685,351.811
235.688,345.148
235.691,338.894
235.693,333.033
235.696,327.754
235.698,322.622
235.701,317.841
235.703,313.399
235.706,309.439
235.709,305.633
235.711,302.138
235.714,298.943
235.716,296.149
235.719,293.525
235.721,291.183
235.724,289.116
235.727,287.384
235.729,285.846
235.732,284.570
235.734,283.555
235.737,282.823
235.739,282.314
235.742,282.059
235.745,282.060
235.747,282.301
235.750,282.802
235.752,283.560
235.755,284.575
235.757,285.797
235.760,287.326
235.763,289.121
235.765,291.186
235.768,293.431
235.770,296.041
235.773,298.936
235.776,302.124
235.778,305.471
235.781,309.254
235.783,313.353
235.786,317.777
235.788,322.348
235.791,327.441
235.794,332.892
235.796,338.716
235.799,344.678
235.801,351.272
235.804,358.281
235.806,365.725
235.809,373.308
235.812,381.657
235.814,390.499
235.817,399.857
235.819,409.363
235.822,419.805
235.824,430.839
235.827,442.497
235.830,454.324
235.832,467.298
235.835,480.997
235.837,495.458
235.840,510.121
235.842,526.202
235.845,543.176
235.848,561.095
235.850,579.265
235.853,599.194
235.855,620.237
235.858,642.458
235.860,664.998
235.863,689.732
235.866,715.860
235.868,743.464
235.871,771.477
235.873,802.231
235.876,834.730
235.879,869.076
235.881,903.941
235.884,942.221
235.886,982.674
235.889,1025.42
235.891,1068.79
235.894,1116.38
235.897,1166.62
235.899,1219.65
235.902,1273.36
235.904,1332.18
235.907,1394.12
235.909,1459.27
235.912,1525.02
235.916,1633.81
235.920,1750.21
235.924,1874.14
235.928,2005.22
235.931,2142.76
235.935,2285.68
235.939,2432.40
235.943,2580.82
235.947,2728.26
235.951,2871.52
235.955,3006.92
235.959,3130.49
235.963,3238.20
235.967,3326.26
235.970,3391.44
235.974,3430.72
235.978,3444.93
235.982,3432.67
235.986,3395.11
235.990,3334.46
235.994,3253.75
235.998,3156.49
236.002,3046.38
236.005,2927.06
236.009,2801.87
236.013,2673.77
236.021,2418.28
236.025,2294.41
236.029,2174.76
236.033,2060.12
236.037,1953.70
236.040,1863.10
236.043,1776.95
236.047,1695.21
236.050,1620.04
236.053,1546.75
236.057,1479.52
236.060,1414.11
236.063,1354.18
236.067,1295.93
236.070,1241.02
236.074,1189.26
236.077,1141.86
236.080,1095.78
236.084,1053.56
236.087,1012.47
236.090,974.792
236.094,938.096
236.097,903.417
236.101,870.623
236.104,840.481
236.107,811.053
236.111,783.971
236.114,757.496
236.117,733.099
236.121,709.217
236.124,687.180
236.131,645.620
236.137,607.905
236.144,573.589
236.151,541.840
236.158,513.252
236.164,487.044
236.171,462.963
236.178,440.784
236.184,420.315
236.191,401.382
236.198,383.836
236.205,367.310
236.211,352.169
236.218,338.059
236.225,324.886
236.231,312.567
236.238,301.030
236.245,290.208
236.251,280.041
236.258,270.339
236.265,261.338
236.272,252.847
236.278,244.829
236.285,237.137
236.292,229.966
236.299,223.169
236.305,216.720
236.319,204.688
236.332,193.876
236.346,184.049
236.359,175.086
236.372,166.826
236.386,159.303
236.399,152.378
236.413,145.987
236.426,140.031
236.440,134.550
236.453,129.455
236.466,124.708
236.480,120.245
236.493,116.104
236.507,112.195
236.520,108.555
236.534,105.108
236.547,101.887
236.560,98.8501
236.574,95.9820
236.587,93.2501
236.601,90.6830
236.614,88.2494
236.628,85.9394
236.654,81.6409
236.681,77.7579
236.708,74.2100
236.735,70.9803
236.762,68.0082
236.789,65.2848
236.816,62.7632
236.842,60.4394
236.869,58.2765
236.896,56.2734
236.923,54.4005
236.950,52.6524
236.977,51.0180
237.004,49.4927
237.030,48.0567
237.057,46.7129
237.084,45.4450
237.111,44.2565
237.138,43.1339
237.165,42.0814
237.192,41.0879
237.218,40.1584
237.245,39.2845
237.272,38.4720
237.299,37.7156
237.326,37.0230
237.353,36.3931
237.380,35.8355
237.393,35.5860
237.406,35.3605
237.420,35.1594
237.433,34.9853
237.447,34.8403
237.460,34.7306
237.474,34.6600
237.487,34.6344
237.500,34.6618
237.514,34.7513
237.527,34.9151
237.534,35.0294
237.541,35.1684
237.547,35.3373
237.554,35.5343
237.561,35.7649
237.568,36.0333
237.574,36.3438
237.581,36.7019
237.588,37.1135
237.594,37.5858
237.601,38.1357
237.608,38.7570
237.615,39.4688
237.621,40.2847
237.628,41.2211
237.635,42.2975
237.641,43.5374
237.645,44.2380
237.648,44.9692
237.651,45.7801
237.655,46.6544
237.658,47.5981
237.662,48.5866
237.665,49.6867
237.668,50.8413
237.672,52.1293
237.675,53.4842
237.678,54.9991
237.682,56.5969
237.685,58.3882
237.688,60.2827
237.692,62.4129
237.695,64.6724
237.698,67.2208
237.702,69.9326
237.705,73.0012
237.709,76.3816
237.712,80.1121
237.715,84.1087
237.719,88.6616
237.722,93.5553
237.725,99.1478
237.729,105.176
237.732,112.084
237.735,119.546
237.739,128.108
237.742,137.365
237.744,142.529
237.745,147.982
237.747,153.735
237.749,159.437
237.750,165.813
237.752,172.526
237.754,179.588
237.755,186.559
237.758,198.094
237.760,209.907
237.762,216.603
237.763,222.964
237.764,229.492
237.765,236.179
237.767,243.591
237.768,250.574
237.769,257.677
237.770,264.882
237.771,272.777
237.773,280.122
237.775,294.860
237.778,310.036
237.780,324.115
237.782,337.880
237.785,349.838
237.787,360.566
237.790,368.836
237.792,375.010
237.795,378.375
237.797,379.098
237.800,377.134
237.802,372.462
237.804,365.691
237.807,356.588
237.809,346.238
237.812,334.174
237.814,321.727
237.817,308.210
237.819,294.999
237.822,281.247
237.824,268.250
237.827,255.082
237.829,242.904
237.831,230.778
237.834,219.717
237.836,211.810
237.837,204.649
237.839,197.393
237.841,190.842
237.843,184.220
237.844,178.254
237.846,172.234
237.848,166.816
237.850,161.354
237.851,156.442
237.853,151.492
237.855,147.042
237.857,142.557
237.858,138.524
237.862,131.013
237.865,123.987
237.869,117.604
237.872,111.795
237.876,106.646
237.879,101.800
237.883,97.3672
237.886,93.3047
237.890,89.6768
237.893,86.2370
237.897,83.0665
237.900,80.1388
237.903,77.5048
237.907,74.9891
237.910,72.6534
237.914,70.4811
237.917,68.5133
237.921,66.6213
237.924,64.8530
237.928,63.1979
237.931,61.6894
237.935,60.2302
237.938,58.8584
237.942,57.5671
237.945,56.3837
237.949,55.2330
237.952,54.1456
237.956,53.1168
237.959,52.1694
237.966,50.3653
237.973,48.7581
237.980,47.2786
237.987,45.9503
237.994,44.7183
238.001,43.6044
238.008,42.5645
238.015,41.6183
238.022,40.7298
238.029,39.9168
238.036,39.1491
238.042,38.4432
238.049,37.7735
238.056,37.1547
238.063,36.5651
238.070,36.0104
238.077,35.4875
238.084,35.0005
238.098,34.0958
238.112,33.2801
238.126,32.5399
238.140,31.8646
238.154,31.2452
238.168,30.6745
238.182,30.1463
238.195,29.6553
238.209,29.1974
238.223,28.7688
238.237,28.3662
238.251,27.9871
238.265,27.6290
238.279,27.2900
238.293,26.9660
238.307,26.6600
238.335,26.0901
238.362,25.5688
238.390,25.0895
238.418,24.6468
238.446,24.2369
238.474,23.8573
238.501,23.5066
238.529,23.1856
238.543,23.0370
238.557,22.8974
238.571,22.7680
238.585,22.6504
238.599,22.5472
238.613,22.4624
238.626,22.4018
238.633,22.3830
238.640,22.3742
238.647,22.3772
238.654,22.3941
238.661,22.4290
238.668,22.4848
238.675,22.5686
238.679,22.6231
238.682,22.6852
238.686,22.7601
238.689,22.8474
238.693,22.9488
238.696,23.0625
238.699,23.1975
238.703,23.3529
238.706,23.5315
238.710,23.7299
238.713,23.9628
238.717,24.2279
238.720,24.5283
238.724,24.8561
238.726,25.1098
238.728,25.3703
238.733,25.9531
238.743,27.2602
238.747,27.9086
238.750,28.2113
238.752,28.4709
238.754,28.7002
238.757,28.8713
238.759,28.9915
238.761,29.0457
238.764,29.0360
238.766,28.9637
238.768,28.8261
238.771,28.6404
238.773,28.3984
238.775,28.1288
238.780,27.4996
238.790,26.1431
238.794,25.5011
238.797,25.1931
238.799,24.9120
238.802,24.5891
238.805,24.2875
238.807,24.0066
238.810,23.7546
238.813,23.5117
238.816,23.2864
238.818,23.0774
238.821,22.8900
238.824,22.7093
238.827,22.5411
238.830,22.3845
238.832,22.2435
238.838,21.9787
238.843,21.7497
238.849,21.5431
238.854,21.3619
238.860,21.1959
238.866,21.0483
238.871,20.9113
238.877,20.7878
238.882,20.6737
238.888,20.5677
238.899,20.3743
238.910,20.2028
238.921,20.0482
238.932,19.9082
238.943,19.7776
238.954,19.6556
238.976,19.4330
238.998,19.2298
239.021,19.0425
239.043,18.8659
239.065,18.6992
239.109,18.3864
239.153,18.0953
239.198,17.8209
239.242,17.5603
239.331,17.0720
239.419,16.6196
239.508,16.1964
239.597,15.7977
239.685,15.4211
239.774,15.0633
239.862,14.7225
239.951,14.3967
240.040,14.0846
240.128,13.7849
240.217,13.4963
240.305,13.2177
240.394,12.9488
240.571,12.4361
240.748,11.9525
240.926,11.4938
241.103,11.0563
241.280,10.6373
241.369,10.4340
241.457,10.2345
241.546,10.0385
241.634,9.84600
241.723,9.65660
241.812,9.47065
241.900,9.28789
241.989,9.10835
242.078,8.93212
242.166,8.75935
242.255,8.59029
242.343,8.42530
242.432,8.26469
242.521,8.10949
242.609,7.96041
242.698,7.81861
242.786,7.68562
242.875,7.56345
242.919,7.50722
242.964,7.45476
243.008,7.40654
243.052,7.36310
243.097,7.32500
243.141,7.29315
243.185,7.26833
243.230,7.25156
243.274,7.24404
243.318,7.24719
243.362,7.26272
243.407,7.29266
243.451,7.33946
243.495,7.40612
243.540,7.49630
243.584,7.61452
243.628,7.76641
243.650,7.85736
243.673,7.95909
243.695,8.07373
243.717,8.20160
243.739,8.34541
243.761,8.50564
243.783,8.68578
243.805,8.88654
243.828,9.11248
243.850,9.36471
243.872,9.64924
243.894,9.96784
243.916,10.3286
243.938,10.7343
243.961,11.1960
243.983,11.7185
244.005,12.3171
244.016,12.6483
244.027,12.9998
244.038,13.3803
244.049,13.7890
244.060,14.2288
244.071,14.6981
244.082,15.2088
244.093,15.7609
244.105,16.3585
244.110,16.6730
244.116,17.0007
244.121,17.3484
244.127,17.7046
244.132,18.0831
244.138,18.4713
244.143,18.8842
244.149,19.3081
244.154,19.7513
244.160,20.2150
244.165,20.7095
244.171,21.2185
244.177,21.7620
244.182,22.3222
244.188,22.9213
244.193,23.5397
244.199,24.1899
244.204,24.8742
244.210,25.6082
244.215,26.3686
244.221,27.1857
244.226,28.0337
244.232,28.9468
244.237,29.8963
244.243,30.9020
244.248,31.9685
244.254,33.1220
244.260,34.3267
244.265,35.6328
244.271,37.0004
244.276,38.4870
244.282,40.0480
244.287,41.7183
244.293,43.5081
244.298,45.4654
244.304,47.5333
244.309,49.8024
244.315,52.2084
244.321,54.8583
244.326,57.6789
244.332,60.7402
244.337,64.0697
244.340,65.8777
244.343,67.7681
244.345,69.7456
244.348,71.7402
244.351,73.9051
244.354,76.1743
244.357,78.5544
244.359,80.9613
244.362,83.5808
244.365,86.3341
244.368,89.2304
244.370,92.1678
244.373,95.3740
244.376,98.6307
244.379,102.191
244.381,105.813
244.384,109.780
244.387,113.976
244.390,118.420
244.392,122.956
244.395,127.941
244.398,133.235
244.401,138.861
244.404,144.626
244.406,150.986
244.409,157.767
244.412,165.002
244.415,172.447
244.417,180.692
244.420,189.193
244.423,198.627
244.426,208.373
244.428,219.210
244.431,230.857
244.434,243.386
244.437,256.377
244.440,270.874
244.442,286.506
244.445,303.373
244.448,320.905
244.451,340.511
244.453,361.682
244.456,384.538
244.459,408.286
244.462,434.799
244.464,462.282
244.467,492.861
244.470,524.410
244.473,558.008
244.475,593.630
244.478,631.187
244.481,670.505
244.486,753.191
244.492,837.856
244.494,879.070
244.497,918.238
244.500,954.236
244.502,985.879
244.505,1012.01
244.508,1031.57
244.510,1043.72
244.513,1047.92
244.516,1044.31
244.518,1032.75
244.521,1013.77
244.524,988.221
244.527,957.139
244.529,921.684
244.532,883.035
244.535,842.313
244.540,758.538
244.545,676.615
244.548,637.631
244.551,600.378
244.554,565.033
244.556,532.885
244.559,500.367
244.562,470.006
244.565,441.741
244.567,416.386
244.570,391.963
244.573,369.330
244.576,348.369
244.578,329.629
244.581,311.612
244.584,294.927
244.587,279.470
244.589,265.637
244.592,252.314
244.595,239.950
244.598,228.465
244.601,218.157
244.603,208.200
244.606,198.927
244.609,190.285
244.612,182.503
244.614,174.959
244.617,167.910
244.620,161.317
244.623,155.360
244.626,149.567
244.628,144.136
244.631,139.042
244.634,134.424
244.637,129.922
244.639,125.689
244.642,121.708
244.645,118.091
244.648,114.556
244.651,111.227
244.653,108.089
244.656,105.234
244.659,102.439
244.662,99.8036
244.664,97.3174
244.667,95.0533
244.670,92.8359
244.673,90.7442
244.676,88.7712
244.678,86.9753
244.681,85.2177
244.684,83.5616
244.687,82.0020
244.689,80.5853
244.692,79.2022
244.695,77.9032
244.698,76.6845
244.700,75.5824
244.703,74.5123
244.706,73.5135
244.709,72.5835
244.712,71.7497
244.714,70.9483
244.717,70.2094
244.720,69.5314
244.723,68.9336
244.725,68.3706
244.728,67.8814
244.731,67.4289
244.734,67.0443
244.736,66.6987
244.739,66.4065
244.742,66.1674
244.745,65.9868
244.748,65.8511
244.750,65.7681
244.753,65.7377
244.756,65.7587
244.759,65.8329
244.761,65.9611
244.764,66.1441
244.767,66.3734
244.770,66.6669
244.773,67.0184
244.775,67.4294
244.778,67.8837
244.781,68.4167
244.784,69.0147
244.786,69.6802
244.789,70.3881
244.792,71.1938
244.795,72.0754
244.798,73.0364
244.800,74.0419
244.803,75.1704
244.806,76.3908
244.809,77.7081
244.811,79.0753
244.814,80.5997
244.817,82.1783
244.820,83.9352
244.822,85.7522
244.825,87.7723
244.828,89.9402
244.831,92.2662
244.833,94.6696
244.836,97.3407
244.839,100.207
244.842,103.285
244.845,106.467
244.847,110.009
244.850,113.816
244.853,117.911
244.856,122.155
244.858,126.889
244.861,131.991
244.864,137.495
244.867,143.216
244.870,149.618
244.872,156.540
244.875,164.031
244.878,171.843
244.881,180.611
244.882,185.269
244.883,190.121
244.885,195.175
244.886,200.440
244.889,211.228
244.890,217.168
244.892,223.358
244.893,229.809
244.895,236.532
244.896,243.537
244.897,250.836
244.900,265.779
244.903,282.554
244.906,300.034
244.908,319.581
244.911,339.845
244.914,360.688
244.916,381.945
244.919,405.261
244.921,428.740
244.924,454.085
244.926,479.110
244.931,530.729
244.934,556.358
244.937,579.789
244.939,602.193
244.942,621.146
244.944,637.439
244.947,649.196
244.949,656.633
244.951,658.680
244.952,659.435
244.953,659.015
244.954,657.314
244.957,650.538
244.958,645.274
244.959,638.898
244.962,623.783
244.965,604.634
244.967,583.608
244.970,559.758
244.972,535.582
244.977,484.835
244.982,435.177
244.985,411.089
244.987,388.957
244.990,367.937
244.992,348.085
244.996,322.988
244.999,300.691
245.002,280.341
245.006,261.821
245.007,252.952
245.009,244.514
245.012,229.293
245.016,215.489
245.019,202.970
245.021,196.982
245.022,191.286
245.026,181.007
245.029,171.671
245.032,163.184
245.034,159.116
245.036,155.240
245.039,148.229
245.042,141.840
245.046,136.012
245.049,130.539
245.052,125.694
245.056,121.267
245.059,117.221
245.062,113.414
245.066,110.041
245.069,106.958
245.072,104.141
245.076,101.495
245.079,99.1556
245.082,97.0249
245.086,95.0877
245.087,94.1608
245.089,93.3305
245.091,92.4913
245.092,91.7409
245.094,90.9838
245.095,90.3080
245.097,89.6278
245.099,89.0221
245.100,88.4140
245.102,87.8415
245.104,87.3034
245.105,86.8276
245.107,86.3537
245.109,85.9366
245.110,85.5234
245.112,85.1621
245.114,84.8066
245.115,84.4799
245.117,84.1812
245.119,83.9250
245.120,83.6789
245.122,83.4712
245.124,83.2756
245.125,83.1145
245.127,82.9674
245.129,82.8447
245.130,82.7460
245.132,82.6746
245.134,82.6213
245.135,82.5920
245.137,82.5828
245.139,82.5946
245.140,82.6286
245.142,82.6804
245.144,82.7566
245.145,82.8478
245.147,82.9653
245.149,83.0951
245.152,83.4215
245.155,83.8394
245.159,84.3237
245.162,84.8851
245.165,85.5235
245.169,86.2620
245.172,87.0574
245.175,87.9309
245.178,88.8832
245.182,89.9479
245.185,91.0636
245.188,92.2620
245.192,93.5445
245.195,94.9132
245.198,96.3702
245.202,97.9178
245.205,99.5587
245.208,101.350
245.212,103.189
245.215,105.132
245.218,107.181
245.222,109.407
245.225,111.685
245.228,114.083
245.232,116.605
245.235,119.341
245.238,122.134
245.242,125.070
245.245,128.155
245.248,131.398
245.251,134.805
245.255,138.385
245.258,142.147
245.261,146.225
245.265,150.388
245.268,154.765
245.271,159.368
245.275,164.361
245.278,169.465
245.281,174.838
245.285,180.496
245.288,186.642
245.291,192.935
245.295,199.571
245.298,206.572
245.301,213.963
245.305,221.770
245.308,230.020
245.311,238.745
245.315,248.265
245.318,258.058
245.321,268.435
245.324,279.438
245.328,291.479
245.331,303.902
245.334,317.104
245.338,331.145
245.341,346.561
245.344,362.515
245.348,379.526
245.351,397.680
245.354,417.068
245.358,437.791
245.361,459.962
245.364,483.699
245.368,509.933
245.371,537.266
245.374,566.600
245.378,598.102
245.381,633.017
245.384,669.493
245.388,708.728
245.391,750.944
245.394,797.806
245.398,846.806
245.401,899.523
245.404,956.209
245.407,1017.11
245.411,1082.46
245.414,1152.45
245.417,1227.24
245.421,1311.92
245.424,1399.43
245.428,1494.77
245.431,1592.12
245.435,1696.58
245.438,1801.28
245.445,2018.00
245.448,2126.27
245.452,2227.25
245.455,2324.05
245.459,2408.24
245.462,2481.75
245.466,2537.72
245.469,2577.15
245.473,2596.29
245.474,2598.51
245.476,2595.56
245.479,2575.26
245.483,2535.35
245.486,2479.99
245.490,2408.42
245.493,2327.46
245.497,2235.28
245.500,2139.85
245.507,1938.08
245.514,1738.08
245.517,1640.75
245.521,1549.96
245.524,1460.88
245.528,1378.90
245.532,1281.83
245.536,1194.10
245.541,1111.32
245.545,1037.02
245.549,967.217
245.553,904.731
245.558,846.121
245.562,793.672
245.566,744.454
245.570,700.363
245.575,658.922
245.579,621.725
245.583,586.687
245.587,555.160
245.591,526.051
245.596,499.140
245.600,473.655
245.604,450.601
245.608,428.709
245.613,408.850
245.617,389.941
245.621,372.741
245.625,356.690
245.630,341.693
245.634,327.339
245.638,314.219
245.642,301.632
245.647,290.100
245.651,279.013
245.655,268.833
245.659,259.247
245.663,250.212
245.668,241.491
245.672,233.454
245.680,218.508
245.689,205.136
245.697,193.274
245.706,182.473
245.714,172.738
245.723,163.950
245.731,156.097
245.740,148.904
245.748,142.396
245.757,136.511
245.765,131.254
245.774,126.457
245.782,122.145
245.791,118.290
245.799,114.903
245.808,111.884
245.816,109.261
245.825,107.024
245.833,105.170
245.842,103.698
245.850,102.613
245.859,101.928
245.867,101.659
245.875,101.825
245.884,102.463
245.892,103.614
245.901,105.307
245.909,107.647
245.918,110.698
245.922,112.543
245.926,114.560
245.931,116.804
245.935,119.295
245.939,122.120
245.943,125.170
245.948,128.617
245.952,132.327
245.956,136.511
245.958,138.707
245.960,141.009
245.962,143.422
245.964,145.952
245.967,148.604
245.969,151.384
245.971,154.441
245.973,157.504
245.975,160.715
245.977,164.083
245.979,167.787
245.981,171.501
245.984,175.397
245.986,179.486
245.988,183.987
245.990,188.503
245.992,193.245
245.994,198.227
245.996,203.461
245.998,208.962
246.000,214.745
246.003,220.828
246.005,227.539
246.007,234.290
246.009,241.397
246.011,248.881
246.013,257.153
246.015,265.485
246.017,274.270
246.020,283.536
246.022,293.792
246.024,304.140
246.026,315.068
246.028,326.612
246.030,338.812
246.032,351.710
246.034,365.350
246.036,379.781
246.039,395.800
246.041,412.008
246.043,429.168
246.045,447.340
246.047,467.532
246.049,487.975
246.051,509.630
246.053,532.565
246.056,558.046
246.058,583.832
246.060,611.122
246.062,639.986
246.064,670.496
246.066,702.717
246.068,736.706
246.070,772.513
246.072,799.222
246.073,826.886
246.075,855.506
246.076,885.079
246.078,915.594
246.079,947.033
246.081,979.366
246.082,1010.32
246.084,1044.26
246.085,1078.95
246.088,1147.82
246.091,1220.90
246.094,1292.30
246.097,1365.63
246.100,1434.45
246.103,1501.70
246.106,1561.01
246.109,1614.46
246.112,1656.69
246.115,1689.03
246.118,1708.20
246.121,1714.91
246.124,1708.28
246.127,1688.93
246.130,1659.21
246.133,1618.59
246.135,1571.45
246.138,1516.38
246.141,1458.78
246.144,1396.35
246.147,1334.63
246.153,1209.49
246.156,1147.82
246.159,1090.24
246.162,1033.17
246.165,980.642
246.168,932.507
246.171,886.943
246.173,843.935
246.176,804.831
246.179,766.655
246.182,730.797
246.184,697.144
246.187,666.670
246.190,637.000
246.193,609.177
246.196,583.083
246.198,559.451
246.201,536.425
246.204,515.554
246.207,495.197
246.209,476.724
246.212,458.683
246.215,441.699
246.218,425.699
246.220,411.137
246.223,396.873
246.226,383.871
246.229,371.116
246.231,359.470
246.234,348.027
246.237,337.186
246.240,326.907
246.242,317.494
246.248,299.703
246.253,283.581
246.259,268.676
246.265,255.346
246.270,243.163
246.276,232.001
246.281,221.569
246.287,212.141
246.292,203.440
246.298,195.392
246.303,187.802
246.309,180.882
246.314,174.443
246.320,168.440
246.325,162.734
246.331,157.495
246.336,152.585
246.342,147.977
246.347,143.570
246.353,139.498
246.358,135.659
246.364,132.036
246.370,128.553
246.375,125.317
246.386,119.346
246.397,113.919
246.408,109.057
246.419,104.603
246.430,100.583
246.441,96.8778
246.452,93.5133
246.463,90.3944
246.474,87.5481
246.486,84.8971
246.497,82.4675
246.508,80.1958
246.519,78.1063
246.530,76.1465
246.541,74.3230
246.552,72.6243
246.563,71.0541
246.574,69.5749
246.585,68.2054
246.607,65.7171
246.629,63.5418
246.651,61.6413
246.673,59.9854
246.696,58.5496
246.718,57.3145
246.740,56.2649
246.762,55.3890
246.784,54.6779
246.806,54.1256
246.828,53.7284
246.850,53.4849
246.872,53.3962
246.895,53.4660
246.917,53.6993
246.939,54.1040
246.961,54.6910
246.983,55.4741
247.005,56.4707
247.027,57.7023
247.049,59.1954
247.071,60.9821
247.093,63.1020
247.116,65.6031
247.138,68.5445
247.149,70.2102
247.160,71.9989
247.171,73.9550
247.182,76.0564
247.193,78.3561
247.204,80.8291
247.215,83.5392
247.226,86.4583
247.237,89.6633
247.248,93.1557
247.259,96.9664
247.270,101.091
247.281,105.645
247.292,110.590
247.304,116.068
247.315,122.042
247.326,128.687
247.337,135.965
247.348,144.103
247.359,153.062
247.370,163.136
247.381,174.294
247.386,180.481
247.392,186.923
247.397,193.756
247.403,201.010
247.409,208.863
247.414,217.072
247.420,225.815
247.425,235.134
247.431,245.267
247.436,255.907
247.442,267.289
247.447,279.480
247.453,292.801
247.458,306.859
247.464,321.976
247.469,338.255
247.475,356.141
247.480,375.126
247.486,395.660
247.491,417.904
247.497,442.494
247.502,468.758
247.508,497.343
247.513,528.504
247.519,563.172
247.525,600.432
247.530,641.234
247.536,685.973
247.541,736.024
247.547,790.086
247.552,849.534
247.558,914.926
247.563,988.214
247.569,1067.38
247.574,1154.23
247.580,1249.26
247.585,1354.78
247.591,1467.17
247.596,1590.29
247.602,1719.06
247.608,1856.79
247.613,1996.52
247.624,2279.63
247.630,2410.45
247.635,2531.45
247.640,2639.06
247.646,2730.51
247.651,2807.65
247.657,2864.21
247.663,2900.43
247.669,2916.89
247.674,2913.92
247.680,2891.34
247.686,2848.65
247.691,2785.52
247.696,2712.04
247.702,2623.65
247.707,2522.29
247.712,2410.58
247.718,2272.43
247.723,2131.75
247.729,1988.03
247.735,1849.67
247.741,1714.56
247.747,1589.05
247.753,1469.85
247.759,1361.44
247.762,1295.13
247.766,1232.49
247.770,1173.41
247.774,1119.18
247.777,1066.72
247.781,1017.38
247.785,970.978
247.789,928.473
247.793,887.400
247.796,848.782
247.800,812.461
247.804,779.163
247.808,746.949
247.811,717.387
247.815,688.757
247.819,662.455
247.823,636.951
247.826,612.874
247.830,590.129
247.834,569.178
247.838,548.807
247.841,530.016
247.845,511.720
247.849,494.819
247.857,462.695
247.864,434.062
247.872,408.112
247.879,384.530
247.887,362.773
247.894,343.175
247.902,325.232
247.909,308.767
247.917,293.430
247.924,279.489
247.932,266.614
247.939,254.701
247.947,243.515
247.954,233.268
247.962,223.736
247.969,214.855
247.977,206.460
247.984,198.722
247.992,191.480
247.999,184.693
248.007,178.245
248.015,172.270
248.022,166.652
248.030,161.364
248.037,156.320
248.045,151.629
248.052,147.204
248.060,143.028
248.067,139.036
248.075,135.317
248.082,131.807
248.090,128.495
248.097,125.332
248.105,122.394
248.112,119.633
248.120,117.045
248.127,114.597
248.135,112.355
248.142,110.289
248.150,108.405
248.158,106.694
248.165,105.218
248.173,103.976
248.180,103.001
248.184,102.622
248.188,102.331
248.191,102.137
248.195,102.049
248.199,102.076
248.203,102.228
248.206,102.530
248.210,102.984
248.214,103.634
248.218,104.496
248.222,105.598
248.225,106.929
248.229,108.596
248.233,110.543
248.237,112.908
248.240,115.593
248.243,117.545
248.245,119.663
248.250,124.271
248.255,129.504
248.259,134.895
248.264,140.241
248.266,142.667
248.269,144.728
248.271,146.520
248.273,147.817
248.276,148.666
248.278,148.953
248.281,148.680
248.283,147.827
248.285,146.425
248.288,144.617
248.290,142.313
248.292,139.663
248.297,133.793
248.302,127.364
248.307,121.098
248.309,118.009
248.311,115.150
248.314,112.288
248.316,109.670
248.319,106.759
248.321,104.121
248.324,101.642
248.327,99.3161
248.329,97.1365
248.332,95.0946
248.334,93.1815
248.337,91.3883
248.340,89.7064
248.342,88.1273
248.345,86.6432
248.347,85.2465
248.350,83.9303
248.353,82.6882
248.355,81.5144
248.358,80.4034
248.363,78.3130
248.368,76.4607
248.373,74.7763
248.379,73.2359
248.384,71.8196
248.389,70.5108
248.394,69.2955
248.399,68.1622
248.405,67.0813
248.410,66.0850
248.415,65.1453
248.420,64.2561
248.431,62.6092
248.441,61.1108
248.452,59.7227
248.462,58.4518
248.472,57.2690
248.483,56.1623
248.493,55.1124
248.504,54.1313
248.514,53.2023
248.525,52.3199
248.545,50.6703
248.566,49.1693
248.587,47.7807
248.608,46.5013
248.629,45.3056
248.650,44.1945
248.671,43.1486
248.691,42.1706
248.712,41.2450
248.733,40.3753
248.754,39.5487
248.775,38.7689
248.796,38.0251
248.816,37.3212
248.858,36.0087
248.900,34.8123
248.942,33.7167
248.983,32.7093
249.025,31.7795
249.067,30.9182
249.108,30.1179
249.150,29.3721
249.192,28.6752
249.233,28.0224
249.275,27.4094
249.317,26.8324
249.359,26.2884
249.400,25.7743
249.442,25.2877
249.484,24.8264
249.525,24.3883
249.567,23.9716
249.609,23.5749
249.650,23.1976
249.692,22.8367
249.734,22.4919
249.775,22.1625
249.817,21.8475
249.859,21.5463
249.901,21.2584
249.942,20.9833
249.984,20.7208
250.026,20.4708
250.067,20.2335
250.109,20.0092
250.151,19.7986
250.192,19.6028
250.234,19.4232
250.255,19.3400
250.276,19.2622
250.297,19.1895
250.318,19.1230
250.338,19.0627
250.359,19.0099
250.380,18.9650
250.401,18.9294
250.422,18.9041
250.443,18.8906
250.464,18.8907
250.484,18.9065
250.505,18.9408
250.526,18.9966
250.547,19.0785
250.557,19.1304
250.568,19.1906
250.578,19.2608
250.589,19.3404
250.599,19.4313
250.609,19.5345
250.620,19.6527
250.630,19.7851
250.641,19.9346
250.651,20.1032
250.662,20.2950
250.672,20.5093
250.682,20.7507
250.693,21.0230
250.703,21.3333
250.714,21.6809
250.724,22.0742
250.735,22.5201
250.745,23.0320
250.755,23.6099
250.766,24.2702
250.771,24.6356
250.776,25.0272
250.782,25.4555
250.787,25.9070
250.792,26.3923
250.797,26.9145
250.802,27.4771
250.808,28.0838
250.813,28.7391
250.818,29.4478
250.823,30.2308
250.828,31.0647
250.834,31.9706
250.839,32.9566
250.844,34.0316
250.849,35.2057
250.854,36.4906
250.860,37.8998
250.865,39.4798
250.870,41.1891
250.875,43.0767
250.881,45.1666
250.886,47.4865
250.891,50.0692
250.896,52.9530
250.901,56.1831
250.904,58.0142
250.907,59.8871
250.909,61.8760
250.912,63.9899
250.914,66.2389
250.917,68.6336
250.920,71.1860
250.922,73.9091
250.925,76.8172
250.927,79.9260
250.930,83.2526
250.933,86.8160
250.935,90.6369
250.938,94.7382
250.940,99.1450
250.943,103.885
250.946,108.988
250.948,114.488
250.951,120.421
250.953,126.827
250.956,133.750
250.959,141.236
250.961,149.337
250.964,158.107
250.966,167.607
250.969,177.896
250.970,183.357
250.972,189.040
250.973,194.953
250.974,201.104
250.976,207.502
250.977,214.154
250.978,221.068
250.979,228.251
250.981,235.710
250.982,243.451
250.983,251.478
250.985,259.797
250.986,268.408
250.987,277.315
250.989,286.515
250.990,295.266
250.991,305.020
250.992,314.270
250.994,324.548
250.995,334.258
250.996,345.003
250.997,355.108
250.999,366.234
251.000,376.639
251.001,388.024
251.002,398.598
251.005,420.654
251.007,443.249
251.010,464.139
251.012,483.646
251.015,501.179
251.017,516.148
251.020,528.006
251.022,536.299
251.025,540.713
251.026,541.418
251.027,541.030
251.030,537.270
251.032,529.747
251.035,518.831
251.037,505.008
251.040,488.824
251.042,470.849
251.045,451.633
251.048,430.872
251.050,410.613
251.053,390.430
251.055,370.610
251.058,351.372
251.060,332.871
251.063,315.211
251.065,298.456
251.067,285.724
251.069,273.591
251.071,262.054
251.073,251.101
251.075,240.714
251.077,230.875
251.079,221.562
251.081,213.179
251.083,204.821
251.085,196.918
251.087,189.446
251.089,182.380
251.091,175.697
251.093,169.375
251.095,163.393
251.097,158.007
251.099,152.630
251.101,147.537
251.103,142.709
251.105,138.131
251.107,133.787
251.109,129.663
251.113,122.205
251.117,115.279
251.121,109.001
251.125,103.298
251.129,98.2285
251.133,93.4773
251.137,89.1311
251.141,85.1466
251.145,81.5736
251.149,78.1963
251.153,75.0807
251.157,72.2009
251.160,69.5983
251.164,67.1196
251.168,64.8160
251.172,62.6715
251.176,60.7201
251.180,58.8494
251.184,57.1420
251.188,55.5003
251.192,53.9976
251.196,52.5489
251.200,51.1864
251.204,49.9032
251.208,48.7227
251.212,47.5789
251.216,46.4979
251.220,45.4752
251.224,44.5300
251.228,43.6103
251.232,42.7374
251.240,41.1388
251.248,39.6889
251.256,38.3693
251.264,37.1499
251.272,36.0477
251.280,35.0230
251.287,34.0915
251.295,33.2209
251.303,32.4255
251.311,31.6874
251.319,31.0011
251.327,30.3537
251.335,29.7571
251.343,29.1920
251.351,28.6693
251.359,28.1725
251.367,27.7112
251.375,27.2768
251.383,26.8669
251.391,26.4749
251.399,26.1087
251.407,25.7575
251.414,25.4286
251.430,24.8155
251.446,24.2633
251.462,23.7574
251.478,23.2951
251.494,22.8710
251.510,22.4829
251.526,22.1219
251.541,21.7874
251.557,21.4763
251.573,21.1880
251.589,20.9168
251.605,20.6626
251.621,20.4237
251.637,20.1988
251.653,19.9865
251.669,19.7858
251.684,19.5955
251.700,19.4161
251.716,19.2443
251.732,19.0806
251.764,18.7761
251.796,18.4963
251.827,18.2394
251.859,18.0009
251.891,17.7797
251.923,17.5724
251.954,17.3787
251.986,17.1958
252.018,17.0237
252.050,16.8601
252.081,16.7053
252.113,16.5573
252.145,16.4161
252.208,16.1518
252.272,15.9078
252.335,15.6809
252.399,15.4686
252.462,15.2690
252.526,15.0802
252.589,14.9010
252.653,14.7302
252.716,14.5669
252.780,14.4102
252.843,14.2596
252.907,14.1144
252.970,13.9742
253.034,13.8385
253.097,13.7071
253.161,13.5793
253.224,13.4555
253.288,13.3351
253.351,13.2181
253.415,13.1045
253.478,12.9941
253.542,12.8871
253.605,12.7836
253.669,12.6837
253.733,12.5880
253.796,12.4968
253.860,12.4110
253.923,12.3314
253.955,12.2943
253.987,12.2595
254.018,12.2268
254.050,12.1969
254.082,12.1699
254.114,12.1463
254.145,12.1265
254.177,12.1111
254.209,12.1007
254.241,12.0962
254.272,12.0985
254.304,12.1087
254.336,12.1283
254.368,12.1588
254.399,12.2025
254.431,12.2616
254.447,12.2981
254.463,12.3398
254.479,12.3872
254.495,12.4405
254.511,12.5011
254.526,12.5694
254.542,12.6463
254.558,12.7321
254.574,12.8292
254.590,12.9381
254.606,13.0604
254.622,13.1969
254.638,13.3512
254.653,13.5247
254.669,13.7201
254.685,13.9388
254.701,14.1874
254.717,14.4686
254.733,14.7875
254.749,15.1476
254.765,15.5607
254.773,15.7904
254.780,16.0332
254.788,16.2966
254.796,16.5755
254.804,16.8749
254.812,17.1964
254.820,17.5468
254.828,17.9194
254.836,18.3264
254.844,18.7603
254.852,19.2356
254.860,19.7439
254.868,20.2950
254.876,20.8933
254.884,21.5527
254.892,22.2626
254.900,23.0478
254.907,23.8964
254.915,24.8390
254.923,25.8622
254.931,26.9889
254.939,28.2327
254.947,29.6276
254.955,31.1576
254.963,32.8835
254.971,34.7881
254.979,36.9507
254.983,38.1318
254.987,39.3540
254.991,40.6858
254.995,42.0667
254.999,43.5744
255.003,45.1410
255.007,46.8551
255.011,48.6874
255.015,50.6482
255.019,52.6950
255.023,54.9451
255.027,57.3622
255.031,59.9623
255.034,62.6903
255.038,65.7055
255.042,68.9626
255.046,72.4863
255.050,76.2051
255.054,80.3401
255.058,84.7175
255.062,89.6004
255.066,94.7864
255.070,100.590
255.074,106.940
255.078,113.900
255.082,121.341
255.086,129.724
255.090,138.955
255.092,143.920
255.094,149.136
255.096,154.618
255.098,160.085
255.100,166.128
255.102,172.484
255.104,179.170
255.106,186.204
255.108,193.605
255.110,201.391
255.112,209.584
255.114,217.761
255.116,226.804
255.118,236.312
255.120,246.306
255.122,256.268
255.124,267.263
255.126,278.795
255.128,290.880
255.130,302.881
255.133,323.565
255.136,344.880
255.139,367.435
255.142,391.148
255.145,416.712
255.148,442.259
255.154,494.422
255.157,521.000
255.160,545.714
255.163,568.775
255.166,589.484
255.169,607.671
255.172,621.500
255.175,631.081
255.178,636.048
255.180,636.743
255.181,636.155
255.184,631.452
255.187,622.288
255.190,609.108
255.193,591.880
255.196,572.387
255.199,550.801
255.202,527.775
255.208,478.895
255.214,431.159
255.217,407.471
255.220,385.455
255.223,364.454
255.226,344.539
255.229,330.027
255.231,316.174
255.233,302.976
255.236,290.951
255.238,278.991
255.240,268.117
255.242,257.318
255.245,247.512
255.247,237.783
255.249,228.562
255.251,219.824
255.254,211.895
255.256,204.029
255.258,196.889
255.260,189.804
255.263,183.370
255.265,176.981
255.267,170.918
255.272,159.926
255.276,149.979
255.281,140.959
255.285,132.765
255.290,125.305
255.294,118.501
255.299,112.281
255.303,106.462
255.308,101.243
255.312,96.4433
255.317,92.0205
255.321,87.9375
255.326,84.1613
255.330,80.6626
255.335,77.4154
255.339,74.3321
255.344,71.5256
255.348,68.9081
255.353,66.4633
255.357,64.1765
255.362,62.0343
255.366,60.0250
255.371,58.1378
255.376,56.3248
255.380,54.6560
255.385,53.0828
255.389,51.5980
255.394,50.1649
255.398,48.8397
255.403,47.5849
255.407,46.3956
255.416,44.1729
255.425,42.1882
255.434,40.3891
255.443,38.7531
255.452,37.2450
255.461,35.8814
255.470,34.6306
255.479,33.4805
255.488,32.4093
255.497,31.4312
255.506,30.5258
255.515,29.6864
255.525,28.8983
255.534,28.1734
255.543,27.4908
255.552,26.8613
255.561,26.2671
255.570,25.7180
255.579,25.2045
255.588,24.7240
255.597,24.2696
255.606,23.8493
255.615,23.4566
255.624,23.0901
255.633,22.7451
255.642,22.4286
255.651,22.1361
255.660,21.8679
255.669,21.6215
255.678,21.4035
255.687,21.2104
255.696,21.0489
255.705,20.9188
255.714,20.8277
255.723,20.7806
255.728,20.7763
255.732,20.7868
255.737,20.8145
255.741,20.8604
255.746,20.9272
255.750,21.0181
255.755,21.1363
255.759,21.2861
255.764,21.4725
255.768,21.7013
255.773,21.9863
255.777,22.3237
255.780,22.5216
255.782,22.7288
255.784,22.9656
255.786,23.2130
255.789,23.4951
255.791,23.7890
255.793,24.1232
255.795,24.4705
255.798,24.8641
255.800,25.2714
255.802,25.7308
255.804,26.2036
255.807,26.7572
255.809,27.3501
255.812,27.9812
255.814,28.6194
255.823,31.4464
255.828,32.8367
255.830,33.4815
255.833,34.0315
255.835,34.5133
255.837,34.8683
255.840,35.1113
255.842,35.2115
255.845,35.1727
255.847,34.9895
255.849,34.6703
255.852,34.2499
255.854,33.7096
255.856,33.1132
255.861,31.7341
255.866,30.2581
255.870,28.7957
255.873,28.0784
255.875,27.4172
255.878,26.7583
255.880,26.1586
255.882,25.5908
255.884,25.0776
255.887,24.5930
255.889,24.1364
255.891,23.7064
255.893,23.3020
255.895,22.9217
255.898,22.5641
255.900,22.2280
255.902,21.9117
255.904,21.6142
255.906,21.3341
255.909,21.0701
255.911,20.8213
255.915,20.3646
255.920,19.9563
255.924,19.5899
255.928,19.2597
255.933,18.9609
255.937,18.6894
255.942,18.4417
255.946,18.2148
255.950,18.0061
255.955,17.8135
255.959,17.6352
255.964,17.4694
255.968,17.3148
255.972,17.1702
255.977,17.0346
255.986,16.7868
255.994,16.5652
256.003,16.3653
256.012,16.1834
256.021,16.0167
256.030,15.8630
256.038,15.7203
256.047,15.5872
256.056,15.4624
256.074,15.2339
256.091,15.0286
256.109,14.8419
256.126,14.6705
256.144,14.5119
256.162,14.3641
256.179,14.2250
256.197,14.0948
256.214,13.9718
256.232,13.8551
256.267,13.6384
256.302,13.4405
256.338,13.2583
256.373,13.0894
256.408,12.9322
256.443,12.7850
256.479,12.6465
256.514,12.5163
256.549,12.3934
256.584,12.2771
256.619,12.1669
256.655,12.0623
256.690,11.9629
256.725,11.8686
256.760,11.7788
256.795,11.6940
256.831,11.6137
256.866,11.5380
256.901,11.4670
256.936,11.4006
256.971,11.3392
257.007,11.2830
257.042,11.2322
257.077,11.1877
257.112,11.1499
257.148,11.1196
257.183,11.0977
257.218,11.0855
257.253,11.0845
257.288,11.0966
257.324,11.1241
257.341,11.1446
257.359,11.1700
257.376,11.2009
257.394,11.2378
257.412,11.2814
257.429,11.3323
257.447,11.3913
257.464,11.4594
257.482,11.5376
257.500,11.6269
257.517,11.7288
257.535,11.8448
257.552,11.9766
257.570,12.1263
257.588,12.2973
257.605,12.4904
257.623,12.7098
257.641,12.9592
257.658,13.2431
257.676,13.5668
257.693,13.9366
257.711,14.3602
257.720,14.5948
257.729,14.8465
257.737,15.1167
257.746,15.4069
257.755,15.7189
257.764,16.0547
257.773,16.4165
257.781,16.8068
257.790,17.2282
257.799,17.6838
257.808,18.1770
257.817,18.7118
257.825,19.2923
257.834,19.9236
257.843,20.6111
257.852,21.3613
257.861,22.1813
257.869,23.0793
257.878,24.0648
257.887,25.1487
257.896,26.3436
257.905,27.6641
257.913,29.1273
257.922,30.7530
257.931,32.5647
257.940,34.5902
257.949,36.8622
257.953,38.1027
257.957,39.4201
257.962,40.8206
257.966,42.3110
257.971,43.8987
257.975,45.5919
257.979,47.3997
257.984,49.3320
257.988,51.4001
257.993,53.6162
257.997,55.9941
258.001,58.5490
258.006,61.2980
258.010,64.2603
258.015,67.4573
258.019,70.9129
258.023,74.6545
258.026,76.6418
258.028,78.7124
258.030,80.8707
258.032,83.1215
258.034,85.4697
258.037,87.9208
258.039,90.4806
258.041,93.1551
258.043,95.9509
258.045,98.8751
258.048,101.935
258.050,105.139
258.052,108.495
258.054,112.013
258.056,115.702
258.059,119.573
258.061,123.637
258.063,127.907
258.065,132.395
258.067,137.115
258.070,142.083
258.072,147.314
258.074,152.827
258.076,158.639
258.078,164.771
258.081,171.244
258.083,178.082
258.085,185.310
258.087,192.954
258.089,201.044
258.092,209.611
258.094,218.688
258.096,228.312
258.098,238.520
258.100,249.353
258.103,260.857
258.105,273.076
258.107,286.062
258.109,299.867
258.111,314.545
258.114,330.156
258.116,346.759
258.118,364.416
258.120,383.191
258.122,403.147
258.125,424.346
258.127,446.849
258.129,470.709
258.131,495.976
258.133,522.686
258.135,540.445
258.136,558.799
258.139,595.867
258.142,636.568
258.144,677.844
258.147,722.486
258.150,766.921
258.153,813.880
258.155,859.308
258.158,905.657
258.161,948.584
258.164,990.047
258.166,1025.85
258.169,1057.34
258.172,1081.15
258.175,1097.58
258.177,1106.03
258.179,1107.16
258.180,1106.05
258.183,1097.74
258.186,1080.99
258.188,1057.78
258.191,1027.46
258.194,993.358
258.197,954.209
258.199,913.957
258.202,870.724
258.205,828.504
258.210,743.789
258.213,702.416
258.216,664.110
258.218,627.573
258.221,592.922
258.224,563.748
258.226,536.110
258.228,509.987
258.231,486.338
258.233,463.057
258.235,442.029
258.238,421.364
258.240,402.721
258.242,384.412
258.245,367.901
258.247,351.687
258.249,337.061
258.252,322.692
258.254,309.723
258.257,296.970
258.259,285.449
258.261,274.110
258.264,263.854
258.266,253.747
258.268,244.595
258.271,235.564
258.273,227.376
258.275,219.285
258.278,211.939
258.280,204.671
258.282,198.063
258.287,185.555
258.292,174.250
258.296,164.005
258.301,154.696
258.306,146.217
258.311,138.474
258.315,131.386
258.320,124.883
258.325,118.904
258.329,113.395
258.334,108.308
258.339,103.602
258.343,99.2405
258.348,95.1901
258.353,91.4225
258.358,87.9119
258.362,84.6356
258.367,81.5731
258.372,78.7062
258.376,76.0186
258.381,73.4955
258.386,71.1237
258.390,68.8913
258.395,66.7874
258.400,64.8024
258.405,62.9272
258.409,61.1540
258.414,59.4752
258.419,57.8843
258.428,54.9420
258.437,52.2842
258.447,49.8747
258.456,47.6830
258.466,45.6831
258.475,43.8528
258.484,42.1730
258.494,40.6272
258.503,39.2012
258.513,37.8825
258.522,36.6604
258.532,35.5137
258.541,34.4582
258.550,33.4739
258.560,32.5544
258.569,31.6940
258.579,30.8874
258.588,30.1301
258.597,29.4180
258.607,28.7474
258.616,28.1150
258.626,27.5178
258.635,26.9531
258.644,26.4186
258.654,25.9120
258.663,25.4312
258.673,24.9745
258.691,24.1267
258.710,23.3569
258.729,22.6553
258.748,22.0136
258.767,21.4248
258.785,20.8827
258.804,20.3824
258.823,19.9192
258.842,19.4871
258.861,19.0873
258.879,18.7145
258.898,18.3661
258.917,18.0398
258.936,17.7337
258.955,17.4459
258.973,17.1749
258.992,16.9193
259.011,16.6778
259.030,16.4493
259.049,16.2327
259.086,15.8320
259.124,15.4694
259.162,15.1388
259.199,14.8379
259.237,14.5621
259.274,14.3085
259.312,14.0746
259.350,13.8584
259.387,13.6581
259.425,13.4723
259.462,13.2993
259.500,13.1390
259.538,12.9900
259.575,12.8517
259.613,12.7236
259.650,12.6052
259.688,12.4964
259.726,12.3970
259.763,12.3069
259.801,12.2267
259.839,12.1566
259.876,12.0971
259.914,12.0492
259.951,12.0139
259.989,11.9928
260.027,11.9880
260.045,11.9925
260.064,12.0022
260.083,12.0175
260.102,12.0389
260.121,12.0672
260.139,12.1031
260.158,12.1475
260.177,12.2014
260.196,12.2662
260.215,12.3433
260.233,12.4347
260.252,12.5424
260.271,12.6693
260.290,12.8188
260.309,12.9951
260.327,13.2038
260.337,13.3237
260.346,13.4533
260.356,13.5949
260.365,13.7501
260.375,13.9204
260.384,14.1077
260.393,14.3142
260.403,14.5426
260.412,14.7958
260.422,15.0775
260.431,15.3921
260.440,15.7448
260.450,16.1418
260.459,16.5909
260.469,17.1015
260.473,17.3834
260.478,17.6854
260.483,18.0092
260.487,18.3571
260.492,18.7315
260.497,19.1352
260.501,19.5713
260.506,20.0433
260.511,20.5552
260.516,21.1117
260.520,21.7179
260.525,22.3800
260.530,23.1049
260.534,23.9005
260.539,24.7764
260.544,25.7432
260.548,26.8137
260.553,28.0028
260.558,29.3280
260.563,30.8098
260.567,32.4727
260.570,33.4008
260.572,34.3457
260.574,35.3941
260.577,36.4634
260.579,37.6522
260.581,38.8671
260.584,40.2203
260.586,41.6059
260.588,43.1524
260.591,44.7389
260.593,46.5128
260.595,48.3361
260.598,50.3785
260.600,52.4812
260.603,54.8402
260.605,57.2723
260.607,60.0043
260.610,62.8237
260.612,65.9930
260.614,69.2649
260.617,72.9423
260.619,76.7365
260.621,80.9957
260.624,85.3812
260.626,90.2896
260.628,95.3229
260.631,100.926
260.633,106.887
260.634,109.999
260.636,113.195
260.637,116.473
260.638,119.827
260.639,123.253
260.640,126.743
260.642,130.289
260.643,133.881
260.645,141.158
260.646,144.814
260.648,148.461
260.649,152.081
260.650,155.654
260.652,162.572
260.655,169.031
260.657,174.835
260.660,179.786
260.662,183.703
260.664,186.435
260.667,187.880
260.669,187.988
260.672,186.775
260.674,184.315
260.676,180.730
260.679,176.183
260.681,170.858
260.684,164.944
260.686,158.625
260.688,152.068
260.691,145.420
260.693,138.801
260.696,132.306
260.698,126.009
260.700,119.961
260.703,114.196
260.705,108.735
260.707,104.634
260.709,100.731
260.711,97.0222
260.713,93.5051
260.715,90.1740
260.717,87.0224
260.718,84.0430
260.720,81.2283
260.722,78.5704
260.724,76.0612
260.726,73.6929
260.728,71.4578
260.730,69.3483
260.732,67.3573
260.734,65.4778
260.736,63.7031
260.739,60.4441
260.743,57.5341
260.747,54.9328
260.751,52.6043
260.755,50.5174
260.758,48.6447
260.762,46.9626
260.766,45.4500
260.770,44.0891
260.774,42.8638
260.777,41.7605
260.781,40.7670
260.785,39.8727
260.789,39.0684
260.793,38.3458
260.796,37.6978
260.800,37.1181
260.804,36.6010
260.808,36.1416
260.812,35.7356
260.819,35.0687
260.827,34.5796
260.834,34.2353
260.842,34.0274
260.849,33.9434
260.857,33.9739
260.865,34.1116
260.872,34.3514
260.880,34.6899
260.887,35.1188
260.895,35.6491
260.903,36.2762
260.910,37.0022
260.918,37.8299
260.925,38.7636
260.933,39.8087
260.941,40.9716
260.948,42.2425
260.956,43.6646
260.963,45.2325
260.971,46.9589
260.978,48.8584
260.986,50.9478
260.994,53.2464
261.001,55.7767
261.009,58.5258
261.016,61.5964
261.024,64.9880
261.032,68.7401
261.039,72.8989
261.047,77.5182
261.054,82.6609
261.062,88.4006
261.066,91.5208
261.069,94.7345
261.073,98.2285
261.077,101.933
261.081,105.863
261.085,110.036
261.088,114.471
261.092,119.188
261.096,124.210
261.100,129.560
261.104,135.266
261.107,141.357
261.111,147.864
261.115,154.822
261.119,162.270
261.123,170.250
261.126,178.808
261.130,187.744
261.134,197.594
261.138,208.186
261.142,219.585
261.145,231.863
261.149,245.096
261.153,259.369
261.157,274.771
261.161,291.400
261.164,309.356
261.168,328.747
261.172,349.683
261.176,372.277
261.180,396.638
261.183,422.870
261.187,451.065
261.191,480.471
261.195,512.720
261.198,547.040
261.202,583.372
261.206,621.576
261.210,661.418
261.214,702.543
261.221,786.516
261.225,827.916
261.229,867.703
261.233,904.805
261.236,938.077
261.240,966.375
261.244,988.644
261.248,1004.01
261.252,1011.88
261.255,1011.97
261.259,1004.37
261.263,989.511
261.267,968.129
261.271,941.163
261.274,909.683
261.278,874.796
261.282,837.572
261.290,759.878
261.297,682.769
261.301,645.739
261.305,610.165
261.309,576.245
261.312,544.095
261.315,520.000
261.318,497.792
261.321,475.928
261.324,455.844
261.327,436.124
261.330,418.049
261.333,400.906
261.336,384.656
261.339,368.740
261.342,354.177
261.345,339.917
261.348,326.870
261.351,314.093
261.354,302.399
261.357,291.313
261.359,280.800
261.362,270.492
261.365,261.045
261.368,251.775
261.371,243.270
261.374,234.916
261.377,227.244
261.383,212.999
261.389,199.868
261.395,187.952
261.401,177.115
261.406,167.397
261.412,158.359
261.418,150.085
261.424,142.494
261.430,135.629
261.436,129.191
261.442,123.249
261.448,117.755
261.453,112.748
261.459,108.018
261.465,103.621
261.471,99.5268
261.477,95.7708
261.483,92.1999
261.489,88.8596
261.495,85.7304
261.500,82.8432
261.506,80.0830
261.512,77.4869
261.518,75.0421
261.524,72.7751
261.530,70.5973
261.536,68.5393
261.542,66.5925
261.547,64.7792
261.553,63.0300
261.559,61.3702
261.571,58.3198
261.583,55.5335
261.594,53.0229
261.606,50.7145
261.618,48.6216
261.630,46.6860
261.641,44.9214
261.653,43.2809
261.665,41.7779
261.677,40.3856
261.688,39.0929
261.700,37.8804
261.712,36.7601
261.724,35.7054
261.735,34.7273
261.747,33.8031
261.759,32.9433
261.771,32.1283
261.782,31.3678
261.794,30.6448
261.806,29.9683
261.818,29.3234
261.829,28.7184
261.841,28.1402
261.853,27.5965
261.876,26.5850
261.900,25.6691
261.923,24.8364
261.947,24.0766
261.970,23.3810
261.994,22.7419
262.017,22.1532
262.041,21.6091
262.064,21.1071
262.088,20.6387
262.111,20.2026
262.135,19.7956
262.158,19.4150
262.182,19.0582
262.205,18.7232
262.229,18.4081
262.252,18.1111
262.276,17.8306
262.299,17.5655
262.323,17.3144
262.346,17.0762
262.370,16.8500
262.393,16.6348
262.440,16.2353
262.487,15.8704
262.534,15.5362
262.581,15.2289
262.628,14.9452
262.675,14.6823
262.722,14.4379
262.769,14.2099
262.816,13.9970
262.863,13.7968
262.910,13.6084
262.957,13.4308
263.004,13.2629
263.051,13.1039
263.098,12.9530
263.145,12.8096
263.192,12.6733
263.239,12.5432
263.286,12.4190
263.333,12.3005
263.380,12.1874
263.427,12.0795
263.474,11.9767
263.521,11.8791
263.568,11.7869
263.615,11.7001
263.662,11.6194
263.709,11.5459
263.732,11.5122
263.756,11.4808
263.779,11.4521
263.803,11.4264
263.826,11.4042
263.850,11.3861
263.873,11.3728
263.897,11.3653
263.920,11.3649
263.944,11.3730
263.956,11.3811
263.967,11.3920
263.979,11.4065
263.991,11.4247
264.003,11.4475
264.014,11.4750
264.026,11.5086
264.038,11.5484
264.050,11.5963
264.061,11.6527
264.073,11.7200
264.085,11.7990
264.097,11.8933
264.102,11.9468
264.108,12.0041
264.114,12.0676
264.120,12.1356
264.126,12.2112
264.132,12.2923
264.138,12.3825
264.143,12.4814
264.149,12.5898
264.155,12.7069
264.161,12.8378
264.167,12.9822
264.173,13.1417
264.179,13.3151
264.185,13.5106
264.190,13.7280
264.196,13.9704
264.202,14.2366
264.208,14.5400
264.214,14.8812
264.220,15.2664
264.223,15.4739
264.226,15.6948
264.229,15.9385
264.232,16.1900
264.235,16.4680
264.237,16.7555
264.240,17.0740
264.243,17.4042
264.246,17.7582
264.249,18.1382
264.252,18.5613
264.255,19.0020
264.258,19.4940
264.261,20.0078
264.264,20.5829
264.267,21.1854
264.270,21.8381
264.273,22.5465
264.276,23.3440
264.279,24.1841
264.282,25.1327
264.284,26.1349
264.287,27.2696
264.290,28.4716
264.293,29.7883
264.296,31.2321
264.299,32.8740
264.302,34.6195
264.305,36.5365
264.308,38.6416
264.311,41.0351
264.314,43.5742
264.317,46.3498
264.320,49.3739
264.322,52.0694
264.324,54.9395
264.327,57.9787
264.329,61.0390
264.331,64.3667
264.334,67.8015
264.336,71.3011
264.339,74.6643
264.341,78.1169
264.343,81.4311
264.346,84.5149
264.348,87.1635
264.350,89.5130
264.353,91.3509
264.355,92.6031
264.358,93.2066
264.360,93.1923
264.362,92.5284
264.365,91.2527
264.367,89.5143
264.369,87.2405
264.372,84.5874
264.374,81.6499
264.377,78.6524
264.379,75.4145
264.381,72.1350
264.386,65.8086
264.388,62.7076
264.391,59.7309
264.393,56.8952
264.396,54.3190
264.398,51.7822
264.400,49.4963
264.403,47.3500
264.405,45.3386
264.407,43.3777
264.410,41.6238
264.412,39.9855
264.414,38.4558
264.417,36.9677
264.419,35.6381
264.421,34.3962
264.423,33.2358
264.426,32.1510
264.428,31.1362
264.430,30.1862
264.433,29.2962
264.435,28.4267
264.437,27.6459
264.440,26.9126
264.442,26.2233
264.444,25.5749
264.447,24.9642
264.449,24.3887
264.451,23.8458
264.454,23.3116
264.456,22.8285
264.458,22.3715
264.460,21.9388
264.465,21.1403
264.470,20.4212
264.474,19.7581
264.479,19.1706
264.484,18.6255
264.488,18.1397
264.493,17.6864
264.498,17.2802
264.502,16.9070
264.507,16.5633
264.511,16.2394
264.516,15.9465
264.521,15.6748
264.525,15.4225
264.530,15.1828
264.535,14.9642
264.539,14.7599
264.544,14.5688
264.548,14.3860
264.553,14.2181
264.558,14.0569
264.562,13.9085
264.567,13.7655
264.572,13.6336
264.581,13.3907
264.590,13.1702
264.599,12.9735
264.609,12.7934
264.618,12.6314
264.627,12.4817
264.636,12.3461
264.646,12.2200
264.655,12.1050
264.664,11.9973
264.673,11.8985
264.683,11.8056
264.692,11.7198
264.701,11.6387
264.710,11.5628
264.729,11.4250
264.747,11.3024
264.766,11.1927
264.785,11.0932
264.803,11.0035
264.822,10.9217
264.840,10.8469
264.859,10.7778
264.877,10.7145
264.896,10.6560
264.914,10.6020
264.933,10.5519
264.951,10.5055
264.970,10.4627
264.988,10.4232
265.007,10.3867
265.025,10.3535
265.044,10.3236
265.062,10.2968
265.081,10.2732
265.099,10.2533
265.118,10.2371
265.136,10.2249
265.155,10.2172
265.173,10.2146
265.192,10.2177
265.210,10.2274
265.229,10.2450
265.247,10.2717
265.266,10.3095
265.275,10.3335
265.284,10.3609
265.294,10.3928
265.303,10.4293
265.312,10.4712
265.322,10.5184
265.331,10.5728
265.340,10.6341
265.349,10.7047
265.359,10.7842
265.368,10.8759
265.377,10.9807
265.386,11.1007
265.396,11.2369
265.405,11.3953
265.414,11.5762
265.419,11.6793
265.423,11.7881
265.428,11.9054
265.433,12.0321
265.437,12.1722
265.442,12.3207
265.447,12.4854
265.451,12.6606
265.456,12.8554
265.461,13.0633
265.465,13.2902
265.470,13.5383
265.474,13.8163
265.479,14.1153
265.484,14.4443
265.488,14.8071
265.493,15.2175
265.498,15.6632
265.502,16.1586
265.507,16.7108
265.511,17.3423
265.516,18.0363
265.518,18.4151
265.521,18.8173
265.523,19.2445
265.525,19.6989
265.528,20.2042
265.530,20.7208
265.532,21.2716
265.535,21.8594
265.537,22.4873
265.539,23.1587
265.541,23.8770
265.544,24.6464
265.546,25.5082
265.548,26.3957
265.551,27.3485
265.553,28.3723
265.555,29.4730
265.558,30.6572
265.560,31.9317
265.562,33.3040
265.565,34.8486
265.567,36.4452
265.569,38.1641
265.572,40.0138
265.574,42.0024
265.576,44.1377
265.578,46.4262
265.581,48.8731
265.583,51.5984
265.586,54.4986
265.588,57.5678
265.590,60.6562
265.593,64.0117
265.595,67.4718
265.597,70.9928
265.600,74.3718
265.602,77.8346
265.605,81.1509
265.607,84.2275
265.609,86.8595
265.612,89.1807
265.614,90.9156
265.616,92.1439
265.619,92.7171
265.621,92.6642
265.623,91.9555
265.626,90.6303
265.628,88.8414
265.631,86.5131
265.633,83.8055
265.635,80.8145
265.638,77.7677
265.642,71.1567
265.647,64.7531
265.650,61.6184
265.652,58.7342
265.654,55.8658
265.657,53.2609
265.659,50.5936
265.662,48.0970
265.664,45.7674
265.667,43.5985
265.669,41.5826
265.672,39.7107
265.674,37.9737
265.676,36.4244
265.679,34.9249
265.681,33.5335
265.684,32.2418
265.686,31.0418
265.689,29.9263
265.691,28.8886
265.694,27.9222
265.696,27.0564
265.699,26.2137
265.701,25.4267
265.704,24.6911
265.706,24.0026
265.709,23.3576
265.711,22.7527
265.714,22.1849
265.716,21.6719
265.719,21.1687
265.721,20.6948
265.724,20.2481
265.726,19.8267
265.729,19.4286
265.731,19.0523
265.736,18.3722
265.741,17.7479
265.746,17.1851
265.751,16.6760
265.756,16.2228
265.761,15.8015
265.766,15.4170
265.771,15.0651
265.776,14.7483
265.781,14.4507
265.786,14.1763
265.791,13.9226
265.796,13.6922
265.801,13.4738
265.806,13.2707
265.811,13.0815
265.816,12.9082
265.821,12.7428
265.826,12.5878
265.831,12.4424
265.836,12.3084
265.846,12.0583
265.856,11.8376
265.866,11.6379
265.875,11.4598
265.885,11.2972
265.895,11.1509
265.905,11.0161
265.915,10.8939
265.925,10.7805
265.935,10.6771
265.945,10.5804
265.955,10.4916
265.965,10.4090
265.975,10.3319
265.995,10.1915
266.015,10.0676
266.035,9.95729
266.054,9.85833
266.074,9.76892
266.094,9.68763
266.114,9.61330
266.134,9.54497
266.154,9.48188
266.174,9.42336
266.214,9.31801
266.253,9.22558
266.293,9.14388
266.333,9.07080
266.373,9.00531
266.413,8.94653
266.452,8.89384
266.492,8.84683
266.532,8.80525
266.572,8.76900
266.611,8.73817
266.651,8.71275
266.691,8.69307
266.731,8.67948
266.771,8.67248
266.810,8.67266
266.850,8.68078
266.890,8.69775
266.930,8.72457
266.970,8.76269
267.009,8.81363
267.049,8.87924
267.089,8.96178
267.129,9.06392
267.169,9.18890
267.208,9.34065
267.248,9.52340
267.268,9.62856
267.288,9.74388
267.308,9.87028
267.328,10.0088
267.348,10.1606
267.367,10.3271
267.387,10.5095
267.407,10.7097
267.427,10.9293
267.447,11.1706
267.467,11.4357
267.487,11.7274
267.507,12.0487
267.527,12.4030
267.547,12.7941
267.566,13.2244
267.586,13.7033
267.606,14.2346
267.626,14.8253
267.646,15.4834
267.666,16.2182
267.686,17.0408
267.706,17.9641
267.726,19.0034
267.745,20.1772
267.755,20.8244
267.765,21.5072
267.775,22.2426
267.785,23.0199
267.795,23.8588
267.805,24.7473
267.815,25.7084
267.825,26.7285
267.835,27.8347
267.845,29.0118
267.855,30.2915
267.865,31.6569
267.875,33.1300
267.885,34.7217
267.895,36.4624
267.905,38.3313
267.915,40.3820
267.924,42.5915
267.934,45.0252
267.944,47.6576
267.954,50.5690
267.964,53.7318
267.974,57.2458
267.984,61.0816
267.989,63.1686
267.994,65.3648
267.999,67.6777
268.004,70.0652
268.009,72.6330
268.014,75.3432
268.019,78.2058
268.024,81.1694
268.029,84.3670
268.034,87.7524
268.039,91.3400
268.044,95.0668
268.049,99.1013
268.054,103.388
268.059,107.948
268.064,112.701
268.069,117.867
268.074,123.377
268.079,129.261
268.084,135.420
268.089,142.141
268.094,149.341
268.099,157.062
268.104,165.179
268.109,174.077
268.114,183.650
268.119,193.964
268.123,204.857
268.128,216.850
268.133,229.813
268.138,243.840
268.143,258.719
268.148,275.168
268.153,293.018
268.158,312.405
268.163,333.035
268.168,355.903
268.173,380.773
268.178,407.818
268.183,436.605
268.188,468.484
268.193,502.344
268.198,539.719
268.203,579.230
268.208,619.878
268.212,662.271
268.217,707.177
268.221,754.431
268.226,803.750
268.231,854.702
268.240,958.922
268.244,1010.42
268.249,1060.01
268.254,1106.37
268.258,1148.09
268.263,1183.77
268.267,1212.09
268.272,1231.96
268.277,1242.63
268.279,1244.41
268.281,1243.67
268.286,1235.11
268.291,1217.61
268.295,1192.05
268.300,1159.58
268.304,1121.51
268.309,1079.19
268.314,1033.93
268.323,939.240
268.332,845.038
268.337,799.738
268.341,756.186
268.346,714.632
268.350,675.225
268.355,634.905
268.360,597.939
268.365,563.446
268.370,531.337
268.375,500.913
268.380,473.262
268.385,447.617
268.390,423.842
268.395,401.370
268.400,380.970
268.405,362.051
268.409,344.498
268.414,327.885
268.419,312.776
268.424,298.732
268.429,285.672
268.434,273.280
268.439,261.979
268.444,251.449
268.449,241.632
268.454,232.296
268.459,223.764
268.464,215.801
268.469,208.367
268.474,201.290
268.478,194.821
268.483,188.785
268.488,183.156
268.493,177.808
268.498,172.934
268.503,168.406
268.508,164.208
268.513,160.251
268.518,156.682
268.523,153.410
268.528,150.427
268.533,147.677
268.538,145.268
268.542,143.141
268.547,141.298
268.552,139.716
268.557,138.466
268.562,137.525
268.567,136.906
268.572,136.628
268.577,136.725
268.582,137.217
268.587,138.139
268.592,139.570
268.597,141.506
268.602,144.033
268.606,147.228
268.609,149.144
268.611,151.273
268.614,153.628
268.616,156.119
268.619,158.970
268.621,161.973
268.624,165.399
268.626,168.996
268.629,173.090
268.631,177.567
268.634,182.458
268.636,187.576
268.639,193.384
268.641,199.452
268.643,206.330
268.646,213.509
268.648,221.634
268.651,230.470
268.653,240.069
268.656,250.052
268.658,261.298
268.661,272.954
268.663,286.031
268.666,299.513
268.668,315.163
268.671,331.231
268.673,348.266
268.676,366.201
268.678,384.916
268.681,404.239
268.683,423.931
268.686,443.679
268.688,463.859
268.691,482.444
268.693,499.704
268.696,515.091
268.698,528.058
268.701,538.105
268.703,544.818
268.706,547.914
268.708,547.165
268.711,542.680
268.713,534.722
268.716,523.647
268.718,509.911
268.721,494.031
268.723,476.538
268.726,457.944
268.731,418.480
268.736,380.177
268.738,361.795
268.741,344.132
268.743,327.283
268.746,311.301
268.748,299.750
268.750,289.283
268.751,279.275
268.753,269.718
268.755,260.107
268.757,251.440
268.759,243.182
268.761,235.320
268.762,227.430
268.764,220.326
268.768,207.129
268.770,200.672
268.772,194.856
268.775,184.042
268.779,173.962
268.782,165.055
268.786,156.723
268.790,149.332
268.793,142.391
268.797,136.208
268.801,130.526
268.804,125.296
268.808,120.342
268.812,115.890
268.815,111.655
268.819,107.834
268.823,104.185
268.826,100.879
268.830,97.7095
268.833,94.8276
268.837,92.0546
268.841,89.5244
268.844,87.0816
268.848,84.8454
268.852,82.6795
268.855,80.6908
268.859,78.8098
268.863,77.0283
268.866,75.2932
268.870,73.6912
268.877,70.6791
268.884,67.9475
268.892,65.4592
268.899,63.1832
268.906,61.0934
268.914,59.1676
268.921,57.4105
268.928,55.7574
268.935,54.2197
268.943,52.7855
268.950,51.4444
268.957,50.1872
268.965,49.0062
268.972,47.8943
268.979,46.8593
268.986,45.8673
268.994,44.9280
269.001,44.0372
269.008,43.1911
269.023,41.6196
269.037,40.1993
269.052,38.8913
269.067,37.6902
269.081,36.5827
269.096,35.5646
269.110,34.6125
269.125,33.7258
269.140,32.8978
269.154,32.1277
269.169,31.3997
269.183,30.7151
269.198,30.0698
269.212,29.4645
269.227,28.8879
269.242,28.3416
269.256,27.8232
269.271,27.3338
269.285,26.8648
269.300,26.4179
269.329,25.5871
269.358,24.8249
269.387,24.1276
269.416,23.4830
269.446,22.8892
269.475,22.3367
269.504,21.8248
269.533,21.3460
269.562,20.9003
269.591,20.4815
269.620,20.0900
269.650,19.7208
269.679,19.3745
269.708,19.0470
269.737,18.7389
269.766,18.4468
269.795,18.1716
269.825,17.9102
269.854,17.6636
269.883,17.4293
269.912,17.2083
269.941,16.9987
269.970,16.8013
269.999,16.6147
270.029,16.4400
270.058,16.2762
270.087,16.1248
270.116,15.9853
270.145,15.8597
270.174,15.7487
270.189,15.6995
270.203,15.6552
270.218,15.6157
270.233,15.5819
270.247,15.5543
270.262,15.5339
270.276,15.5212
270.291,15.5177
270.306,15.5246
270.320,15.5436
270.335,15.5770
270.349,15.6274
270.357,15.6600
270.364,15.6982
270.371,15.7426
270.378,15.7931
270.386,15.8518
270.393,15.9188
270.400,15.9953
270.408,16.0822
270.415,16.1809
270.422,16.2929
270.429,16.4198
270.437,16.5618
270.444,16.7249
270.451,16.9102
270.459,17.1210
270.466,17.3613
270.473,17.6357
270.480,17.9501
270.484,18.1268
270.488,18.3112
270.491,18.5090
270.495,18.7214
270.499,18.9562
270.502,19.2023
270.506,19.4750
270.510,19.7613
270.513,20.0795
270.517,20.4145
270.521,20.7876
270.524,21.1817
270.528,21.6219
270.531,22.0882
270.535,22.6109
270.539,23.1665
270.542,23.7914
270.546,24.4581
270.550,25.1896
270.553,25.9937
270.557,26.9054
270.561,27.8859
270.564,29.0022
270.568,30.2080
270.572,31.5868
270.575,33.0826
270.579,34.7512
270.581,35.6576
270.582,36.6162
270.584,37.6886
270.586,38.7658
270.588,39.9063
270.590,41.1144
270.592,42.4676
270.593,43.8281
270.595,45.2700
270.597,46.7978
270.599,48.5094
270.601,50.2298
270.602,52.0514
270.604,53.9790
270.606,56.0173
270.608,58.1705
270.610,60.4420
270.611,62.8346
270.614,66.2157
270.616,69.8141
270.619,73.6231
270.621,77.6273
270.623,81.8008
270.626,86.1050
270.628,90.4862
270.631,94.6925
270.633,99.0060
270.635,103.142
270.638,106.984
270.640,110.279
270.642,113.195
270.645,115.469
270.647,117.008
270.650,117.736
270.652,117.690
270.654,116.832
270.657,115.209
270.659,112.900
270.662,110.007
270.664,106.645
270.666,102.933
270.669,99.1504
270.673,90.9408
270.678,82.9815
270.681,79.0820
270.683,75.3394
270.685,71.7744
270.688,68.5355
270.690,65.3461
270.692,62.3510
270.695,59.5464
270.697,57.0313
270.700,54.5792
270.702,52.2938
270.704,50.1652
270.707,48.2630
270.709,46.4123
270.711,44.6889
270.714,43.0836
270.716,41.6478
270.719,40.2487
270.721,38.9432
270.723,37.7240
270.726,36.6304
270.728,35.5615
270.730,34.5606
270.733,33.6227
270.735,32.7784
270.738,31.9501
270.740,31.1716
270.742,30.4392
270.745,29.7775
270.747,29.1259
270.749,28.5111
270.752,27.9305
270.754,27.4040
270.757,26.8837
270.759,26.4110
270.764,25.5171
270.768,24.6936
270.773,23.9637
270.778,23.2870
270.783,22.6836
270.787,22.1208
270.792,21.6162
270.797,21.1430
270.802,20.7165
270.806,20.3145
270.811,19.9505
270.816,19.6060
270.821,19.2926
270.825,18.9947
270.830,18.7227
270.835,18.4683
270.839,18.2301
270.844,18.0020
270.849,17.7922
270.854,17.5906
270.858,17.4046
270.863,17.2254
270.868,17.0596
270.877,16.7507
270.887,16.4727
270.896,16.2212
270.906,15.9926
270.915,15.7861
270.925,15.5948
270.934,15.4187
270.944,15.2563
270.953,15.1057
270.963,14.9658
270.972,14.8354
270.982,14.7135
270.991,14.6003
271.001,14.4928
271.010,14.3916
271.020,14.2959
271.029,14.2054
271.048,14.0380
271.067,13.8870
271.086,13.7483
271.105,13.6210
271.124,13.5033
271.143,13.3945
271.162,13.2923
271.181,13.1965
271.200,13.1063
271.219,13.0215
271.238,12.9407
271.257,12.8642
271.295,12.7210
271.333,12.5890
271.371,12.4670
271.409,12.3527
271.447,12.2457
271.485,12.1443
271.522,12.0483
271.560,11.9565
271.598,11.8691
271.674,11.7042
271.750,11.5509
271.826,11.4071
271.902,11.2716
271.978,11.1429
272.054,11.0200
272.130,10.9024
272.205,10.7894
272.281,10.6805
272.357,10.5752
272.433,10.4733
272.509,10.3744
272.585,10.2782
272.661,10.1844
272.737,10.0929
272.812,10.0036
272.888,9.91610
272.964,9.83044
273.040,9.74648
273.116,9.66425
273.192,9.58346
273.268,9.50418
273.344,9.42638
273.420,9.35007
273.495,9.27528
273.571,9.20208
273.647,9.13057
273.723,9.06101
273.799,8.99342
273.875,8.92819
273.951,8.86571
274.027,8.80656
274.102,8.75124
274.178,8.70071
274.216,8.67756
274.254,8.65612
274.292,8.63653
274.330,8.61902
274.368,8.60383
274.406,8.59135
274.444,8.58189
274.482,8.57593
274.520,8.57395
274.558,8.57655
274.596,8.58448
274.634,8.59854
274.672,8.61984
274.710,8.64953
274.748,8.68929
274.785,8.74080
274.823,8.80667
274.861,8.88952
274.880,8.93863
274.899,8.99323
274.918,9.05454
274.937,9.12264
274.956,9.19909
274.975,9.28451
274.994,9.38005
275.013,9.48641
275.032,9.60624
275.051,9.74081
275.070,9.89225
275.089,10.0621
275.108,10.2553
275.127,10.4745
275.146,10.7242
275.165,11.0082
275.184,11.3363
275.193,11.5188
275.203,11.7132
275.212,11.9248
275.222,12.1534
275.231,12.4007
275.241,12.6657
275.250,12.9565
275.260,13.2728
275.269,13.6179
275.279,13.9950
275.288,14.4084
275.298,14.8626
275.307,15.3632
275.317,15.9105
275.326,16.5237
275.336,17.2062
275.345,17.9687
275.355,18.8242
275.364,19.7882
275.369,20.3224
275.374,20.8797
275.378,21.4869
275.383,22.1219
275.388,22.8007
275.392,23.5274
275.397,24.3237
275.402,25.1616
275.407,26.0828
275.411,27.0554
275.416,28.1284
275.421,29.2656
275.426,30.5252
275.430,31.8654
275.435,33.3562
275.440,34.9495
275.445,36.7300
275.449,38.6423
275.454,40.7900
275.459,43.1089
275.464,45.6705
275.468,48.5083
275.473,51.7324
275.478,55.2553
275.480,57.2112
275.483,59.2838
275.485,61.4820
275.487,63.7153
275.490,66.1882
275.492,68.8179
275.495,71.6168
275.497,74.4704
275.499,77.6413
275.502,80.8798
275.504,84.4845
275.506,88.1724
275.509,92.2840
275.511,96.6868
275.513,101.405
275.516,106.247
275.518,111.660
275.521,117.473
275.523,123.716
275.525,130.136
275.528,137.324
275.530,145.048
275.532,153.346
275.535,161.871
275.537,171.400
275.539,181.168
275.542,192.052
275.544,203.165
275.547,216.009
275.549,229.645
275.552,244.039
275.554,259.130
275.557,274.812
275.559,290.934
275.562,307.288
275.564,322.957
275.567,338.928
275.569,354.159
275.572,368.216
275.574,380.645
275.577,390.993
275.579,398.851
275.582,403.889
275.584,405.871
275.586,404.881
275.589,400.837
275.591,393.935
275.594,384.490
275.596,372.900
275.599,359.607
275.601,345.061
275.604,330.318
275.609,298.621
275.614,267.502
275.616,252.662
275.619,238.465
275.621,224.981
275.624,212.743
275.626,200.745
275.629,189.505
275.631,179.005
275.634,169.217
275.636,160.106
275.639,151.633
275.641,143.760
275.644,136.728
275.646,129.914
275.649,123.583
275.651,117.699
275.654,112.228
275.656,107.139
275.659,102.402
275.661,97.9881
275.664,94.0326
275.666,90.1828
275.669,86.5879
275.671,83.2280
275.674,80.0852
275.676,77.1428
275.679,74.3857
275.681,71.8000
275.683,69.4672
275.686,67.1816
275.688,65.0328
275.691,63.0110
275.693,61.1072
275.698,57.6212
275.703,54.5755
275.708,51.7972
275.713,49.3103
275.718,47.0791
275.723,45.1113
275.728,43.3011
275.733,41.6683
275.738,40.1935
275.743,38.8855
275.748,37.6765
275.753,36.5821
275.758,35.5911
275.763,34.7111
275.768,33.8979
275.773,33.1767
275.778,32.5119
275.783,31.9244
275.793,30.9027
275.803,30.0988
275.813,29.4699
275.823,29.0082
275.833,28.6885
275.843,28.5049
275.852,28.4444
275.862,28.5006
275.872,28.6713
275.882,28.9506
275.892,29.3436
275.902,29.8432
275.912,30.4624
275.922,31.1927
275.932,32.0457
275.942,33.0287
275.952,34.1632
275.962,35.4380
275.972,36.8926
275.982,38.5144
275.992,40.3558
275.997,41.3602
276.002,42.4029
276.007,43.5300
276.012,44.7246
276.017,45.9911
276.021,47.3064
276.026,48.7293
276.031,50.2391
276.036,51.8418
276.041,53.5090
276.046,55.3157
276.051,57.2368
276.056,59.2808
276.061,61.4123
276.066,63.7285
276.071,66.1985
276.076,68.8350
276.081,71.5935
276.086,74.6017
276.091,77.7553
276.096,81.2016
276.101,84.8225
276.106,88.7885
276.111,93.0540
276.116,97.6477
276.121,102.499
276.126,107.841
276.131,113.619
276.136,119.879
276.141,126.530
276.146,133.901
276.148,137.827
276.151,141.927
276.153,146.209
276.156,150.683
276.158,155.362
276.161,160.055
276.163,165.167
276.166,170.519
276.168,176.127
276.171,181.764
276.173,187.917
276.176,194.373
276.178,201.152
276.180,207.981
276.183,215.451
276.185,223.308
276.188,231.576
276.190,240.282
276.193,249.454
276.195,259.125
276.198,269.326
276.200,279.652
276.203,291.000
276.205,302.993
276.208,315.675
276.210,329.093
276.213,343.299
276.215,358.348
276.218,374.298
276.220,390.517
276.223,408.420
276.225,427.424
276.228,447.604
276.230,469.041
276.233,491.820
276.235,516.031
276.238,541.768
276.240,568.000
276.243,597.011
276.245,627.842
276.248,660.593
276.250,693.934
276.253,730.733
276.255,769.730
276.258,810.998
276.260,852.805
276.263,911.932
276.266,972.887
276.269,1039.49
276.273,1107.31
276.276,1180.29
276.279,1253.21
276.285,1401.86
276.288,1477.37
276.291,1547.56
276.294,1612.94
276.298,1671.52
276.301,1722.76
276.304,1761.60
276.307,1788.28
276.310,1801.79
276.312,1803.42
276.313,1801.42
276.316,1787.37
276.320,1759.56
276.323,1721.04
276.326,1671.10
276.329,1614.76
276.332,1552.54
276.335,1486.30
276.341,1346.01
276.348,1209.14
276.351,1141.34
276.354,1078.28
276.357,1018.14
276.360,961.121
276.363,903.949
276.367,850.414
276.370,800.438
276.373,753.892
276.377,710.612
276.380,670.411
276.383,633.094
276.386,599.477
276.390,567.268
276.393,537.373
276.396,509.612
276.400,483.818
276.403,459.835
276.406,437.518
276.410,416.733
276.413,397.925
276.416,379.808
276.419,362.887
276.423,347.065
276.426,332.258
276.429,318.385
276.433,305.374
276.436,293.159
276.439,282.017
276.442,271.198
276.446,261.010
276.449,251.407
276.452,242.614
276.455,234.043
276.459,225.941
276.462,218.276
276.465,211.231
276.469,204.341
276.472,197.805
276.478,185.704
276.485,174.763
276.492,164.983
276.498,155.944
276.505,147.699
276.511,140.158
276.518,133.344
276.524,126.982
276.531,121.120
276.538,115.708
276.544,110.775
276.551,106.128
276.557,101.875
276.564,97.8545
276.570,94.1619
276.577,90.6594
276.584,87.3839
276.590,84.3161
276.597,81.4807
276.603,78.7751
276.610,76.2301
276.616,73.8332
276.623,71.6061
276.630,69.4700
276.636,67.4509
276.643,65.5401
276.649,63.7566
276.662,60.4316
276.675,57.4272
276.689,54.6826
276.702,52.2047
276.715,49.9425
276.728,47.8709
276.741,45.9545
276.754,44.2038
276.767,42.5876
276.780,41.0921
276.794,39.6948
276.807,38.4063
276.820,37.1974
276.833,36.0781
276.846,35.0241
276.859,34.0446
276.872,33.1258
276.886,32.2624
276.899,31.4440
276.912,30.6787
276.925,29.9565
276.938,29.2740
276.951,28.6235
276.964,28.0120
276.977,27.4320
276.991,26.8812
277.017,25.8557
277.043,24.9256
277.069,24.0787
277.096,23.3075
277.122,22.5976
277.148,21.9470
277.174,21.3444
277.201,20.7889
277.227,20.2717
277.253,19.7908
277.280,19.3425
277.306,18.9254
277.332,18.5334
277.358,18.1671
277.385,17.8215
277.411,17.4974
277.437,17.1905
277.463,16.9007
277.490,16.6265
277.516,16.3676
277.542,16.1211
277.568,15.8877
277.595,15.6648
277.621,15.4532
277.673,15.0572
277.726,14.6960
277.778,14.3643
277.831,14.0587
277.884,13.7755
277.936,13.5130
277.989,13.2686
278.041,13.0402
278.094,12.8258
278.146,12.6247
278.199,12.4353
278.251,12.2564
278.304,12.0867
278.356,11.9260
278.409,11.7733
278.461,11.6278
278.514,11.4887
278.566,11.3559
278.619,11.2288
278.671,11.1069
278.724,10.9896
278.776,10.8771
278.829,10.7688
278.881,10.6646
278.934,10.5641
278.987,10.4676
279.039,10.3749
279.092,10.2862
279.144,10.2016
279.197,10.1221
279.249,10.0486
279.275,10.0146
279.302,9.98312
279.328,9.95431
279.354,9.92902
279.381,9.90818
279.407,9.89316
279.420,9.88833
279.433,9.88574
279.446,9.88572
279.459,9.88874
279.472,9.89543
279.486,9.90640
279.499,9.92258
279.512,9.94512
279.525,9.97574
279.538,10.0159
279.551,10.0688
279.558,10.1009
279.564,10.1369
279.571,10.1785
279.578,10.2260
279.584,10.2801
279.591,10.3410
279.597,10.4117
279.604,10.4915
279.610,10.5846
279.617,10.6902
279.623,10.8142
279.630,10.9583
279.637,11.1264
279.643,11.3203
279.646,11.4314
279.650,11.5522
279.653,11.6837
279.656,11.8226
279.660,11.9787
279.663,12.1496
279.666,12.3368
279.669,12.5358
279.673,12.7612
279.676,13.0094
279.679,13.2834
279.683,13.5863
279.686,13.9218
279.689,14.2941
279.692,14.7080
279.696,15.1540
279.699,15.6658
279.702,16.2370
279.706,16.8749
279.709,17.5645
279.710,17.9620
279.712,18.3571
279.714,18.8004
279.715,19.2406
279.719,20.2229
279.722,21.2757
279.724,22.1324
279.727,23.0075
279.729,23.9341
279.731,24.9086
279.736,27.0218
279.740,29.1698
279.743,30.2753
279.745,31.2931
279.747,32.2427
279.750,33.0952
279.752,33.8217
279.754,34.3956
279.757,34.7949
279.759,35.0041
279.760,35.0351
279.761,35.0123
279.764,34.8209
279.766,34.4456
279.768,33.9045
279.771,33.1889
279.773,32.3863
279.775,31.4974
279.778,30.5492
279.782,28.5259
279.787,26.5598
279.789,25.6151
279.791,24.7068
279.794,23.8401
279.796,23.0179
279.799,21.9823
279.802,21.0297
279.805,20.1573
279.808,19.3608
279.812,18.6348
279.815,17.9737
279.818,17.3718
279.821,16.8236
279.824,16.3240
279.827,15.8681
279.830,15.4516
279.833,15.0706
279.836,14.7215
279.839,14.4011
279.843,14.1065
279.846,13.8436
279.849,13.5927
279.852,13.3609
279.855,13.1462
279.858,12.9472
279.861,12.7624
279.864,12.5904
279.867,12.4302
279.870,12.2806
279.877,12.0100
279.883,11.7721
279.889,11.5619
279.895,11.3780
279.901,11.2109
279.907,11.0610
279.914,10.9259
279.920,10.8037
279.926,10.6926
279.932,10.5912
279.938,10.4984
279.945,10.4145
279.951,10.3358
279.957,10.2631
279.969,10.1329
279.982,10.0197
279.994,9.92108
280.006,9.83289
280.019,9.75404
280.031,9.68301
280.044,9.61903
280.056,9.56009
280.068,9.50592
280.081,9.45585
280.093,9.40968
280.118,9.32543
280.143,9.25100
280.167,9.18398
280.192,9.12287
280.217,9.06631
280.241,9.01390
280.291,8.91811
280.340,8.83167
280.390,8.75231
280.439,8.67809
280.489,8.60807
280.538,8.54148
280.588,8.47789
280.637,8.41668
280.687,8.35768
280.736,8.30071
280.786,8.24577
280.835,8.19255
280.885,8.14115
280.934,8.09161
280.984,8.04406
281.033,7.99843
281.083,7.95495
281.132,7.91382
281.181,7.87536
281.231,7.83969
281.280,7.80726
281.330,7.77851
281.379,7.75400
281.429,7.73426
281.478,7.72012
281.528,7.71247
281.577,7.71243
281.627,7.72132
281.676,7.74079
281.726,7.77282
281.775,7.81974
281.800,7.84985
281.825,7.88476
281.850,7.92527
281.874,7.97158
281.899,8.02471
281.924,8.08493
281.948,8.15321
281.973,8.23045
281.998,8.31803
282.023,8.41639
282.047,8.52763
282.072,8.65235
282.097,8.79328
282.122,8.95123
282.146,9.12901
282.171,9.32922
282.196,9.55587
282.221,9.81068
282.245,10.0999
282.270,10.4261
282.295,10.7977
282.320,11.2186
282.344,11.6985
282.369,12.2472
282.381,12.5522
282.394,12.8793
282.406,13.2304
282.418,13.6044
282.431,14.0098
282.443,14.4463
282.456,14.9168
282.468,15.4204
282.480,15.9688
282.493,16.5623
282.505,17.2055
282.517,17.8978
282.530,18.6563
282.542,19.4752
282.555,20.3756
282.567,21.3515
282.579,22.4285
282.592,23.6105
282.604,24.9107
282.616,26.3322
282.623,27.1039
282.629,27.9158
282.635,28.7705
282.641,29.6710
282.647,30.6204
282.654,31.6221
282.660,32.6799
282.666,33.7793
282.672,34.9605
282.678,36.2110
282.684,37.5359
282.691,38.9409
282.697,40.4324
282.703,42.0173
282.709,43.7030
282.715,45.4682
282.722,47.3797
282.728,49.4196
282.734,51.5992
282.740,53.8921
282.746,56.3871
282.752,59.0633
282.759,61.9378
282.765,64.9781
282.771,68.3051
282.777,71.8949
282.783,75.7746
282.790,79.9750
282.796,84.5306
282.802,89.4809
282.808,94.8706
282.814,100.652
282.817,103.789
282.820,107.071
282.824,110.507
282.827,114.106
282.830,117.878
282.833,121.833
282.836,125.983
282.839,130.340
282.842,134.918
282.845,139.731
282.848,144.795
282.851,150.127
282.855,155.744
282.858,161.666
282.861,167.914
282.864,174.293
282.867,181.253
282.870,188.613
282.873,196.403
282.876,204.654
282.879,213.402
282.882,222.684
282.885,232.541
282.889,243.018
282.892,254.163
282.895,266.031
282.898,278.679
282.901,292.170
282.904,306.574
282.907,321.967
282.910,338.430
282.913,355.467
282.916,374.307
282.919,394.509
282.923,416.188
282.926,439.468
282.929,464.485
282.932,491.383
282.935,520.317
282.938,550.412
282.941,583.842
282.944,619.820
282.947,658.532
282.950,700.163
282.953,744.893
282.957,792.892
282.960,844.306
282.963,897.418
282.966,959.721
282.969,1024.00
282.972,1091.96
282.976,1163.34
282.979,1237.67
282.982,1314.28
282.988,1470.38
282.992,1549.51
282.995,1623.02
282.998,1691.36
283.001,1752.40
283.004,1804.04
283.008,1844.34
283.011,1871.70
283.014,1885.05
283.016,1886.25
283.017,1883.64
283.021,1867.76
283.024,1838.46
283.027,1797.10
283.030,1745.48
283.033,1685.58
283.037,1619.47
283.040,1549.13
283.046,1400.44
283.053,1255.60
283.056,1186.17
283.059,1119.52
283.062,1056.02
283.065,995.865
283.069,928.899
283.073,866.764
283.077,809.320
283.081,757.690
283.084,708.824
283.088,663.887
283.092,622.585
283.096,585.582
283.099,550.605
283.103,518.432
283.107,488.815
283.111,462.216
283.115,436.991
283.118,413.699
283.122,392.165
283.126,372.737
283.130,354.225
283.133,337.044
283.137,321.079
283.141,306.602
283.145,292.736
283.149,279.801
283.152,267.719
283.156,256.709
283.160,246.111
283.164,236.176
283.167,226.852
283.171,218.314
283.175,210.060
283.179,202.286
283.183,194.959
283.186,188.221
283.190,181.679
283.194,175.494
283.198,169.640
283.201,164.236
283.209,153.974
283.216,144.831
283.224,136.441
283.232,128.919
283.239,121.974
283.247,115.712
283.254,109.898
283.262,104.629
283.269,99.7142
283.277,95.2388
283.284,91.0452
283.292,87.2106
283.300,83.6031
283.307,80.2917
283.315,77.1649
283.322,74.2848
283.330,71.5561
283.337,69.0346
283.345,66.6384
283.352,64.4176
283.360,62.3011
283.367,60.3342
283.375,58.4549
283.383,56.7040
283.390,55.0271
283.398,53.4611
283.405,51.9579
283.413,50.5511
283.428,47.9290
283.443,45.5572
283.458,43.4039
283.473,41.4424
283.488,39.6499
283.503,38.0070
283.518,36.4970
283.534,35.1053
283.549,33.8278
283.564,32.6365
283.579,31.5308
283.594,30.5024
283.609,29.5440
283.624,28.6490
283.639,27.8117
283.654,27.0270
283.669,26.2905
283.684,25.5980
283.700,24.9460
283.715,24.3311
283.730,23.7506
283.745,23.2016
283.760,22.6819
283.775,22.1893
283.790,21.7218
283.820,20.8552
283.851,20.0697
283.881,19.3551
283.911,18.7025
283.941,18.1047
283.971,17.5555
284.002,17.0495
284.032,16.5836
284.062,16.1511
284.092,15.7501
284.122,15.3777
284.152,15.0317
284.183,14.7098
284.213,14.4104
284.243,14.1321
284.273,13.8736
284.303,13.6340
284.334,13.4128
284.364,13.2097
284.394,13.0244
284.424,12.8575
284.454,12.7096
284.485,12.5819
284.515,12.4767
284.545,12.3959
284.575,12.3439
284.590,12.3304
284.605,12.3262
284.620,12.3326
284.636,12.3507
284.651,12.3822
284.666,12.4290
284.681,12.4932
284.696,12.5778
284.711,12.6863
284.726,12.8229
284.741,12.9934
284.756,13.2046
284.764,13.3290
284.771,13.4656
284.779,13.6194
284.787,13.7882
284.794,13.9786
284.802,14.1880
284.809,14.4247
284.817,14.6858
284.824,14.9821
284.832,15.3103
284.839,15.6845
284.847,16.1011
284.855,16.5789
284.862,17.1144
284.870,17.7330
284.877,18.4320
284.881,18.8247
284.885,19.2466
284.889,19.7003
284.892,20.1757
284.896,20.7017
284.900,21.2699
284.904,21.8846
284.907,22.5324
284.911,23.2536
284.915,24.0376
284.919,24.8915
284.922,25.7976
284.926,26.8138
284.930,27.9268
284.934,29.1485
284.938,30.4553
284.941,31.9329
284.945,33.5652
284.949,35.3726
284.953,37.3229
284.956,39.5477
284.960,42.0278
284.964,44.7987
284.968,47.8143
284.970,49.4984
284.972,51.2827
284.973,53.1737
284.975,55.1785
284.977,57.3046
284.979,59.5597
284.981,61.9518
284.983,64.3519
284.985,67.0350
284.987,69.8803
284.989,72.8962
284.990,75.9185
284.992,79.2907
284.994,82.8570
284.996,86.6237
284.998,90.3814
285.000,95.9106
285.003,101.800
285.005,108.039
285.008,114.335
285.010,121.173
285.013,128.236
285.015,135.437
285.018,142.376
285.020,149.495
285.023,156.337
285.025,162.716
285.028,168.216
285.030,173.103
285.033,176.949
285.035,179.599
285.037,180.922
285.040,180.981
285.042,179.710
285.045,177.184
285.047,173.698
285.050,169.119
285.052,163.760
285.055,157.812
285.057,151.724
285.060,145.151
285.062,138.488
285.067,125.613
285.070,119.304
285.072,113.246
285.075,107.474
285.077,102.220
285.080,96.4579
285.083,91.2752
285.085,86.4511
285.088,81.9715
285.091,77.8191
285.093,73.9741
285.096,70.4162
285.099,67.1249
285.102,63.9717
285.104,61.1623
285.107,58.5613
285.110,56.1519
285.112,53.9184
285.115,51.8462
285.118,49.9220
285.120,48.1336
285.123,46.4105
285.126,44.8652
285.129,43.4248
285.131,42.0808
285.134,40.8255
285.137,39.6520
285.139,38.5539
285.142,37.5254
285.145,36.5267
285.148,35.6242
285.153,33.9802
285.158,32.5260
285.164,31.2359
285.169,30.0684
285.175,29.0476
285.180,28.1358
285.186,27.3199
285.191,26.5762
285.196,25.9221
285.202,25.3353
285.207,24.8088
285.213,24.3283
285.218,23.9060
285.224,23.5283
285.229,23.1911
285.240,22.6253
285.251,22.1862
285.261,21.8540
285.272,21.6216
285.283,21.4745
285.294,21.4078
285.305,21.4148
285.316,21.4914
285.326,21.6348
285.337,21.8440
285.348,22.1215
285.359,22.4632
285.370,22.8772
285.381,23.3589
285.392,23.9209
285.402,24.5579
285.413,25.2805
285.424,26.0959
285.435,27.0216
285.446,28.0507
285.457,29.2143
285.467,30.5050
285.478,31.9635
285.489,33.5821
285.500,35.3963
285.511,37.4325
285.516,38.5648
285.522,39.7450
285.527,40.9980
285.532,42.3291
285.538,43.7713
285.543,45.2787
285.549,46.8836
285.554,48.5940
285.560,50.4532
285.565,52.4031
285.570,54.4870
285.576,56.7164
285.581,59.1039
285.587,61.6638
285.592,64.4118
285.597,67.3655
285.603,70.6055
285.608,74.0364
285.614,77.7394
285.619,81.7422
285.625,86.1597
285.630,90.8669
285.633,93.3703
285.635,95.9808
285.638,98.7041
285.641,101.547
285.644,104.627
285.646,107.733
285.649,110.980
285.652,114.376
285.654,117.929
285.657,121.649
285.660,125.545
285.662,129.629
285.665,133.912
285.668,138.406
285.671,143.125
285.673,148.082
285.676,153.292
285.679,158.774
285.681,164.543
285.684,170.619
285.687,177.267
285.690,184.035
285.692,191.177
285.695,198.721
285.698,206.694
285.700,215.126
285.703,224.052
285.706,233.505
285.709,243.908
285.711,254.560
285.714,265.868
285.717,277.881
285.719,290.653
285.722,304.240
285.725,318.705
285.727,334.116
285.730,351.174
285.733,368.741
285.736,387.492
285.738,407.517
285.741,428.912
285.744,451.781
285.746,476.232
285.749,502.378
285.752,530.339
285.755,560.237
285.757,592.196
285.760,626.338
285.763,662.785
285.765,701.645
285.768,743.017
285.771,786.974
285.774,840.689
285.777,897.868
285.780,958.412
285.783,1022.09
285.786,1088.51
285.789,1157.08
285.796,1297.09
285.799,1366.11
285.802,1432.43
285.805,1494.23
285.808,1549.60
285.811,1596.63
285.814,1633.56
285.817,1658.92
285.820,1671.52
285.823,1671.75
285.826,1659.13
285.830,1634.39
285.833,1598.76
285.836,1553.80
285.839,1501.32
285.842,1443.18
285.845,1381.15
285.851,1251.75
285.857,1123.43
285.861,1061.84
285.864,1002.69
285.867,946.310
285.870,894.569
285.874,825.379
285.876,792.242
285.878,762.013
285.881,731.779
285.883,704.251
285.885,677.981
285.887,652.924
285.889,627.924
285.891,605.201
285.895,562.906
285.898,542.323
285.900,523.618
285.904,488.789
285.908,456.396
285.912,427.624
285.917,400.799
285.921,376.903
285.925,354.555
285.929,334.581
285.934,315.836
285.938,299.025
285.942,283.193
285.946,268.618
285.951,255.176
285.955,243.037
285.959,231.525
285.963,221.093
285.968,211.170
285.972,202.149
285.976,193.541
285.980,185.692
285.985,178.181
285.989,171.314
285.993,164.725
285.997,158.684
286.002,152.872
286.006,147.531
286.010,142.381
286.015,137.527
286.019,132.948
286.023,128.720
286.027,124.625
286.032,120.838
286.036,117.161
286.040,113.754
286.049,107.365
286.057,101.581
286.066,96.3288
286.074,91.5439
286.083,87.1719
286.091,83.1660
286.100,79.4858
286.108,76.0965
286.117,72.9676
286.125,70.0726
286.134,67.3883
286.142,64.8943
286.151,62.5462
286.159,60.3825
286.168,58.3611
286.176,56.4692
286.185,54.6958
286.193,53.0308
286.202,51.4653
286.210,49.9913
286.219,48.5857
286.227,47.2746
286.236,46.0352
286.244,44.8623
286.253,43.7509
286.261,42.6967
286.278,40.7440
286.295,38.9663
286.312,37.3606
286.329,35.8960
286.346,34.5558
286.363,33.3256
286.380,32.1931
286.397,31.1475
286.414,30.1798
286.431,29.2768
286.448,28.4421
286.465,27.6641
286.482,26.9375
286.500,26.2537
286.517,25.6164
286.534,25.0178
286.551,24.4546
286.568,23.9209
286.585,23.4202
286.602,22.9469
286.619,22.4989
286.636,22.0743
286.653,21.6714
286.687,20.9244
286.721,20.2452
286.755,19.6287
286.789,19.0637
286.823,18.5474
286.857,18.0713
286.891,17.6340
286.925,17.2301
286.959,16.8566
286.993,16.5100
287.027,16.1900
287.061,15.8932
287.095,15.6198
287.129,15.3673
287.163,15.1366
287.197,14.9267
287.231,14.7377
287.265,14.5699
287.299,14.4253
287.333,14.3049
287.350,14.2549
287.367,14.2122
287.385,14.1769
287.402,14.1501
287.419,14.1322
287.436,14.1240
287.453,14.1265
287.470,14.1405
287.487,14.1675
287.504,14.2087
287.521,14.2662
287.538,14.3414
287.555,14.4368
287.572,14.5552
287.589,14.7006
287.606,14.8753
287.623,15.0846
287.640,15.3340
287.657,15.6321
287.674,15.9836
287.682,16.1829
287.691,16.3999
287.699,16.6362
287.708,16.8934
287.716,17.1738
287.725,17.4794
287.733,17.8128
287.742,18.1769
287.750,18.5748
287.759,19.0102
287.767,19.4871
287.776,20.0103
287.784,20.5921
287.793,21.2252
287.801,21.9230
287.810,22.6935
287.818,23.5462
287.827,24.4918
287.835,25.5429
287.844,26.7143
287.853,28.0397
287.861,29.5090
287.870,31.1613
287.874,32.0758
287.878,33.0256
287.882,34.0603
287.887,35.1369
287.891,36.3123
287.895,37.5377
287.899,38.8785
287.904,40.2794
287.908,41.8158
287.912,43.4250
287.916,45.1942
287.921,47.0980
287.925,49.1498
287.929,51.3107
287.933,53.6999
287.938,56.2239
287.942,59.0234
287.946,61.9907
287.950,65.2932
287.955,68.8061
287.959,72.7304
287.961,74.7789
287.963,76.9208
287.965,79.2705
287.967,81.6207
287.970,84.0816
287.972,86.6601
287.974,89.4950
287.976,92.3365
287.978,95.3186
287.980,98.4500
287.982,101.901
287.984,105.368
287.987,109.015
287.989,112.853
287.991,117.093
287.993,121.364
287.995,125.867
287.997,130.618
287.999,135.879
288.001,141.191
288.004,146.806
288.006,152.744
288.008,159.336
288.010,166.008
288.012,173.076
288.014,180.568
288.016,188.904
288.018,197.358
288.021,206.331
288.023,215.860
288.025,226.479
288.027,237.264
288.029,248.724
288.031,260.902
288.033,274.479
288.035,288.267
288.038,302.911
288.040,318.454
288.042,335.749
288.044,353.265
288.046,371.798
288.048,391.376
288.050,405.018
288.051,418.109
288.052,432.663
288.054,446.597
288.055,462.045
288.056,476.790
288.059,507.371
288.062,540.500
288.064,574.729
288.067,609.644
288.070,643.399
288.072,677.929
288.075,711.123
288.078,742.067
288.080,768.827
288.083,792.515
288.086,810.548
288.088,823.591
288.091,830.202
288.094,830.658
288.096,824.653
288.099,812.552
288.102,795.711
288.104,773.610
288.107,747.709
288.110,718.944
288.112,689.386
288.115,657.561
288.118,625.291
288.123,562.817
288.126,532.239
288.128,503.937
288.131,475.896
288.134,450.285
288.137,418.918
288.140,389.952
288.144,363.317
288.147,339.581
288.150,317.167
288.154,296.673
288.157,277.940
288.161,261.297
288.164,245.594
288.167,231.221
288.171,218.051
288.174,206.312
288.177,195.189
288.181,184.958
288.184,175.536
288.188,167.090
288.191,159.041
288.194,151.595
288.198,144.695
288.201,138.475
288.204,132.512
288.208,126.962
288.211,121.791
288.215,117.101
288.218,112.581
288.221,108.352
288.225,104.389
288.228,100.777
288.231,97.2781
288.235,93.9878
288.238,90.8899
288.242,88.0534
288.245,85.2933
288.248,82.6862
288.252,80.2209
288.255,77.9543
288.258,75.7399
288.262,73.6399
288.269,69.8071
288.275,66.2873
288.282,63.1390
288.289,60.2292
288.296,57.6107
288.302,55.1766
288.309,52.9741
288.316,50.9162
288.323,49.0450
288.329,47.2884
288.336,45.6842
288.343,44.1718
288.350,42.7850
288.356,41.4726
288.363,40.2648
288.370,39.1178
288.377,38.0587
288.383,37.0496
288.390,36.1150
288.397,35.2220
288.404,34.3925
288.410,33.5978
288.417,32.8577
288.424,32.1469
288.431,31.4833
288.437,30.8444
288.444,30.2467
288.458,29.1294
288.471,28.1158
288.485,27.1928
288.498,26.3494
288.512,25.5761
288.525,24.8649
288.539,24.2091
288.552,23.6024
288.566,23.0400
288.579,22.5172
288.593,22.0301
288.606,21.5753
288.620,21.1498
288.633,20.7509
288.647,20.3762
288.660,20.0237
288.674,19.6914
288.687,19.3777
288.701,19.0811
288.714,18.8003
288.728,18.5340
288.755,18.0408
288.782,17.5939
288.809,17.1872
288.836,16.8155
288.863,16.4745
288.890,16.1606
288.917,15.8708
288.944,15.6025
288.971,15.3536
288.997,15.1230
289.024,14.9075
289.051,14.7066
289.078,14.5194
289.105,14.3449
289.132,14.1824
289.159,14.0314
289.186,13.8915
289.213,13.7626
289.240,13.6447
289.267,13.5381
289.294,13.4433
289.321,13.3611
289.348,13.2927
289.375,13.2396
289.402,13.2044
289.416,13.1944
289.429,13.1900
289.443,13.1920
289.456,13.2009
289.470,13.2175
289.483,13.2428
289.497,13.2779
289.510,13.3241
289.524,13.3829
289.537,13.4561
289.551,13.5462
289.564,13.6556
289.578,13.7878
289.591,13.9467
289.605,14.1374
289.612,14.2474
289.618,14.3660
289.625,14.4979
289.632,14.6403
289.639,14.7988
289.645,14.9702
289.652,15.1613
289.659,15.3683
289.666,15.5997
289.672,15.8510
289.679,16.1327
289.686,16.4397
289.693,16.7850
289.699,17.1629
289.706,17.5899
289.713,18.0593
289.720,18.5923
289.726,19.1816
289.733,19.8548
289.740,20.6039
289.743,21.0210
289.747,21.4657
289.750,21.9402
289.753,22.4318
289.757,22.9729
289.760,23.5522
289.764,24.1732
289.767,24.8193
289.770,25.5338
289.774,26.3025
289.777,27.1307
289.780,27.9967
289.784,28.9596
289.787,30.0013
289.791,31.1299
289.794,32.3172
289.797,33.6450
289.801,35.0906
289.804,36.6670
289.807,38.3359
289.811,40.2149
289.814,42.2744
289.818,44.5357
289.821,46.9460
289.824,49.6781
289.828,52.6928
289.831,56.0243
289.834,59.5973
289.838,63.6697
289.841,68.1855
289.845,73.1956
289.848,78.5824
289.851,84.7272
289.855,91.3207
289.856,94.9753
289.858,98.8128
289.860,102.838
289.861,106.802
289.864,113.609
289.866,120.581
289.869,127.959
289.871,135.716
289.874,144.134
289.877,152.491
289.879,161.007
289.882,169.550
289.884,178.292
289.887,186.362
289.889,193.885
289.892,200.630
289.894,206.370
289.897,210.894
289.899,214.027
289.902,215.649
289.903,215.875
289.904,215.675
289.907,214.121
289.909,211.106
289.912,206.778
289.914,201.087
289.917,194.691
289.919,187.614
289.922,180.069
289.924,171.935
289.927,164.010
289.932,148.392
289.934,140.892
289.937,133.684
289.939,126.809
289.942,120.289
289.944,114.613
289.947,109.249
289.949,104.190
289.951,99.6302
289.953,95.1438
289.956,90.9318
289.958,86.9803
289.960,83.4310
289.962,79.9473
289.965,76.6813
289.967,73.6191
289.969,70.8683
289.972,68.1664
289.974,65.6302
289.976,63.2485
289.978,61.1048
289.981,58.9946
289.983,57.0091
289.985,55.1395
289.987,53.4522
289.990,51.7867
289.992,50.2148
289.994,48.7303
289.997,47.3866
289.999,46.0561
290.001,44.7967
290.006,42.5202
290.010,40.4663
290.015,38.6079
290.019,36.8860
290.024,35.3550
290.028,33.9287
290.033,32.6539
290.037,31.4603
290.042,30.3883
290.047,29.3799
290.051,28.4702
290.056,27.6107
290.060,26.8321
290.065,26.0937
290.069,25.4222
290.074,24.7830
290.078,24.1997
290.083,23.6544
290.087,23.1437
290.092,22.6544
290.096,22.2051
290.101,21.7735
290.106,21.3762
290.110,20.9934
290.115,20.6401
290.124,19.9832
290.133,19.3944
290.142,18.8644
290.151,18.3854
290.160,17.9555
290.169,17.5596
290.178,17.1982
290.187,16.8673
290.196,16.5667
290.205,16.2868
290.215,16.0285
290.224,15.7897
290.233,15.5707
290.242,15.3652
290.251,15.1740
290.260,14.9960
290.269,14.8299
290.287,14.5300
290.305,14.2689
290.324,14.0383
290.342,13.8357
290.360,13.6576
290.378,13.5024
290.396,13.3661
290.414,13.2480
290.433,13.1470
290.451,13.0627
290.469,12.9934
290.487,12.9396
290.505,12.9009
290.523,12.8777
290.542,12.8705
290.560,12.8801
290.578,12.9077
290.596,12.9545
290.614,13.0228
290.632,13.1149
290.651,13.2337
290.669,13.3819
290.687,13.5657
290.696,13.6723
290.705,13.7899
290.714,13.9192
290.723,14.0613
290.732,14.2174
290.741,14.3867
290.751,14.5744
290.760,14.7804
290.769,15.0063
290.778,15.2514
290.787,15.5233
290.796,15.8222
290.805,16.1509
290.814,16.5087
290.823,16.9073
290.832,17.3473
290.841,17.8339
290.850,18.3728
290.860,18.9711
290.869,19.6365
290.878,20.3785
290.887,21.1983
290.896,22.1270
290.905,23.1712
290.914,24.3492
290.919,24.9877
290.923,25.6673
290.928,26.4079
290.932,27.1811
290.937,28.0255
290.941,28.9089
290.946,29.8759
290.950,30.8901
290.955,31.9779
290.959,33.1461
290.964,34.4315
290.968,35.7867
290.973,37.2822
290.978,38.8639
290.982,40.6148
290.987,42.4728
290.991,44.5367
290.996,46.7347
291.000,49.1857
291.005,51.8063
291.009,54.7405
291.014,57.8914
291.019,61.4351
291.023,65.2582
291.028,69.4803
291.032,74.1548
291.034,76.7383
291.037,79.4652
291.039,82.3456
291.041,85.2543
291.043,88.4671
291.046,91.8679
291.048,95.4706
291.050,99.1191
291.053,103.161
291.055,107.452
291.057,112.011
291.059,116.642
291.062,121.786
291.064,127.019
291.066,132.840
291.068,138.770
291.071,145.375
291.073,152.428
291.075,159.962
291.077,167.655
291.080,176.243
291.082,185.431
291.084,195.263
291.087,205.315
291.089,216.546
291.090,222.716
291.091,228.567
291.092,235.168
291.093,241.427
291.096,254.561
291.097,262.084
291.098,269.210
291.100,284.140
291.101,292.676
291.102,300.749
291.105,317.619
291.106,328.046
291.107,338.817
291.109,349.929
291.110,361.380
291.111,373.162
291.112,385.268
291.114,397.683
291.115,410.391
291.116,423.370
291.118,436.595
291.120,463.647
291.123,491.225
291.125,518.905
291.128,546.160
291.131,572.362
291.133,596.808
291.136,618.743
291.138,637.415
291.141,652.131
291.144,662.314
291.146,667.566
291.149,667.708
291.151,662.795
291.154,653.110
291.157,639.130
291.159,621.474
291.162,600.844
291.164,577.970
291.167,553.552
291.170,528.232
291.172,502.566
291.177,451.944
291.180,427.628
291.183,404.266
291.185,381.988
291.188,360.870
291.191,333.605
291.193,320.832
291.195,308.621
291.197,296.960
291.199,285.835
291.202,265.665
291.204,256.007
291.206,246.810
291.208,238.051
291.209,229.711
291.213,214.208
291.216,200.519
291.220,187.719
291.224,176.087
291.227,165.501
291.231,156.109
291.234,147.278
291.238,139.203
291.242,131.805
291.245,125.197
291.249,118.942
291.252,113.181
291.256,107.866
291.259,103.086
291.263,98.5292
291.267,94.3043
291.270,90.3805
291.274,86.8287
291.277,83.4219
291.281,80.2434
291.284,77.2738
291.288,74.5700
291.292,71.9622
291.295,69.5817
291.299,67.2798
291.302,65.1734
291.306,63.1317
291.309,61.2072
291.313,59.3910
291.316,57.7215
291.320,56.0963
291.324,54.5578
291.331,51.7544
291.338,49.1901
291.345,46.9012
291.352,44.8210
291.359,42.9247
291.366,41.1675
291.374,39.5797
291.381,38.1005
291.388,36.7569
291.395,35.4990
291.402,34.3511
291.409,33.2861
291.416,32.2959
291.424,31.3610
291.431,30.5010
291.438,29.6861
291.445,28.9338
291.452,28.2186
291.459,27.5563
291.466,26.9247
291.474,26.3381
291.481,25.7771
291.488,25.2547
291.495,24.7538
291.502,24.2861
291.509,23.8366
291.516,23.4161
291.531,22.6362
291.545,21.9244
291.559,21.2770
291.574,20.6860
291.588,20.1483
291.602,19.6506
291.616,19.1920
291.631,18.7681
291.645,18.3779
291.659,18.0128
291.673,17.6728
291.688,17.3555
291.702,17.0587
291.716,16.7805
291.731,16.5193
291.745,16.2735
291.759,16.0434
291.773,15.8247
291.788,15.6178
291.802,15.4219
291.816,15.2373
291.831,15.0608
291.845,14.8928
291.873,14.5814
291.902,14.2965
291.931,14.0356
291.959,13.7957
291.988,13.5749
292.016,13.3696
292.045,13.1792
292.073,13.0010
292.102,12.8348
292.130,12.6782
292.159,12.5308
292.188,12.3917
292.216,12.2606
292.245,12.1358
292.273,12.0177
292.302,11.9048
292.330,11.7976
292.388,11.5961
292.445,11.4112
292.502,11.2401
292.559,11.0809
292.616,10.9318
292.673,10.7920
292.730,10.6603
292.787,10.5356
292.845,10.4171
292.902,10.3046
292.959,10.1974
293.016,10.0951
293.073,9.99739
293.130,9.90428
293.187,9.81556
293.244,9.73123
293.302,9.65127
293.359,9.57620
293.416,9.50627
293.473,9.44204
293.530,9.38418
293.559,9.35801
293.587,9.33397
293.616,9.31207
293.644,9.29269
293.673,9.27594
293.701,9.26223
293.730,9.25179
293.759,9.24506
293.787,9.24248
293.816,9.24456
293.844,9.25191
293.873,9.26517
293.901,9.28525
293.930,9.31295
293.958,9.34959
293.987,9.39641
294.016,9.45497
294.044,9.52687
294.073,9.61482
294.101,9.72088
294.130,9.84900
294.158,10.0022
294.173,10.0901
294.187,10.1863
294.201,10.2916
294.216,10.4068
294.230,10.5329
294.244,10.6710
294.258,10.8223
294.273,10.9869
294.287,11.1686
294.301,11.3681
294.316,11.5874
294.330,11.8269
294.344,12.0924
294.358,12.3852
294.373,12.7087
294.387,13.0639
294.401,13.4603
294.415,13.9004
294.430,14.3902
294.444,14.9365
294.458,15.5473
294.473,16.2321
294.487,17.0020
294.501,17.8639
294.515,18.8457
294.523,19.3892
294.530,19.9609
294.537,20.5800
294.544,21.2325
294.551,21.9305
294.558,22.6780
294.565,23.4910
294.573,24.3521
294.580,25.2911
294.587,26.2883
294.594,27.3788
294.601,28.5402
294.608,29.7958
294.615,31.1554
294.623,32.6519
294.630,34.2564
294.637,36.0289
294.644,37.9368
294.651,40.0532
294.658,42.3410
294.662,43.5851
294.665,44.8533
294.669,46.2219
294.672,47.6187
294.676,49.1280
294.680,50.7157
294.683,52.3870
294.687,54.0975
294.690,55.9509
294.694,57.9063
294.698,59.9709
294.701,62.0903
294.705,64.3940
294.708,66.8324
294.712,69.4156
294.715,72.0765
294.719,74.9790
294.722,77.9743
294.726,81.2477
294.730,84.6323
294.733,88.3388
294.737,92.2926
294.740,96.5150
294.744,100.900
294.747,105.723
294.751,110.892
294.755,116.438
294.758,122.225
294.762,128.623
294.765,135.514
294.769,142.948
294.772,150.748
294.774,154.996
294.776,159.416
294.780,168.536
294.781,173.514
294.783,178.702
294.785,184.109
294.787,189.427
294.788,195.295
294.790,201.418
294.792,207.810
294.794,214.485
294.796,221.459
294.797,228.747
294.799,236.366
294.801,243.881
294.803,252.196
294.805,260.898
294.806,270.008
294.808,279.547
294.810,289.539
294.812,300.009
294.814,310.982
294.815,321.831
294.817,333.860
294.819,346.474
294.821,359.704
294.822,373.581
294.824,388.137
294.826,403.406
294.828,419.421
294.830,435.262
294.831,452.826
294.833,471.235
294.835,490.523
294.837,509.575
294.838,530.660
294.840,552.710
294.842,575.746
294.844,598.424
294.847,639.200
294.850,682.603
294.852,728.558
294.855,776.889
294.858,827.297
294.861,879.331
294.864,932.364
294.867,985.575
294.870,1037.94
294.873,1088.25
294.876,1135.13
294.879,1177.13
294.881,1212.80
294.884,1240.81
294.887,1260.04
294.890,1269.57
294.893,1269.77
294.896,1260.21
294.899,1241.47
294.902,1214.45
294.905,1180.37
294.907,1140.58
294.910,1096.48
294.913,1049.44
294.916,1000.69
294.919,951.297
294.925,853.951
294.928,807.226
294.931,762.352
294.934,719.578
294.936,680.407
294.940,631.947
294.944,588.392
294.947,548.274
294.951,511.425
294.954,477.636
294.958,446.685
294.962,418.344
294.965,392.392
294.969,367.985
294.973,346.240
294.976,326.284
294.980,307.952
294.983,291.089
294.987,275.557
294.991,261.233
294.994,248.002
294.998,235.439
295.001,224.128
295.005,213.636
295.009,203.889
295.012,194.822
295.016,186.375
295.019,178.496
295.023,171.136
295.027,164.252
295.030,157.805
295.034,151.760
295.037,146.085
295.041,140.750
295.045,135.731
295.048,131.001
295.052,126.541
295.056,122.217
295.059,118.244
295.063,114.485
295.066,110.925
295.070,107.551
295.074,104.350
295.081,98.4207
295.088,93.0564
295.095,88.1872
295.102,83.7539
295.110,79.7057
295.117,75.9498
295.124,72.5510
295.131,69.4231
295.138,66.5377
295.146,63.8701
295.153,61.3986
295.160,59.1042
295.167,56.9702
295.175,54.9549
295.182,53.1003
295.189,51.3662
295.196,49.7422
295.203,48.1983
295.211,46.7685
295.218,45.4236
295.225,44.1566
295.232,42.9455
295.240,41.8180
295.247,40.7518
295.254,39.7426
295.261,38.7861
295.268,37.8788
295.283,36.1981
295.297,34.6665
295.312,33.2849
295.326,32.0251
295.340,30.8728
295.355,29.8086
295.369,28.8366
295.384,27.9399
295.398,27.1106
295.413,26.3367
295.427,25.6228
295.442,24.9537
295.456,24.3339
295.470,23.7506
295.485,23.2082
295.499,22.6994
295.514,22.2213
295.528,21.7683
295.543,21.3444
295.557,20.9441
295.571,20.5658
295.586,20.2053
295.600,19.8661
295.615,19.5441
295.629,19.2383
295.644,18.9454
295.658,18.6685
295.687,18.1511
295.716,17.6792
295.745,17.2488
295.773,16.8521
295.802,16.4877
295.831,16.1497
295.860,15.8375
295.889,15.5462
295.918,15.2748
295.947,15.0212
295.975,14.7846
296.004,14.5619
296.033,14.3531
296.062,14.1557
296.091,13.9701
296.120,13.7939
296.149,13.6271
296.178,13.4688
296.206,13.3189
296.235,13.1758
296.264,13.0398
296.322,12.7857
296.380,12.5527
296.437,12.3388
296.495,12.1412
296.553,11.9579
296.610,11.7872
296.668,11.6277
296.726,11.4782
296.783,11.3376
296.841,11.2047
296.899,11.0793
296.957,10.9604
297.014,10.8474
297.072,10.7396
297.130,10.6369
297.188,10.5388
297.245,10.4448
297.303,10.3546
297.361,10.2683
297.418,10.1854
297.476,10.1058
297.534,10.0295
297.592,9.95652
297.649,9.88683
297.707,9.82068
297.765,9.75828
297.794,9.72870
297.822,9.70042
297.851,9.67336
297.880,9.64784
297.909,9.62388
297.938,9.60187
297.967,9.58192
297.996,9.56449
298.025,9.55001
298.053,9.53907
298.082,9.53231
298.111,9.53070
298.126,9.53220
298.140,9.53544
298.154,9.54064
298.169,9.54805
298.183,9.55803
298.198,9.57075
298.212,9.58678
298.227,9.60636
298.241,9.63027
298.255,9.65883
298.270,9.69291
298.284,9.73340
298.299,9.78173
298.313,9.83852
298.328,9.90566
298.342,9.98507
298.349,10.0308
298.356,10.0799
298.364,10.1334
298.371,10.1917
298.378,10.2555
298.385,10.3251
298.392,10.4012
298.400,10.4847
298.407,10.5775
298.414,10.6781
298.421,10.7889
298.429,10.9110
298.436,11.0459
298.443,11.1951
298.450,11.3607
298.457,11.5448
298.465,11.7531
298.472,11.9830
298.479,12.2408
298.486,12.5310
298.493,12.8586
298.497,13.0383
298.501,13.2299
298.504,13.4343
298.508,13.6525
298.511,13.8859
298.515,14.1357
298.519,14.4110
298.522,14.6989
298.526,15.0081
298.530,15.3408
298.533,15.6993
298.537,16.0862
298.540,16.5042
298.544,16.9567
298.548,17.4472
298.551,17.9799
298.555,18.5594
298.558,19.1910
298.562,19.8807
298.566,20.6352
298.569,21.4622
298.573,22.3707
298.576,23.4000
298.580,24.5062
298.584,25.7292
298.587,27.0843
298.591,28.5891
298.594,30.2635
298.596,31.1715
298.598,32.1307
298.600,33.1446
298.602,34.2167
298.603,35.3510
298.605,36.5514
298.607,37.8222
298.609,39.1681
298.611,40.5936
298.612,42.1039
298.614,43.7040
298.616,45.3994
298.618,47.1954
298.620,49.0976
298.621,51.1113
298.623,53.2421
298.625,55.4949
298.627,57.8744
298.629,60.3845
298.630,63.0283
298.633,66.7641
298.635,70.7401
298.638,74.9491
298.640,79.3745
298.642,83.9884
298.645,88.7488
298.647,93.5973
298.650,98.2561
298.652,103.039
298.654,107.633
298.657,111.911
298.659,115.739
298.662,118.986
298.664,121.527
298.666,123.263
298.669,124.106
298.671,124.100
298.673,123.201
298.676,121.460
298.678,118.962
298.681,115.817
298.683,112.153
298.685,108.096
298.688,103.957
298.690,99.4848
298.693,94.9533
298.695,90.4443
298.697,86.0224
298.700,81.7363
298.702,77.6207
298.705,73.6984
298.707,70.1332
298.709,66.7631
298.711,63.5882
298.714,60.6053
298.716,57.9264
298.718,55.3004
298.721,52.8446
298.723,50.5495
298.725,48.4956
298.727,46.4870
298.730,44.6108
298.732,42.8579
298.734,41.2886
298.736,39.7521
298.739,38.3146
298.741,36.9688
298.743,35.7611
298.746,34.5757
298.748,33.4634
298.750,32.4188
298.752,31.4785
298.755,30.5526
298.757,29.6809
298.759,28.8595
298.761,28.1176
298.764,27.3846
298.766,26.6921
298.768,26.0374
298.771,25.4441
298.773,24.8559
298.775,24.2985
298.780,23.2889
298.784,22.3564
298.789,21.5297
298.793,20.7616
298.798,20.0767
298.802,19.4370
298.807,18.8637
298.812,18.3255
298.816,17.8408
298.821,17.3838
298.825,16.9704
298.830,16.5790
298.834,16.2236
298.839,15.8857
298.843,15.5778
298.848,15.2840
298.852,15.0154
298.857,14.7583
298.862,14.5224
298.866,14.2960
298.871,14.0877
298.875,13.8872
298.880,13.7022
298.884,13.5237
298.889,13.3586
298.898,13.0509
298.907,12.7740
298.916,12.5238
298.925,12.2968
298.934,12.0902
298.943,11.9015
298.953,11.7284
298.962,11.5693
298.971,11.4226
298.980,11.2869
298.989,11.1611
298.998,11.0442
299.007,10.9352
299.016,10.8335
299.025,10.7383
299.034,10.6490
299.044,10.5651
299.053,10.4861
299.062,10.4116
299.071,10.3412
299.089,10.2115
299.107,10.0946
299.125,9.98862
299.144,9.89206
299.162,9.80363
299.180,9.72226
299.198,9.64706
299.216,9.57728
299.235,9.51229
299.253,9.45153
299.271,9.39455
299.289,9.34095
299.307,9.29036
299.326,9.24250
299.362,9.15391
299.398,9.07344
299.435,8.99974
299.471,8.93174
299.508,8.86861
299.544,8.80966
299.580,8.75435
299.617,8.70226
299.653,8.65304
299.690,8.60641
299.726,8.56214
299.762,8.52006
299.799,8.48007
299.835,8.44206
299.872,8.40610
299.908,8.37198
299.944,8.33984
299.981,8.30975
300.017,8.28184
300.054,8.25629
300.090,8.23332
300.126,8.21327
300.163,8.19652
300.199,8.18361
300.236,8.17518
300.272,8.17209
300.290,8.17287
300.308,8.17542
300.327,8.17991
300.345,8.18656
300.363,8.19560
300.381,8.20732
300.399,8.22203
300.418,8.24010
300.436,8.26193
300.454,8.28787
300.472,8.31877
300.490,8.35515
300.508,8.39779
300.527,8.44760
300.545,8.50566
300.563,8.57325
300.581,8.65191
300.599,8.74348
300.618,8.85020
300.627,8.91006
300.636,8.97476
300.645,9.04476
300.654,9.12052
300.663,9.20260
300.672,9.29160
300.681,9.38818
300.690,9.49312
300.700,9.60726
300.709,9.73157
300.718,9.86713
300.727,10.0152
300.736,10.1771
300.745,10.3545
300.754,10.5492
300.763,10.7633
300.772,10.9992
300.781,11.2597
300.791,11.5480
300.800,11.8679
300.809,12.2239
300.818,12.6211
300.827,13.0657
300.836,13.5649
300.845,14.1276
300.850,14.4394
300.854,14.7642
300.859,15.1180
300.863,15.4873
300.868,15.8906
300.872,16.3125
300.877,16.7743
300.882,17.2586
300.886,17.7902
300.891,18.3492
300.895,18.9645
300.900,19.6135
300.904,20.3299
300.909,21.0880
300.913,21.9278
300.918,22.8196
300.923,23.8110
300.927,24.8678
300.932,26.0474
300.936,27.3100
300.941,28.7255
300.945,30.2476
300.950,31.9621
300.954,33.8149
300.959,35.9128
300.963,38.1922
300.968,40.7877
300.973,43.6241
300.975,45.2015
300.977,46.8735
300.979,48.6475
300.982,50.4469
300.984,52.4434
300.986,54.5667
300.989,56.8268
300.991,59.1268
300.993,61.6869
300.995,64.4186
300.998,67.3360
301.000,70.3141
301.002,73.6394
301.004,77.1988
301.007,81.0112
301.009,84.9137
301.011,89.2825
301.014,93.9697
301.016,99.0007
301.018,104.159
301.020,109.941
301.023,116.148
301.024,119.565
301.025,122.810
301.027,129.636
301.028,133.554
301.029,137.272
301.031,141.113
301.032,145.079
301.033,149.553
301.034,153.790
301.035,158.159
301.036,162.662
301.037,168.157
301.039,173.397
301.040,179.253
301.041,184.823
301.042,191.033
301.044,196.921
301.045,202.953
301.046,209.121
301.047,215.945
301.049,222.362
301.050,229.424
301.051,236.026
301.052,243.243
301.054,249.942
301.056,263.335
301.058,277.056
301.061,290.219
301.063,302.459
301.066,312.981
301.068,322.284
301.071,329.545
301.073,334.471
301.076,336.815
301.078,336.689
301.081,333.978
301.083,328.833
301.086,321.839
301.088,312.726
301.091,302.112
301.093,290.374
301.096,278.384
301.098,265.465
301.101,252.390
301.103,239.393
301.105,227.165
301.108,214.821
301.110,202.977
301.113,191.698
301.115,181.439
301.118,169.416
301.121,158.281
301.124,148.007
301.127,138.552
301.130,129.867
301.133,121.897
301.136,114.585
301.139,107.878
301.142,101.724
301.145,96.0719
301.148,90.8777
301.151,86.0990
301.154,81.6977
301.157,77.6388
301.160,73.8909
301.163,70.4256
301.166,67.2171
301.169,64.2424
301.172,61.4806
301.175,58.9129
301.178,56.5225
301.181,54.2941
301.184,52.2140
301.187,50.2698
301.190,48.4503
301.193,46.7455
301.196,45.1460
301.199,43.6438
301.202,42.2311
301.205,40.9012
301.208,39.6478
301.211,38.4653
301.214,37.3485
301.217,36.2928
301.220,35.2937
301.223,34.3473
301.229,32.5986
301.235,31.0212
301.241,29.5934
301.247,28.2969
301.253,27.1162
301.259,26.0377
301.265,25.0499
301.271,24.1429
301.277,23.3080
301.283,22.5378
301.289,21.8255
301.295,21.1655
301.301,20.5526
301.307,19.9825
301.313,19.4512
301.319,18.9551
301.325,18.4911
301.331,18.0565
301.337,17.6488
301.343,17.2657
301.349,16.9053
301.355,16.5657
301.361,16.2453
301.367,15.9427
301.373,15.6565
301.379,15.3855
301.391,14.8849
301.403,14.4332
301.415,14.0239
301.427,13.6517
301.439,13.3120
301.451,13.0011
301.463,12.7155
301.475,12.4524
301.487,12.2094
301.499,11.9844
301.511,11.7755
301.523,11.5811
301.535,11.3998
301.547,11.2304
301.559,11.0717
301.571,10.9228
301.583,10.7828
301.595,10.6510
301.607,10.5267
301.619,10.4092
301.631,10.2980
301.643,10.1926
301.667,9.99755
301.691,9.82088
301.715,9.66006
301.739,9.51298
301.763,9.37787
301.787,9.25324
301.811,9.13784
301.835,9.03060
301.859,8.93060
301.883,8.83744
301.907,8.74964
301.931,8.66703
301.955,8.58908
301.979,8.51536
302.003,8.44545
302.027,8.37902
302.075,8.25538
302.123,8.14237
302.171,8.03835
302.219,7.94200
302.267,7.85227
302.315,7.76831
302.363,7.68942
302.411,7.61504
302.459,7.54474
302.507,7.47814
302.555,7.41498
302.603,7.35506
302.651,7.29836
302.699,7.24457
302.747,7.19382
302.795,7.14618
302.843,7.10178
302.891,7.06085
302.939,7.02371
302.987,6.99079
303.035,6.96269
303.083,6.94013
303.131,6.92411
303.179,6.91586
303.203,6.91514
303.227,6.91700
303.251,6.92173
303.275,6.92964
303.299,6.94110
303.323,6.95653
303.347,6.97640
303.371,7.00128
303.395,7.03181
303.419,7.06858
303.443,7.11276
303.467,7.16523
303.491,7.22722
303.515,7.30012
303.539,7.38565
303.563,7.48581
303.587,7.60303
303.611,7.74023
303.635,7.90097
303.647,7.99148
303.659,8.08958
303.671,8.19596
303.683,8.31142
303.695,8.43683
303.707,8.57317
303.719,8.72154
303.731,8.88317
303.743,9.05947
303.755,9.25201
303.767,9.46258
303.779,9.69323
303.791,9.94627
303.803,10.2244
303.815,10.5306
303.827,10.8685
303.839,11.2421
303.851,11.6561
303.863,12.1162
303.875,12.6288
303.887,13.2016
303.899,13.8436
303.911,14.5655
303.923,15.3804
303.929,15.8275
303.935,16.3038
303.941,16.8120
303.947,17.3546
303.953,17.9348
303.959,18.5558
303.965,19.2215
303.971,19.9359
303.977,20.7038
303.983,21.5302
303.989,22.4210
303.995,23.3827
304.001,24.4227
304.007,25.5493
304.013,26.7719
304.019,28.1013
304.025,29.5497
304.031,31.1309
304.037,32.8611
304.043,34.7586
304.049,36.8447
304.055,39.1439
304.058,40.3823
304.061,41.6851
304.064,43.0566
304.067,44.5016
304.070,46.0251
304.073,47.6327
304.076,49.3303
304.079,51.1245
304.082,53.0224
304.085,55.0318
304.088,57.1610
304.091,59.4193
304.094,61.8168
304.097,64.3645
304.100,67.0746
304.103,69.9602
304.106,73.0361
304.109,76.3182
304.112,79.8243
304.115,83.5737
304.118,87.5880
304.121,91.8908
304.124,96.5085
304.127,101.470
304.130,106.807
304.132,109.628
304.133,112.556
304.135,115.597
304.136,118.756
304.138,122.039
304.139,125.450
304.141,128.998
304.142,132.688
304.144,136.526
304.145,140.521
304.147,144.680
304.148,149.011
304.150,153.521
304.151,158.221
304.153,163.119
304.154,168.225
304.156,173.549
304.157,179.101
304.159,184.893
304.160,190.936
304.162,197.242
304.163,203.824
304.165,210.695
304.166,217.867
304.168,225.355
304.169,233.173
304.171,241.335
304.172,249.855
304.174,258.749
304.175,268.031
304.177,277.716
304.178,287.818
304.180,298.352
304.181,309.328
304.183,320.762
304.184,332.661
304.186,345.036
304.187,357.020
304.188,369.428
304.190,381.328
304.192,406.216
304.195,433.546
304.198,461.190
304.200,491.090
304.203,520.770
304.206,552.133
304.208,582.385
304.211,613.239
304.213,641.722
304.216,669.208
304.219,692.840
304.221,713.575
304.224,729.124
304.227,740.035
304.229,745.082
304.231,745.507
304.232,744.462
304.235,738.302
304.237,726.473
304.240,710.388
304.243,689.535
304.245,666.238
304.248,639.547
304.251,612.210
304.253,582.860
304.256,554.277
304.261,496.970
304.264,468.997
304.266,443.150
304.269,417.585
304.272,394.276
304.274,373.104
304.277,353.150
304.279,334.389
304.282,316.786
304.284,300.294
304.287,284.857
304.289,270.419
304.292,256.921
304.294,244.302
304.297,232.505
304.299,221.475
304.302,211.157
304.304,201.502
304.307,192.462
304.309,183.993
304.312,176.053
304.314,168.603
304.317,161.608
304.319,155.035
304.322,148.854
304.324,143.037
304.327,137.557
304.329,132.390
304.332,127.515
304.334,122.912
304.337,118.561
304.339,114.445
304.342,110.550
304.344,106.858
304.347,103.359
304.352,97.0070
304.357,91.1476
304.362,85.8406
304.367,81.0203
304.372,76.6301
304.377,72.6213
304.382,68.9517
304.387,65.5844
304.392,62.4876
304.397,59.6333
304.402,56.9970
304.407,54.5572
304.412,52.2948
304.417,50.1931
304.422,48.2373
304.427,46.4141
304.432,44.7448
304.437,43.1508
304.442,41.6579
304.447,40.2578
304.452,38.9429
304.457,37.7063
304.462,36.5418
304.467,35.4440
304.472,34.4077
304.477,33.4284
304.482,32.5020
304.487,31.6246
304.492,30.7928
304.502,29.2535
304.511,27.8753
304.521,26.6118
304.531,25.4617
304.541,24.4117
304.551,23.4593
304.561,22.5755
304.571,21.7617
304.581,21.0106
304.591,20.3224
304.601,19.6776
304.611,19.0784
304.621,18.5205
304.631,18.0000
304.641,17.5136
304.651,17.0582
304.661,16.6311
304.671,16.2338
304.681,15.8562
304.691,15.5004
304.701,15.1648
304.711,14.8508
304.731,14.2664
304.751,13.7436
304.771,13.2688
304.791,12.8383
304.811,12.4462
304.831,12.0897
304.851,11.7610
304.871,11.4602
304.891,11.1812
304.911,10.9243
304.931,10.6848
304.951,10.4621
304.971,10.2545
304.991,10.0616
305.011,9.88020
305.030,9.71092
305.050,9.55113
305.070,9.40155
305.110,9.12632
305.150,8.88142
305.190,8.66204
305.230,8.46491
305.270,8.28700
305.310,8.12713
305.350,7.98320
305.390,7.85397
305.430,7.73823
305.470,7.63591
305.510,7.54635
305.549,7.46941
305.589,7.40508
305.629,7.35408
305.669,7.31683
305.709,7.29450
305.749,7.28832
305.789,7.30006
305.829,7.33194
305.869,7.38680
305.909,7.46847
305.929,7.52069
305.949,7.58106
305.969,7.65094
305.989,7.73047
306.009,7.82141
306.029,7.92394
306.049,8.04030
306.069,8.17141
306.089,8.31886
306.109,8.48358
306.129,8.66928
306.148,8.87646
306.168,9.10990
306.188,9.37039
306.208,9.66414
306.228,9.99416
306.248,10.3654
306.268,10.7813
306.288,11.2529
306.308,11.7835
306.328,12.3878
306.348,13.0711
306.368,13.8539
306.378,14.2865
306.388,14.7497
306.398,15.2461
306.408,15.7787
306.418,16.3508
306.428,16.9595
306.433,17.2843
306.438,17.6213
306.443,17.9712
306.448,18.3347
306.453,18.7123
306.458,19.1048
306.463,19.5129
306.468,19.9286
306.473,20.3699
306.478,20.8292
306.483,21.3075
306.488,21.8058
306.493,22.3251
306.498,22.8666
306.503,23.4314
306.508,24.0088
306.513,24.6237
306.518,25.2661
306.523,25.9374
306.528,26.6395
306.533,27.3739
306.538,28.1428
306.543,28.9481
306.548,29.7921
306.553,30.6771
306.558,31.6058
306.563,32.5809
306.568,33.6053
306.573,34.6823
306.578,35.8155
306.583,37.0085
306.588,38.2397
306.593,39.5637
306.598,40.9609
306.603,42.4364
306.608,43.9961
306.613,45.6461
306.618,47.3933
306.623,49.2451
306.628,51.1691
306.633,53.2528
306.638,55.4678
306.643,57.8250
306.648,60.3362
306.653,63.0145
306.658,65.8746
306.663,68.9325
306.667,72.1383
306.672,75.6426
306.675,77.4897
306.677,79.4041
306.680,81.3889
306.682,83.4476
306.685,85.5836
306.687,87.8007
306.690,90.1028
306.692,92.4943
306.695,94.9796
306.697,97.5633
306.700,100.251
306.702,103.047
306.705,105.958
306.707,108.989
306.710,112.148
306.712,115.440
306.715,118.874
306.717,122.457
306.720,126.197
306.722,130.103
306.725,134.185
306.727,138.453
306.730,142.918
306.732,147.591
306.735,152.484
306.737,157.611
306.740,162.986
306.742,168.624
306.745,174.542
306.747,180.503
306.750,187.021
306.752,193.875
306.755,201.085
306.757,208.676
306.760,216.673
306.762,225.102
306.765,233.992
306.767,243.375
306.770,253.284
306.772,263.755
306.775,274.827
306.777,286.543
306.780,298.946
306.782,312.085
306.785,326.012
306.787,340.175
306.790,355.810
306.792,372.408
306.795,390.037
306.797,408.767
306.800,428.675
306.802,449.839
306.805,472.342
306.807,496.272
306.810,521.716
306.812,548.766
306.815,577.511
306.817,608.041
306.820,640.439
306.822,674.783
306.825,711.139
306.827,747.981
306.830,798.420
306.833,852.061
306.836,908.805
306.840,968.430
306.843,1030.56
306.846,1094.64
306.852,1225.29
306.855,1289.59
306.858,1351.30
306.861,1408.75
306.864,1460.15
306.867,1503.72
306.871,1537.84
306.874,1561.15
306.877,1572.73
306.880,1572.19
306.883,1559.67
306.886,1535.87
306.889,1501.95
306.892,1459.39
306.895,1409.87
306.898,1355.11
306.902,1296.80
306.908,1175.37
306.914,1055.16
306.917,997.535
306.920,942.238
306.923,889.572
306.926,839.714
306.930,789.807
306.933,744.530
306.936,700.982
306.939,661.691
306.943,624.056
306.946,590.199
306.949,558.779
306.952,529.632
306.956,501.788
306.959,476.776
306.962,453.576
306.965,432.050
306.968,411.469
306.972,392.960
306.975,375.766
306.978,359.787
306.981,344.483
306.985,330.696
306.988,317.868
306.991,305.929
306.994,294.482
306.997,284.160
307.001,274.553
307.004,265.612
307.007,257.045
307.010,249.331
307.014,242.166
307.017,235.519
307.020,229.177
307.023,223.499
307.026,218.262
307.030,213.448
307.033,208.909
307.036,204.903
307.039,201.169
307.043,197.922
307.046,194.951
307.049,192.430
307.052,190.260
307.056,188.439
307.059,186.929
307.062,185.822
307.065,185.074
307.068,184.691
307.072,184.691
307.075,185.085
307.078,185.883
307.081,187.104
307.085,188.829
307.088,190.978
307.091,193.626
307.094,196.806
307.098,200.680
307.101,205.056
307.104,210.088
307.107,215.825
307.110,222.539
307.114,229.882
307.117,238.106
307.120,247.275
307.123,257.788
307.127,269.070
307.130,281.476
307.133,295.049
307.136,308.852
307.139,323.183
307.142,338.454
307.145,354.597
307.148,371.503
307.150,389.005
307.156,424.826
307.159,443.084
307.162,459.988
307.165,475.668
307.168,489.608
307.171,501.293
307.174,510.251
307.177,516.091
307.180,518.548
307.183,517.406
307.185,512.787
307.188,504.917
307.191,494.131
307.194,480.857
307.197,465.581
307.200,448.802
307.203,431.001
307.209,393.391
307.215,356.828
307.217,339.285
307.220,322.430
307.223,306.348
307.226,291.092
307.228,280.082
307.231,269.561
307.233,259.523
307.235,249.960
307.237,240.857
307.239,232.201
307.242,223.973
307.244,216.157
307.246,208.733
307.248,201.683
307.250,194.988
307.253,188.629
307.257,176.850
307.261,166.209
307.266,156.581
307.270,147.854
307.275,139.927
307.279,132.711
307.283,126.127
307.288,120.106
307.292,114.587
307.296,109.627
307.301,104.949
307.305,100.632
307.310,96.6385
307.314,92.9376
307.318,89.5004
307.323,86.3016
307.327,83.3191
307.332,80.5942
307.336,77.9830
307.340,75.5352
307.345,73.2369
307.349,71.0753
307.354,69.0394
307.358,67.1188
307.362,65.3045
307.367,63.6262
307.375,60.4549
307.384,57.5958
307.393,55.0061
307.402,52.6759
307.411,50.5224
307.419,48.5484
307.428,46.7328
307.437,45.0759
307.446,43.5242
307.454,42.0842
307.463,40.7444
307.472,39.5085
307.481,38.3393
307.490,37.2440
307.498,36.2158
307.507,35.2594
307.516,34.3476
307.525,33.4870
307.533,32.6735
307.542,31.9118
307.560,30.4873
307.577,29.2068
307.595,28.0371
307.612,26.9760
307.630,25.9984
307.647,25.1047
307.665,24.2755
307.683,23.5126
307.700,22.8005
307.718,22.1416
307.735,21.5233
307.753,20.9485
307.770,20.4067
307.788,19.9008
307.805,19.4220
307.823,18.9733
307.841,18.5472
307.858,18.1464
307.876,17.7646
307.893,17.4044
307.928,16.7347
307.963,16.1272
307.998,15.5733
308.034,15.0662
308.069,14.5999
308.104,14.1697
308.139,13.7713
308.174,13.4012
308.209,13.0563
308.244,12.7340
308.279,12.4320
308.314,12.1484
308.349,11.8814
308.385,11.6294
308.420,11.3912
308.455,11.1655
308.490,10.9512
308.525,10.7476
308.560,10.5536
308.630,10.1918
308.700,9.86087
308.771,9.55658
308.841,9.27562
308.911,9.01528
308.981,8.77335
309.051,8.54805
309.122,8.33799
309.192,8.14206
309.262,7.95947
309.332,7.78969
309.402,7.63245
309.473,7.48772
309.543,7.35577
309.613,7.23713
309.683,7.13267
309.753,7.04361
309.824,6.97163
309.894,6.91890
309.964,6.88824
310.034,6.88324
310.069,6.89174
310.104,6.90847
310.140,6.93420
310.175,6.96978
310.210,7.01622
310.245,7.07462
310.280,7.14625
310.315,7.23254
310.350,7.33513
310.385,7.45589
310.420,7.59696
310.455,7.76078
310.491,7.95016
310.526,8.16835
310.561,8.41911
310.596,8.70678
310.631,9.03646
310.666,9.41406
310.684,9.62358
310.701,9.84656
310.719,10.0866
310.736,10.3422
310.754,10.6175
310.771,10.9107
310.789,11.2267
310.806,11.5636
310.824,11.9271
310.842,12.3149
310.859,12.7338
310.877,13.1813
310.894,13.6652
310.912,14.1830
310.929,14.7438
310.947,15.3449
310.964,15.9970
310.982,16.6972
311.000,17.4585
311.008,17.8623
311.017,18.2777
311.026,18.7150
311.035,19.1704
311.043,19.6448
311.052,20.1334
311.061,20.6485
311.070,21.1856
311.079,21.7458
311.087,22.3237
311.096,22.9337
311.105,23.5708
311.114,24.2364
311.122,24.9241
311.131,25.6512
311.140,26.4118
311.149,27.2079
311.157,28.0319
311.166,28.9047
311.175,29.8196
311.184,30.7790
311.193,31.7739
311.201,32.8302
311.210,33.9397
311.219,35.1058
311.228,36.3179
311.236,37.6077
311.245,38.9659
311.254,40.3971
311.263,41.8885
311.272,43.4799
311.280,45.1603
311.289,46.9361
311.298,48.7922
311.307,50.7788
311.315,52.8832
311.324,55.1145
311.333,57.4547
311.342,59.9681
311.351,62.6405
311.359,65.4847
311.368,68.4794
311.377,71.7090
311.386,75.1575
311.394,78.8438
311.403,82.7430
311.412,86.9679
311.421,91.5014
311.430,96.3726
311.438,101.553
311.447,107.196
311.456,113.288
311.465,119.873
311.473,126.919
311.482,134.646
311.491,143.044
311.500,152.187
311.508,162.043
311.517,172.938
311.526,184.873
311.530,191.272
311.535,197.981
311.539,205.019
311.544,212.236
311.548,219.990
311.552,228.140
311.557,236.712
311.561,245.735
311.566,255.238
311.570,265.254
311.574,275.818
311.579,286.709
311.583,298.474
311.587,310.910
311.592,324.067
311.596,337.996
311.601,352.755
311.605,368.407
311.609,385.019
311.614,402.252
311.618,420.984
311.623,440.916
311.627,462.141
311.631,484.764
311.636,508.895
311.640,534.659
311.645,562.188
311.649,590.936
311.653,622.395
311.658,656.088
311.662,692.202
311.666,730.935
311.671,772.504
311.675,817.138
311.680,865.084
311.684,915.390
311.688,970.665
311.693,1030.06
311.697,1093.88
311.702,1162.40
311.706,1235.91
311.710,1314.68
311.715,1398.94
311.719,1486.76
311.724,1589.06
311.728,1697.93
311.733,1813.18
311.738,1934.37
311.743,2060.74
311.747,2191.16
311.757,2454.51
311.761,2585.70
311.766,2711.75
311.771,2829.25
311.775,2934.54
311.780,3023.99
311.785,3094.25
311.789,3142.56
311.794,3166.75
311.799,3167.04
311.803,3142.92
311.808,3095.77
311.813,3027.92
311.818,2942.36
311.822,2842.51
311.827,2731.89
311.832,2616.47
311.841,2370.41
311.850,2126.21
311.855,2008.96
311.860,1896.33
311.864,1788.97
311.869,1689.33
311.873,1607.19
311.877,1531.15
311.881,1457.26
311.885,1389.13
311.889,1323.12
311.893,1262.39
311.897,1203.66
311.901,1149.69
311.905,1097.54
311.909,1049.64
311.913,1003.36
311.916,960.838
311.920,919.739
311.924,881.961
311.928,845.418
311.932,811.801
311.936,779.250
311.940,749.274
311.944,720.217
311.948,693.426
311.952,667.425
311.956,643.422
311.960,620.096
311.964,598.535
311.968,577.555
311.972,558.136
311.980,521.680
311.988,488.696
311.995,458.775
312.003,431.565
312.011,406.758
312.019,384.088
312.027,363.323
312.035,344.259
312.043,326.720
312.051,310.551
312.059,295.613
312.067,281.787
312.074,268.965
312.082,257.055
312.090,245.971
312.098,235.640
312.106,225.994
312.114,216.976
312.122,208.634
312.130,200.708
312.138,193.265
312.145,186.267
312.153,179.679
312.161,173.469
312.169,167.608
312.177,162.071
312.185,156.834
312.193,151.875
312.201,147.175
312.217,138.481
312.232,130.625
312.248,123.501
312.264,117.020
312.280,111.105
312.296,105.691
312.311,100.721
312.327,96.1473
312.343,91.9273
312.359,88.0245
312.374,84.4292
312.390,81.0677
312.406,77.9390
312.422,75.0215
312.438,72.2959
312.453,69.7451
312.469,67.3539
312.485,65.1088
312.501,62.9976
312.517,61.0095
312.532,59.1345
312.548,57.3640
312.564,55.6899
312.580,54.1051
312.596,52.6029
312.611,51.1776
312.627,49.8319
312.659,47.3179
312.690,45.0356
312.722,42.9561
312.754,41.0551
312.785,39.3118
312.817,37.7087
312.848,36.2308
312.880,34.8696
312.911,33.6054
312.943,32.4336
312.975,31.3461
313.006,30.3364
313.038,29.3991
313.069,28.5297
313.101,27.7249
313.133,26.9847
313.164,26.3033
313.196,25.6831
313.227,25.1257
313.259,24.6341
313.275,24.4145
313.291,24.2136
313.306,24.0322
313.322,23.8719
313.338,23.7339
313.354,23.6202
313.370,23.5329
313.385,23.4747
313.401,23.4479
313.417,23.4564
313.433,23.5045
313.448,23.5969
313.464,23.7398
313.480,23.9399
313.496,24.2059
313.512,24.5477
313.527,24.9777
313.543,25.5108
313.551,25.8215
313.559,26.1652
313.567,26.5448
313.575,26.9635
313.583,27.4251
313.591,27.9337
313.599,28.4938
313.606,29.1106
313.614,29.7900
313.622,30.5385
313.630,31.3635
313.638,32.2614
313.646,33.2647
313.654,34.3733
313.662,35.5998
313.670,36.9584
313.677,38.4657
313.685,40.1408
313.693,42.0059
313.701,44.0866
313.709,46.4132
313.717,49.0210
313.721,50.4617
313.725,51.9519
313.729,53.5744
313.733,55.2551
313.737,57.0881
313.741,58.9898
313.745,61.0672
313.749,63.2264
313.753,65.5892
313.756,68.0497
313.760,70.6778
313.762,72.0953
313.764,73.4880
313.766,75.0047
313.768,76.5756
313.770,78.2032
313.772,79.8042
313.774,81.5497
313.776,83.3598
313.778,85.2373
313.780,87.0863
313.782,89.1046
313.784,91.2001
313.786,93.3766
313.788,95.5227
313.790,97.8683
313.792,100.307
313.794,102.843
313.796,105.347
313.798,108.088
313.800,110.942
313.802,113.914
313.804,116.853
313.806,120.074
313.808,123.433
313.810,126.936
313.812,130.406
313.814,134.215
313.816,138.194
313.818,142.350
313.820,146.473
313.822,151.007
313.824,155.750
313.826,160.715
313.827,165.647
313.829,171.080
313.831,176.774
313.833,182.743
313.835,188.685
313.837,195.241
313.839,202.124
313.841,209.353
313.843,216.561
313.845,224.527
313.847,232.905
313.849,241.719
313.851,250.522
313.853,260.266
313.855,270.530
313.857,281.345
313.859,292.161
313.861,304.149
313.863,316.792
313.865,330.129
313.867,343.479
313.869,358.288
313.871,373.916
313.873,390.407
313.875,406.916
313.877,425.226
313.879,444.538
313.881,464.899
313.883,485.255
313.885,507.791
313.887,530.287
313.889,555.148
313.891,579.911
313.892,600.261
313.894,621.323
313.895,643.097
313.896,664.058
313.898,687.191
313.899,711.005
313.902,758.883
313.905,810.709
313.908,862.605
313.911,915.682
313.914,969.172
313.917,1023.91
313.920,1075.07
313.923,1123.18
313.926,1166.83
313.929,1205.79
313.932,1236.10
313.935,1258.07
313.937,1270.90
313.939,1273.80
313.940,1274.14
313.943,1267.61
313.946,1251.36
313.949,1227.35
313.952,1195.09
313.955,1158.07
313.958,1116.64
313.961,1072.10
313.964,1024.02
313.967,976.659
313.973,882.677
313.976,835.738
313.979,792.024
313.981,750.205
313.984,710.442
313.987,670.301
313.990,633.802
313.994,598.475
313.997,566.532
314.000,535.742
314.003,507.980
314.006,481.272
314.009,457.217
314.012,434.085
314.015,413.249
314.018,393.202
314.021,375.130
314.024,357.722
314.027,342.007
314.030,326.846
314.033,313.137
314.036,299.887
314.039,287.884
314.042,276.261
314.045,265.710
314.048,255.474
314.051,246.164
314.055,237.113
314.058,228.865
314.061,220.831
314.064,213.495
314.067,206.336
314.070,199.786
314.073,193.383
314.076,187.514
314.079,181.946
314.082,176.659
314.085,171.472
314.088,166.702
314.094,157.696
314.100,149.525
314.106,142.089
314.112,135.302
314.118,129.091
314.125,123.392
314.131,118.232
314.137,113.392
314.143,108.919
314.149,104.777
314.155,100.933
314.161,97.3589
314.167,94.0291
314.173,90.9214
314.179,88.0621
314.185,85.3384
314.191,82.7838
314.198,80.3841
314.204,78.1267
314.210,76.0000
314.216,73.9939
314.222,72.0990
314.228,70.3356
314.234,68.6372
314.240,67.0272
314.246,65.4993
314.252,64.0478
314.265,61.3531
314.277,58.9255
314.289,56.6940
314.301,54.6533
314.313,52.7810
314.325,51.0715
314.338,49.4803
314.350,48.0078
314.362,46.6417
314.374,45.3813
314.386,44.1964
314.398,43.0896
314.411,42.0535
314.423,41.0818
314.435,40.1688
314.447,39.3094
314.459,38.4991
314.472,37.7400
314.484,37.0158
314.496,36.3299
314.508,35.6793
314.520,35.0663
314.532,34.4784
314.545,33.9185
314.569,32.8794
314.593,31.9268
314.618,31.0569
314.642,30.2531
314.666,29.5137
314.691,28.8257
314.715,28.1889
314.739,27.5927
314.764,27.0378
314.788,26.5156
314.813,26.0251
314.837,25.5635
314.861,25.1298
314.886,24.7181
314.910,24.3299
314.934,23.9600
314.959,23.6099
314.983,23.2754
315.007,22.9578
315.056,22.3635
315.105,21.8191
315.153,21.3180
315.202,20.8547
315.251,20.4247
315.300,20.0240
315.348,19.6495
315.397,19.2983
315.446,18.9680
315.494,18.6567
315.543,18.3624
315.592,18.0830
315.641,17.8183
315.689,17.5666
315.738,17.3266
315.787,17.0976
315.835,16.8787
315.884,16.6691
315.933,16.4682
315.982,16.2750
316.030,16.0899
316.079,15.9120
316.128,15.7410
316.176,15.5766
316.225,15.4187
316.274,15.2673
316.322,15.1223
316.371,14.9840
316.420,14.8534
316.444,14.7910
316.469,14.7312
316.493,14.6735
316.517,14.6189
316.542,14.5672
316.566,14.5192
316.590,14.4751
316.615,14.4359
316.639,14.4023
316.663,14.3756
316.688,14.3573
316.700,14.3518
316.712,14.3493
316.724,14.3500
316.737,14.3544
316.749,14.3629
316.761,14.3760
316.773,14.3947
316.785,14.4195
316.797,14.4514
316.810,14.4912
316.822,14.5409
316.834,14.6018
316.846,14.6759
316.858,14.7649
316.870,14.8731
316.877,14.9353
316.883,15.0036
316.889,15.0787
316.895,15.1612
316.901,15.2518
316.907,15.3499
316.913,15.4595
316.919,15.5804
316.925,15.7137
316.931,15.8611
316.937,16.0241
316.944,16.2048
316.950,16.4053
316.956,16.6245
316.962,16.8728
316.968,17.1501
316.974,17.4607
316.980,17.8096
316.986,18.2025
316.992,18.6465
316.995,18.8943
316.998,19.1499
317.001,19.4223
317.004,19.7128
317.007,20.0336
317.010,20.3658
317.014,20.7335
317.017,21.1150
317.020,21.5382
317.023,21.9783
317.026,22.4678
317.029,22.9781
317.032,23.5470
317.035,24.1417
317.038,24.8066
317.041,25.5036
317.044,26.2849
317.047,27.1065
317.050,27.9992
317.053,28.9706
317.056,30.0663
317.059,31.2253
317.062,32.5364
317.065,33.9277
317.068,35.5064
317.071,37.1862
317.074,39.0976
317.077,41.1365
317.081,43.4613
317.084,45.9453
317.087,48.7807
317.090,51.8111
317.093,55.2676
317.096,58.9543
317.099,63.0021
317.102,67.4311
317.104,71.2575
317.107,75.3370
317.109,79.6635
317.111,84.2219
317.114,88.9853
317.116,93.9126
317.119,98.9464
317.121,104.010
317.123,109.009
317.126,113.829
317.128,118.343
317.131,122.411
317.133,125.897
317.135,128.672
317.138,130.631
317.140,131.672
317.142,131.852
317.145,131.113
317.147,129.504
317.150,127.108
317.152,124.035
317.154,120.412
317.157,116.370
317.159,112.037
317.162,107.529
317.164,102.947
317.166,98.3752
317.169,93.8816
317.171,89.5166
317.174,85.3170
317.176,81.3073
317.178,77.6565
317.180,74.7870
317.182,72.1916
317.184,69.7152
317.186,67.3557
317.187,65.1104
317.189,62.9756
317.191,60.9475
317.193,59.0216
317.195,57.1935
317.196,55.4586
317.198,53.8124
317.200,52.2503
317.202,50.7679
317.204,49.3609
317.205,48.0252
317.207,46.7567
317.209,45.4866
317.211,44.3448
317.215,42.2269
317.218,40.3093
317.222,38.5698
317.225,36.9885
317.229,35.5481
317.233,34.2333
317.236,33.0306
317.240,31.8988
317.243,30.8884
317.247,29.9585
317.251,29.1008
317.254,28.3082
317.258,27.5744
317.261,26.8939
317.265,26.2616
317.269,25.6573
317.272,25.1097
317.276,24.5984
317.280,24.1202
317.283,23.6723
317.287,23.2521
317.290,22.8575
317.294,22.4863
317.298,22.1272
317.301,21.7981
317.305,21.4873
317.308,21.1935
317.312,20.9155
317.316,20.6520
317.323,20.1649
317.330,19.7191
317.337,19.3206
317.345,18.9580
317.352,18.6268
317.359,18.3193
317.366,18.0407
317.373,17.7840
317.381,17.5466
317.388,17.3267
317.395,17.1223
317.402,16.9321
317.409,16.7545
317.417,16.5861
317.424,16.4306
317.431,16.2845
317.438,16.1471
317.446,16.0158
317.453,15.8936
317.467,15.6685
317.482,15.4646
317.496,15.2814
317.511,15.1135
317.525,14.9611
317.540,14.8201
317.554,14.6910
317.568,14.5705
317.583,14.4593
317.597,14.3548
317.612,14.2576
317.626,14.1664
317.641,14.0804
317.655,13.9987
317.669,13.9219
317.698,13.7790
317.727,13.6492
317.756,13.5303
317.785,13.4206
317.814,13.3187
317.843,13.2236
317.872,13.1347
317.901,13.0505
317.929,12.9708
317.958,12.8951
317.987,12.8231
318.045,12.6878
318.103,12.5630
318.160,12.4464
318.218,12.3370
318.276,12.2337
318.334,12.1357
318.392,12.0422
318.449,11.9529
318.565,11.7847
318.680,11.6283
318.796,11.4823
318.911,11.3451
319.027,11.2158
319.142,11.0938
319.258,10.9789
319.374,10.8705
319.489,10.7688
319.605,10.6736
319.720,10.5854
319.836,10.5044
319.951,10.4312
320.067,10.3665
320.182,10.3118
320.298,10.2688
320.356,10.2526
320.413,10.2409
320.471,10.2345
320.529,10.2352
320.558,10.2391
320.587,10.2461
320.616,10.2571
320.644,10.2734
320.673,10.2974
320.688,10.3133
320.702,10.3325
320.717,10.3562
320.731,10.3854
320.745,10.4219
320.760,10.4683
320.774,10.5289
320.782,10.5658
320.789,10.6086
320.796,10.6591
320.803,10.7177
320.810,10.7870
320.818,10.8696
320.825,10.9706
320.832,11.0918
320.839,11.2404
320.843,11.3274
320.847,11.4244
320.850,11.5327
320.854,11.6540
320.857,11.7898
320.861,11.9420
320.865,12.1126
320.868,12.3034
320.872,12.5164
320.875,12.7527
320.880,13.0895
320.885,13.4625
320.894,14.2710
320.898,14.6574
320.901,14.8297
320.903,14.9807
320.905,15.1047
320.908,15.1967
320.910,15.2527
320.912,15.2701
320.914,15.2480
320.917,15.1875
320.919,15.0913
320.921,14.9635
320.924,14.8092
320.926,14.6341
320.931,14.2439
320.940,13.4341
320.944,13.0630
320.949,12.7293
320.952,12.5394
320.955,12.3708
320.958,12.2109
320.960,12.0698
320.963,11.9365
320.966,11.8193
320.972,11.6113
320.977,11.4386
320.983,11.2947
320.989,11.1743
320.995,11.0731
321.000,10.9877
321.006,10.9151
321.012,10.8532
321.017,10.8002
321.023,10.7546
321.029,10.7153
321.040,10.6522
321.051,10.6040
321.063,10.5674
321.074,10.5395
321.086,10.5186
321.097,10.5028
321.108,10.4913
321.131,10.4783
321.154,10.4749
321.177,10.4787
321.199,10.4880
321.222,10.5017
321.268,10.5399
321.313,10.5901
321.359,10.6510
321.404,10.7221
321.450,10.8034
321.495,10.8953
321.541,10.9986
321.586,11.1140
321.632,11.2426
321.677,11.3855
321.723,11.5444
321.768,11.7204
321.814,11.9153
321.859,12.1315
321.905,12.3711
321.950,12.6371
321.996,12.9327
322.041,13.2617
322.087,13.6290
322.132,14.0406
322.178,14.5050
322.201,14.7613
322.223,15.0352
322.246,15.3325
322.269,15.6556
322.292,16.0158
322.303,16.2135
322.314,16.4246
322.326,16.6567
322.337,16.9140
322.348,17.2050
322.354,17.3670
322.360,17.5396
322.365,17.7318
322.371,17.9439
322.377,18.1803
322.383,18.4461
322.388,18.7478
322.394,19.0927
322.400,19.4889
322.405,19.9351
322.410,20.3564
322.415,20.8193
322.424,21.8302
322.429,22.3321
322.431,22.5710
322.433,22.7815
322.436,22.9760
322.438,23.1331
322.441,23.2620
322.443,23.3488
322.445,23.3998
322.448,23.4110
322.450,23.3856
322.452,23.3294
322.455,23.2422
322.457,23.1365
322.462,22.8754
322.471,22.3014
322.476,22.0396
322.480,21.8116
322.485,21.6321
322.489,21.4883
322.494,21.3714
322.498,21.2842
322.502,21.2196
322.507,21.1777
322.511,21.1543
322.515,21.1472
322.524,21.1744
322.532,21.2456
322.541,21.3530
322.550,21.4871
322.558,21.6461
322.567,21.8247
322.584,22.2282
322.602,22.6854
322.619,23.1887
322.636,23.7377
322.654,24.3241
322.688,25.6184
322.723,27.0865
322.758,28.7366
322.792,30.6018
322.810,31.6194
322.827,32.7012
322.844,33.8587
322.862,35.0840
322.879,36.3896
322.896,37.7819
322.914,39.2771
322.931,40.8660
322.948,42.5657
322.966,44.3862
322.983,46.3383
323.000,48.4343
323.017,50.6878
323.035,53.1139
323.052,55.7455
323.069,58.5716
323.087,61.6282
323.104,64.9397
323.121,68.5553
323.139,72.4650
323.156,76.7240
323.173,81.3731
323.191,86.4893
323.208,92.0673
323.225,98.1965
323.243,104.948
323.260,112.448
323.277,120.706
323.286,125.196
323.295,129.876
323.303,134.871
323.312,140.085
323.321,145.659
323.329,151.556
323.338,157.800
323.347,164.338
323.355,171.351
323.364,178.705
323.373,186.606
323.381,194.906
323.390,203.839
323.399,213.353
323.407,223.495
323.416,234.188
323.425,245.736
323.433,257.932
323.442,271.126
323.451,285.085
323.459,300.212
323.468,316.435
323.477,333.847
323.485,352.326
323.494,372.408
323.503,393.747
323.511,416.962
323.520,441.648
323.529,468.518
323.537,497.094
323.546,528.191
323.554,561.237
323.563,597.148
323.572,635.231
323.580,676.491
323.589,720.071
323.598,769.266
323.607,821.624
323.616,877.051
323.625,934.675
323.634,995.417
323.643,1057.41
323.662,1184.63
323.671,1247.68
323.680,1308.24
323.689,1364.67
323.698,1414.71
323.707,1457.71
323.716,1491.17
323.725,1514.51
323.734,1526.31
323.743,1526.44
323.752,1514.82
323.761,1492.13
323.770,1459.88
323.779,1418.81
323.788,1371.41
323.798,1318.31
323.807,1262.28
323.825,1144.03
323.843,1027.30
323.852,970.925
323.861,917.357
323.870,865.704
323.879,817.277
323.886,782.991
323.892,750.698
323.899,719.406
323.906,690.025
323.912,661.627
323.919,635.016
323.926,609.337
323.932,585.303
323.939,562.131
323.946,540.458
323.952,519.568
323.959,500.033
323.966,481.204
323.972,463.591
323.979,446.609
323.985,430.717
323.992,415.387
323.999,401.031
324.012,374.184
324.025,349.865
324.039,327.796
324.052,307.731
324.065,289.453
324.079,272.768
324.092,257.618
324.105,243.623
324.118,230.773
324.132,218.950
324.145,208.053
324.158,197.989
324.172,188.679
324.185,180.052
324.198,172.042
324.211,164.595
324.225,157.659
324.238,151.190
324.251,145.147
324.265,139.493
324.278,134.198
324.291,129.230
324.304,124.598
324.318,120.208
324.331,116.075
324.344,112.179
324.358,108.502
324.371,105.028
324.384,101.743
324.398,98.6332
324.411,95.6861
324.437,90.2368
324.464,85.3167
324.491,80.8595
324.517,76.8235
324.544,73.1308
324.570,69.7563
324.597,66.6652
324.623,63.8375
324.650,61.2260
324.677,58.8192
324.703,56.5979
324.730,54.5524
324.756,52.6528
324.783,50.8946
324.810,49.2670
324.836,47.7607
324.863,46.3682
324.889,45.0831
324.916,43.9006
324.942,42.8211
324.969,41.8344
324.996,40.9443
325.022,40.1521
325.049,39.4637
325.062,39.1577
325.075,38.8796
325.089,38.6304
325.102,38.4117
325.115,38.2252
325.129,38.0729
325.142,37.9575
325.155,37.8821
325.168,37.8491
325.182,37.8632
325.195,37.9291
325.208,38.0524
325.222,38.2396
325.235,38.4988
325.248,38.8391
325.261,39.2718
325.275,39.8102
325.288,40.4704
325.301,41.2721
325.308,41.7370
325.315,42.2392
325.321,42.7981
325.328,43.4011
325.335,44.0714
325.341,44.7942
325.348,45.5974
325.355,46.4638
325.361,47.4122
325.368,48.4509
325.374,49.6073
325.381,50.8577
325.388,52.2524
325.394,53.7638
325.401,55.4539
325.408,57.2905
325.414,59.3507
325.421,61.5973
325.428,64.1270
325.434,66.8971
325.441,70.0303
325.448,73.4780
325.454,77.3982
325.461,81.7364
325.464,84.1052
325.467,86.6207
325.471,89.2943
325.474,92.1383
325.477,95.2612
325.481,98.4946
325.484,101.944
325.487,105.627
325.491,109.688
325.494,113.909
325.497,118.432
325.501,123.282
325.504,128.653
325.507,134.263
325.511,140.300
325.514,146.806
325.517,154.047
325.521,161.649
325.524,169.871
325.527,178.777
325.531,188.741
325.534,199.255
325.537,210.688
325.541,223.134
325.544,237.130
325.547,251.971
325.551,268.180
325.554,285.900
325.557,305.898
325.561,327.167
325.562,338.896
325.564,350.445
325.566,363.280
325.567,375.914
325.569,389.950
325.570,403.758
325.572,419.089
325.574,434.157
325.575,450.869
325.577,467.274
325.579,485.438
325.580,503.236
325.583,537.252
325.586,572.237
325.589,609.269
325.592,648.211
325.595,690.308
325.597,732.294
325.600,775.100
325.603,818.083
325.606,861.931
325.609,902.640
325.611,940.664
325.614,974.858
325.617,1005.01
325.620,1027.96
325.623,1043.96
325.626,1052.41
325.627,1053.72
325.628,1052.90
325.631,1045.48
325.634,1030.74
325.637,1009.39
325.640,981.318
325.643,949.555
325.645,914.330
325.648,876.708
325.651,836.254
325.654,796.629
325.659,718.396
325.662,679.448
325.665,643.311
325.668,608.820
325.671,576.094
325.674,539.863
325.677,507.146
325.680,476.753
325.684,448.590
325.687,421.756
325.690,397.742
325.693,375.564
325.697,355.084
325.700,335.603
325.703,318.170
325.706,302.053
325.709,287.140
325.713,272.912
325.716,260.137
325.719,248.281
325.722,237.264
325.726,226.707
325.729,217.183
325.732,208.302
325.735,200.010
325.739,192.026
325.742,184.787
325.745,178.005
325.748,171.642
325.751,165.486
325.755,159.879
325.758,154.600
325.761,149.627
325.764,144.793
325.768,140.371
325.771,136.191
325.774,132.236
325.777,128.377
325.780,124.832
325.787,118.274
325.793,112.261
325.800,106.899
325.806,101.949
325.813,97.5071
325.819,93.3827
325.826,89.6601
325.832,86.1852
325.838,83.0326
325.845,80.0753
325.851,77.3799
325.858,74.8403
325.864,72.5157
325.871,70.3166
325.877,68.2960
325.884,66.3774
325.890,64.6083
325.897,62.9228
325.903,61.3635
325.909,59.8734
325.916,58.4907
325.922,57.1656
325.929,55.9327
325.935,54.7479
325.942,53.6428
325.948,52.5782
325.955,51.5829
325.967,49.7214
325.980,48.0322
325.993,46.4933
326.006,45.0861
326.019,43.7951
326.032,42.6069
326.045,41.5100
326.058,40.4947
326.071,39.5526
326.084,38.6762
326.096,37.8593
326.109,37.0963
326.122,36.3823
326.135,35.7133
326.148,35.0854
326.161,34.4956
326.174,33.9410
326.187,33.4192
326.200,32.9282
326.213,32.4664
326.225,32.0324
326.238,31.6251
326.251,31.2438
326.264,30.8883
326.277,30.5588
326.290,30.2558
326.303,29.9808
326.316,29.7357
326.329,29.5238
326.342,29.3498
326.354,29.2202
326.361,29.1747
326.367,29.1447
326.374,29.1313
326.380,29.1370
326.387,29.1648
326.393,29.2172
326.400,29.2998
326.406,29.4150
326.413,29.5728
326.419,29.7757
326.422,29.9018
326.425,30.0399
326.429,30.1952
326.432,30.3693
326.435,30.5707
326.438,30.7896
326.442,31.0342
326.445,31.3073
326.448,31.6224
326.451,31.9640
326.454,32.3454
326.458,32.7714
326.461,33.2630
326.464,33.7966
326.467,34.3932
326.471,35.0606
326.474,35.8319
326.477,36.6702
326.480,37.6079
326.483,38.6563
326.487,39.8269
326.490,41.1315
326.493,42.5809
326.496,44.1843
326.499,45.4913
326.501,46.8885
326.503,48.3736
326.506,49.8741
326.510,53.1344
326.515,56.5345
326.518,58.2541
326.520,59.9107
326.522,61.4581
326.525,62.7929
326.527,63.9831
326.529,64.8877
326.532,65.5481
326.534,65.8848
326.536,65.9145
326.539,65.6183
326.541,65.0136
326.544,64.1727
326.546,63.0609
326.548,61.8125
326.551,60.3643
326.553,58.8788
326.558,55.6294
326.562,52.4548
326.565,50.8922
326.567,49.4497
326.570,48.0104
326.572,46.6992
326.574,45.6150
326.576,44.5834
326.578,43.6040
326.580,42.7207
326.582,41.8393
326.584,41.0461
326.586,40.2558
326.588,39.5454
326.590,38.8380
326.592,38.1697
326.594,37.5385
326.595,36.9710
326.597,36.4056
326.599,35.8969
326.603,34.9330
326.607,34.0449
326.611,33.2652
326.615,32.5601
326.619,31.9207
326.623,31.3250
326.627,30.7957
326.631,30.3115
326.635,29.8672
326.639,29.4482
326.643,29.0716
326.646,28.7230
326.650,28.3996
326.654,28.0913
326.658,27.8111
326.662,27.5492
326.666,27.3038
326.670,27.0676
326.674,26.8509
326.682,26.4534
326.690,26.0926
326.697,25.7711
326.705,25.4751
326.713,25.2079
326.721,24.9589
326.729,24.7315
326.737,24.5175
326.745,24.3203
326.752,24.1330
326.760,23.9589
326.768,23.7925
326.776,23.6367
326.792,23.3458
326.807,23.0802
326.823,22.8356
326.839,22.6085
326.854,22.3963
326.870,22.1967
326.886,22.0082
326.902,21.8294
326.917,21.6591
326.949,21.3404
326.980,21.0463
327.011,20.7725
327.043,20.5160
327.074,20.2751
327.106,20.0462
327.137,19.8288
327.168,19.6215
327.200,19.4234
327.231,19.2336
327.263,19.0515
327.325,18.7075
327.388,18.3874
327.451,18.0880
327.514,17.8069
327.576,17.5423
327.639,17.2918
327.702,17.0543
327.765,16.8285
327.828,16.6135
327.890,16.4083
327.953,16.2121
328.016,16.0241
328.079,15.8441
328.142,15.6709
328.204,15.5042
328.330,15.1887
328.456,14.8945
328.581,14.6192
328.707,14.3600
328.832,14.1153
328.958,13.8836
329.083,13.6636
329.209,13.4538
329.335,13.2536
329.460,13.0622
329.523,12.9696
329.586,12.8793
329.648,12.7910
329.711,12.7050
329.774,12.6214
329.837,12.5405
329.900,12.4630
329.931,12.4258
329.962,12.3897
329.994,12.3551
330.025,12.3221
330.057,12.2912
330.088,12.2630
330.119,12.2377
330.151,12.2165
330.182,12.2006
330.198,12.1951
330.214,12.1917
330.229,12.1905
330.245,12.1922
330.261,12.1971
330.276,12.2059
330.292,12.2194
330.308,12.2385
330.323,12.2645
330.339,12.2990
330.355,12.3440
330.363,12.3714
330.371,12.4022
330.378,12.4376
330.386,12.4772
330.394,12.5228
330.402,12.5740
330.410,12.6329
330.418,12.6992
330.426,12.7757
330.433,12.8622
330.441,12.9626
330.449,13.0765
330.457,13.2098
330.465,13.3622
330.473,13.5418
330.477,13.6414
330.480,13.7492
330.484,13.8691
330.488,13.9962
330.492,14.1342
330.496,14.2846
330.500,14.4529
330.504,14.6324
330.508,14.8288
330.512,15.0442
330.516,15.2872
330.520,15.5484
330.524,15.8367
330.528,16.1555
330.532,16.5185
330.535,16.9123
330.539,17.3510
330.543,17.8410
330.545,18.1146
330.547,18.4046
330.549,18.7124
330.551,19.0224
330.553,19.3687
330.555,19.7178
330.557,20.1082
330.559,20.5023
330.561,20.9435
330.563,21.4136
330.565,21.9148
330.567,22.4218
330.569,22.9904
330.571,23.5659
330.573,24.2116
330.575,24.8654
330.577,25.5988
330.579,26.3413
330.581,27.1739
330.582,28.0159
330.584,28.9587
330.586,29.9104
330.588,30.9733
330.590,32.0427
330.593,33.4781
330.595,35.0077
330.597,36.6286
330.600,38.2620
330.604,41.7974
330.609,45.4664
330.612,47.3153
330.614,49.0920
330.616,50.7473
330.619,52.1710
330.621,53.4362
330.623,54.3932
330.626,55.0868
330.628,55.4336
330.630,55.4517
330.633,55.1225
330.635,54.4657
330.638,53.5596
330.640,52.3673
330.642,51.0327
330.645,49.4887
330.647,47.9086
330.652,44.4629
330.656,41.1097
330.659,39.4641
330.661,37.9479
330.664,36.4381
330.666,35.0656
330.668,33.7680
330.670,32.5973
330.673,31.4944
330.675,30.4575
330.677,29.4839
330.679,28.5708
330.681,27.7150
330.684,26.9133
330.686,26.1623
330.688,25.4590
330.690,24.8000
330.692,24.1825
330.695,23.6035
330.697,23.0604
330.699,22.5507
330.701,22.0719
330.703,21.6022
330.706,21.1802
330.708,20.7829
330.710,20.4087
330.712,20.0558
330.714,19.7229
330.717,19.4085
330.719,19.1114
330.723,18.5642
330.728,18.0731
330.732,17.6308
330.736,17.2313
330.741,16.8615
330.745,16.5332
330.750,16.2341
330.754,15.9607
330.759,15.7102
330.763,15.4802
330.767,15.2683
330.772,15.0728
330.776,14.8919
330.781,14.7243
330.785,14.5685
330.789,14.4236
330.794,14.2884
330.798,14.1621
330.807,13.9332
330.816,13.7291
330.825,13.5503
330.833,13.3907
330.842,13.2475
330.851,13.1183
330.860,13.0013
330.869,12.8949
330.877,12.7976
330.886,12.7073
330.895,12.6252
330.904,12.5493
330.913,12.4789
330.930,12.3523
330.948,12.2415
330.966,12.1429
330.983,12.0553
331.001,11.9765
331.018,11.9048
331.036,11.8388
331.054,11.7784
331.071,11.7223
331.089,11.6701
331.107,11.6209
331.124,11.5748
331.159,11.4898
331.195,11.4124
331.230,11.3414
331.265,11.2752
331.300,11.2131
331.336,11.1542
331.371,11.0982
331.406,11.0444
331.441,10.9927
331.512,10.8939
331.582,10.8001
331.653,10.7102
331.723,10.6232
331.794,10.5385
331.865,10.4555
331.935,10.3742
332.006,10.2941
332.076,10.2150
332.147,10.1367
332.217,10.0591
332.288,9.98204
332.358,9.90547
332.429,9.82932
332.499,9.75355
332.570,9.67812
332.640,9.60304
332.711,9.52833
332.781,9.45403
332.852,9.38021
332.922,9.30698
332.993,9.23438
333.063,9.16281
333.134,9.09241
333.204,9.02351
333.275,8.95653
333.345,8.89198
333.416,8.83054
333.486,8.77308
333.557,8.72067
333.627,8.67473
333.662,8.65471
333.698,8.63707
333.733,8.62204
333.768,8.61004
333.803,8.60142
333.839,8.59669
333.874,8.59638
333.909,8.60109
333.944,8.61157
333.980,8.62860
334.015,8.65324
334.050,8.68648
334.085,8.72984
334.121,8.78463
334.156,8.85299
334.191,8.93673
334.226,9.03891
334.262,9.16207
334.297,9.31066
334.332,9.48837
334.367,9.70173
334.385,9.82332
334.403,9.95632
334.420,10.1027
334.438,10.2619
334.456,10.4363
334.473,10.6273
334.491,10.8378
334.508,11.0675
334.526,11.3197
334.544,11.5967
334.561,11.9033
334.579,12.2392
334.597,12.6095
334.614,13.0186
334.632,13.4738
334.649,13.9755
334.667,14.5325
334.685,15.1522
334.702,15.8472
334.720,16.6199
334.738,17.4857
334.755,18.4585
334.773,19.5615
334.782,20.1625
334.790,20.8020
334.799,21.4833
334.808,22.2097
334.817,22.9848
334.826,23.8129
334.835,24.7089
334.843,25.6578
334.852,26.6747
334.861,27.7660
334.870,28.9385
334.879,30.1998
334.887,31.5585
334.896,33.0242
334.905,34.6264
334.914,36.3413
334.923,38.1997
334.931,40.2171
334.940,42.4109
334.949,44.8009
334.958,47.4096
334.967,50.2629
334.976,53.4273
334.984,56.8660
334.993,60.6520
334.998,62.6890
335.002,64.8304
335.006,67.0828
335.011,69.4536
335.015,71.9507
335.020,74.5826
335.024,77.3585
335.028,80.2884
335.033,83.3831
335.037,86.6543
335.042,90.1957
335.046,93.8640
335.050,97.7506
335.055,101.872
335.059,106.246
335.064,110.892
335.068,115.830
335.072,121.085
335.077,126.681
335.081,132.645
335.086,139.008
335.090,145.802
335.094,153.063
335.099,160.829
335.103,169.144
335.108,178.054
335.112,187.834
335.117,198.107
335.121,209.141
335.125,221.003
335.130,233.763
335.134,247.497
335.139,262.285
335.143,278.216
335.147,295.380
335.152,313.874
335.156,333.796
335.161,355.246
335.165,378.322
335.169,403.119
335.174,429.717
335.178,458.186
335.183,489.991
335.187,523.891
335.192,559.834
335.197,597.693
335.201,637.244
335.206,678.143
335.215,761.008
335.219,802.481
335.224,842.477
335.229,879.935
335.233,913.714
335.238,942.672
335.242,965.748
335.247,982.058
335.252,990.870
335.256,992.285
335.261,986.082
335.265,972.663
335.270,952.723
335.275,927.181
335.279,897.083
335.284,863.519
335.288,828.345
335.297,752.930
335.307,677.695
335.311,641.462
335.316,606.599
335.320,573.312
335.325,542.391
335.329,513.151
335.334,486.197
335.338,460.836
335.343,437.026
335.347,414.214
335.352,393.345
335.356,373.817
335.360,355.553
335.365,338.098
335.369,322.151
335.374,307.234
335.378,293.276
335.383,279.923
335.387,267.703
335.391,256.250
335.396,245.508
335.400,235.204
335.405,225.746
335.409,216.856
335.413,208.491
335.418,200.440
335.422,193.027
335.427,186.034
335.431,179.432
335.436,173.057
335.440,167.165
335.444,161.590
335.449,156.309
335.453,151.191
335.458,146.447
335.467,137.663
335.475,129.633
335.484,122.437
335.493,115.821
335.502,109.859
335.511,104.349
335.520,99.3568
335.529,94.7209
335.537,90.5019
335.546,86.5662
335.555,82.9693
335.564,79.6003
335.573,76.5095
335.582,73.6039
335.590,70.9289
335.599,68.4058
335.608,66.0755
335.617,63.8710
335.626,61.8291
335.635,59.8920
335.644,58.0933
335.652,56.3826
335.661,54.7903
335.670,53.2727
335.679,51.8571
335.688,50.5053
335.697,49.2420
335.714,46.9023
335.732,44.8028
335.750,42.9140
335.767,41.2113
335.785,39.6742
335.803,38.2853
335.821,37.0302
335.838,35.8967
335.856,34.8746
335.874,33.9556
335.891,33.1330
335.909,32.4015
335.927,31.7569
335.944,31.1968
335.962,30.7195
335.980,30.3250
335.998,30.0145
336.015,29.7906
336.033,29.6578
336.051,29.6223
336.068,29.6926
336.086,29.8800
336.095,30.0230
336.104,30.1992
336.113,30.4153
336.121,30.6692
336.130,30.9699
336.139,31.3143
336.148,31.7144
336.157,32.1660
336.166,32.6847
336.175,33.2649
336.183,33.9271
336.192,34.6643
336.201,35.5026
336.210,36.4340
336.219,37.4919
336.228,38.6671
336.237,40.0032
336.245,41.4897
336.254,43.1836
336.263,45.0741
336.272,47.2367
336.281,49.6612
336.285,51.0254
336.290,52.4494
336.294,53.9697
336.298,55.5941
336.303,57.3724
336.307,59.2351
336.312,61.2314
336.316,63.3728
336.321,65.7269
336.325,68.2038
336.329,70.8704
336.334,73.7447
336.338,76.9206
336.343,80.2802
336.347,83.9170
336.352,87.8599
336.356,92.2432
336.360,96.9096
336.365,101.994
336.369,107.545
336.374,113.760
336.378,120.426
336.383,127.746
336.387,135.800
336.391,144.894
336.396,154.731
336.398,160.039
336.400,165.627
336.402,171.515
336.405,177.723
336.407,184.576
336.409,191.503
336.411,198.818
336.414,206.546
336.416,214.716
336.418,223.358
336.420,232.502
336.422,242.183
336.425,252.918
336.427,263.813
336.429,275.361
336.431,287.608
336.433,300.597
336.436,314.377
336.438,328.997
336.440,344.510
336.442,361.739
336.445,379.242
336.447,397.800
336.449,417.464
336.451,438.286
336.453,460.311
336.456,483.578
336.458,508.119
336.461,542.443
336.464,579.010
336.466,617.754
336.469,657.086
336.472,699.563
336.475,741.895
336.478,786.582
336.481,829.886
336.484,874.046
336.486,916.470
336.489,955.983
336.492,990.194
336.495,1020.33
336.498,1043.24
336.501,1059.64
336.504,1067.78
336.506,1067.95
336.509,1059.83
336.512,1043.88
336.515,1021.81
336.518,993.054
336.521,960.674
336.524,923.539
336.526,885.292
336.529,844.237
336.532,802.627
336.538,722.016
336.541,682.639
336.544,646.112
336.547,610.035
336.549,577.013
336.553,538.310
336.556,503.447
336.560,471.205
336.563,441.463
336.566,414.075
336.570,388.881
336.573,365.717
336.577,344.418
336.580,324.829
336.583,306.803
336.587,290.201
336.590,274.896
336.594,260.772
336.597,247.723
336.600,235.653
336.604,224.472
336.607,213.810
336.611,204.201
336.614,195.266
336.618,186.946
336.621,179.189
336.624,171.947
336.628,165.178
336.631,158.842
336.635,152.905
336.638,147.334
336.641,142.101
336.645,137.180
336.648,132.547
336.652,128.180
336.655,124.060
336.658,120.169
336.662,116.384
336.665,112.908
336.669,109.614
336.672,106.491
336.679,100.711
336.686,95.4866
336.692,90.7483
336.699,86.4374
336.706,82.5038
336.713,78.9042
336.720,75.5548
336.727,72.5203
336.733,69.7220
336.740,67.1356
336.747,64.7399
336.754,62.5161
336.761,60.4477
336.767,58.5203
336.774,56.6954
336.781,55.0144
336.788,53.4397
336.795,51.9623
336.801,50.5740
336.808,49.2676
336.815,48.0365
336.822,46.8749
336.829,45.7616
336.836,44.7242
336.842,43.7417
336.849,42.8100
336.863,41.0853
336.876,39.5249
336.890,38.0978
336.904,36.8071
336.917,35.6269
336.931,34.5444
336.944,33.5489
336.958,32.6311
336.972,31.7829
336.985,30.9975
336.999,30.2638
337.013,29.5872
337.026,28.9579
337.040,28.3719
337.053,27.8222
337.067,27.3139
337.081,26.8404
337.094,26.4000
337.108,25.9881
337.122,25.6097
337.135,25.2609
337.149,24.9415
337.162,24.6497
337.176,24.3908
337.190,24.1639
337.203,23.9716
337.217,23.8164
337.231,23.7058
337.237,23.6688
337.244,23.6456
337.251,23.6372
337.258,23.6455
337.265,23.6727
337.271,23.7203
337.278,23.7912
337.285,23.8884
337.292,24.0158
337.299,24.1778
337.305,24.3800
337.312,24.6290
337.319,24.9379
337.326,25.3080
337.329,25.5213
337.333,25.7558
337.336,26.0135
337.340,26.2969
337.343,26.6084
337.346,26.9511
337.350,27.3281
337.353,27.7432
337.357,28.2007
337.360,28.7052
337.363,29.2622
337.367,29.8778
337.370,30.5591
337.374,31.3140
337.377,32.1517
337.380,33.0824
337.384,34.1181
337.387,35.2721
337.391,36.5598
337.394,37.9985
337.397,39.6076
337.401,41.4089
337.404,43.4264
337.408,45.6859
337.409,46.9150
337.411,48.2149
337.413,49.5891
337.414,51.0410
337.416,52.5737
337.418,54.1903
337.421,57.6848
337.424,60.3669
337.426,63.2281
337.428,66.2639
337.431,69.4632
337.433,72.8064
337.436,76.2637
337.438,79.7932
337.440,83.1927
337.443,86.6915
337.445,90.0607
337.447,93.2082
337.450,95.9259
337.452,98.3549
337.455,100.279
337.457,101.622
337.459,102.314
337.462,102.392
337.464,101.818
337.466,100.627
337.469,98.8783
337.471,96.6526
337.474,94.0401
337.476,91.1348
337.478,88.1599
337.483,81.6635
337.488,75.3261
337.490,72.2092
337.493,69.2108
337.495,66.3484
337.497,63.7425
337.500,60.8607
337.503,58.2671
337.505,55.8480
337.508,53.5970
337.511,51.4283
337.513,49.4931
337.516,47.6981
337.518,46.0336
337.521,44.4326
337.524,43.0041
337.526,41.6779
337.529,40.4456
337.532,39.2572
337.534,38.1935
337.537,37.2022
337.539,36.2774
337.542,35.3817
337.545,34.5762
337.547,33.8221
337.550,33.1153
337.553,32.4274
337.555,31.8057
337.558,31.2210
337.560,30.6703
337.563,30.1317
337.566,29.6427
337.568,29.1806
337.571,28.7435
337.576,27.9370
337.581,27.2107
337.587,26.5419
337.592,25.9469
337.597,25.3948
337.602,24.9000
337.608,24.4377
337.613,24.0206
337.618,23.6356
337.623,23.2791
337.628,22.9421
337.634,22.6345
337.639,22.3421
337.644,22.0740
337.649,21.8178
337.655,21.5819
337.660,21.3596
337.665,21.1500
337.676,20.7605
337.686,20.4103
337.697,20.0933
337.707,19.8072
337.717,19.5425
337.728,19.2989
337.738,19.0734
337.749,18.8659
337.759,18.6704
337.770,18.4874
337.780,18.3153
337.791,18.1547
337.812,17.8560
337.833,17.5875
337.854,17.3416
337.875,17.1159
337.896,16.9073
337.917,16.7143
337.938,16.5332
337.958,16.3642
337.979,16.2043
338.000,16.0542
338.021,15.9116
338.042,15.7771
338.063,15.6488
338.084,15.5277
338.105,15.4122
338.126,15.3032
338.147,15.1995
338.168,15.1019
338.189,15.0096
338.210,14.9232
338.231,14.8427
338.252,14.7690
338.273,14.7016
338.294,14.6418
338.315,14.5897
338.336,14.5468
338.357,14.5138
338.378,14.4926
338.399,14.4848
338.419,14.4930
338.430,14.5041
338.440,14.5203
338.451,14.5424
338.461,14.5704
338.472,14.6058
338.482,14.6490
338.493,14.7009
338.503,14.7620
338.514,14.8345
338.524,14.9193
338.535,15.0179
338.545,15.1324
338.556,15.2647
338.566,15.4175
338.577,15.5938
338.587,15.7951
338.598,16.0293
338.608,16.2999
338.619,16.6129
338.629,16.9720
338.634,17.1766
338.640,17.3931
338.645,17.6314
338.650,17.8840
338.655,18.1625
338.661,18.4585
338.666,18.7790
338.671,19.1267
338.676,19.5117
338.681,19.9227
338.687,20.3793
338.692,20.8681
338.697,21.4127
338.702,21.9978
338.708,22.6391
338.713,23.3432
338.718,24.1334
338.723,24.9891
338.729,25.9537
338.734,27.0029
338.739,28.1915
338.744,29.4911
338.750,30.9418
338.755,32.5659
338.757,33.4860
338.760,34.4268
338.763,35.4252
338.765,36.4857
338.768,37.6580
338.771,38.8604
338.773,40.1410
338.776,41.5059
338.778,43.0200
338.781,44.5788
338.784,46.2449
338.786,48.0272
338.789,49.9357
338.791,51.9810
338.794,54.1752
338.797,56.5311
338.799,59.1639
338.802,61.8948
338.805,64.8346
338.807,68.0017
338.810,71.5529
338.812,75.2474
338.815,79.2354
338.818,83.5418
338.820,88.3794
338.823,93.4188
338.826,98.8615
338.828,104.737
338.831,111.075
338.833,117.903
338.836,125.247
338.839,133.128
338.841,141.894
338.844,151.257
338.847,161.205
338.849,171.305
338.852,182.274
338.855,193.213
338.857,204.831
338.860,216.106
338.863,227.689
338.865,238.475
338.868,249.003
338.870,258.193
338.873,266.435
338.876,272.838
338.878,277.645
338.881,280.333
338.884,281.019
338.886,279.570
338.889,276.095
338.892,271.014
338.894,264.186
338.897,256.387
338.900,247.315
338.902,237.918
338.905,227.739
338.908,217.752
338.913,197.548
338.916,187.609
338.918,178.384
338.921,169.223
338.924,160.839
338.927,151.132
338.930,142.377
338.933,133.996
338.936,126.489
338.939,119.335
338.942,112.945
338.946,107.050
338.949,101.612
338.952,96.4383
338.955,91.8178
338.958,87.4173
338.961,83.4808
338.964,79.7246
338.968,76.3573
338.971,73.2338
338.974,70.3331
338.977,67.5521
338.980,65.0468
338.983,62.6388
338.986,60.4639
338.990,58.3681
338.993,56.4704
338.996,54.6925
338.999,53.0249
339.002,51.4100
339.005,49.9407
339.008,48.5145
339.011,47.2138
339.015,45.9485
339.018,44.7920
339.021,43.6988
339.024,42.6645
339.027,41.6540
339.030,40.7268
339.037,38.9851
339.043,37.4137
339.049,36.0128
339.055,34.7189
339.062,33.5403
339.068,32.4636
339.074,31.4922
339.080,30.5850
339.087,29.7497
339.093,28.9789
339.099,28.2770
339.106,27.6155
339.112,27.0108
339.118,26.4388
339.124,25.9139
339.131,25.4158
339.137,24.9502
339.143,24.5143
339.149,24.1119
339.156,23.7278
339.162,23.3669
339.168,23.0273
339.174,22.7124
339.187,22.1257
339.200,21.6064
339.212,21.1382
339.225,20.7217
339.237,20.3450
339.250,20.0094
339.262,19.7057
339.275,19.4359
339.287,19.1929
339.300,18.9787
339.312,18.7896
339.325,18.6245
339.338,18.4815
339.350,18.3624
339.363,18.2651
339.375,18.1915
339.388,18.1409
339.400,18.1152
339.413,18.1154
339.425,18.1436
339.438,18.2028
339.450,18.2954
339.463,18.4271
339.476,18.6012
339.482,18.7074
339.488,18.8273
339.494,18.9619
339.501,19.1102
339.507,19.2782
339.513,19.4622
339.519,19.6700
339.526,19.8970
339.532,20.1528
339.538,20.4366
339.545,20.7517
339.551,21.0955
339.557,21.4832
339.563,21.9143
339.570,22.3941
339.576,22.9198
339.582,23.5157
339.588,24.1822
339.595,24.9293
339.601,25.7546
339.607,26.6985
339.613,27.7471
339.617,28.3408
339.620,28.9537
339.623,29.6066
339.626,30.3029
339.629,31.0709
339.632,31.8667
339.635,32.7462
339.639,33.6594
339.642,34.6710
339.645,35.7238
339.648,36.8549
339.651,38.0717
339.654,39.4260
339.657,40.8427
339.661,42.4238
339.664,44.0823
339.667,45.9387
339.670,47.8915
339.673,50.0124
339.676,52.3193
339.679,54.9170
339.682,57.6663
339.686,60.7716
339.689,64.0681
339.692,67.8026
339.695,71.7784
339.698,76.1467
339.701,80.9514
339.704,86.4203
339.708,92.2660
339.711,98.7080
339.714,105.806
339.717,113.888
339.720,122.509
339.722,127.282
339.723,131.965
339.725,137.189
339.726,142.303
339.729,151.299
339.731,160.886
339.734,171.045
339.736,181.299
339.739,192.437
339.741,203.475
339.744,215.195
339.746,226.491
339.748,238.079
339.751,249.215
339.753,259.591
339.756,268.531
339.758,276.461
339.761,282.471
339.763,286.817
339.766,288.995
339.768,289.107
339.771,287.044
339.773,282.929
339.776,277.241
339.778,269.770
339.780,261.393
339.783,251.719
339.785,241.802
339.788,231.086
339.790,220.217
339.793,209.396
339.795,199.199
339.798,188.895
339.800,179.385
339.803,169.933
339.805,161.327
339.808,151.233
339.811,141.876
339.814,133.236
339.817,125.534
339.820,118.200
339.823,111.465
339.826,105.284
339.829,99.7919
339.832,94.5681
339.835,89.7691
339.838,85.3565
339.841,81.4251
339.844,77.6726
339.847,74.3217
339.850,71.1153
339.853,68.2448
339.856,65.4909
339.859,62.9368
339.862,60.5647
339.864,58.4295
339.867,56.3700
339.870,54.4494
339.873,52.6560
339.876,51.0333
339.879,49.4599
339.882,47.9851
339.885,46.6010
339.888,45.3424
339.891,44.1164
339.894,42.9991
339.897,41.9083
339.900,40.9121
339.903,39.9374
339.906,39.0156
339.909,38.1429
339.912,37.3427
339.918,35.8107
339.924,34.4493
339.930,33.1937
339.936,32.0705
339.942,31.0447
339.948,30.1053
339.954,29.2286
339.959,28.4354
339.965,27.7032
339.971,27.0259
339.977,26.3876
339.983,25.8048
339.989,25.2621
339.995,24.7559
340.001,24.2750
340.007,23.8326
340.013,23.4108
340.019,23.0214
340.025,22.6489
340.031,22.3041
340.037,21.9786
340.042,21.6711
340.048,21.3753
340.054,21.0999
340.066,20.5905
340.078,20.1264
340.090,19.7087
340.102,19.3249
340.114,18.9739
340.126,18.6519
340.137,18.3578
340.149,18.0837
340.161,17.8318
340.173,17.5958
340.185,17.3777
340.197,17.1723
340.209,16.9800
340.220,16.7995
340.232,16.6313
340.244,16.4714
340.256,16.3205
340.268,16.1777
340.280,16.0436
340.292,15.9152
340.304,15.7932
340.327,15.5671
340.351,15.3611
340.375,15.1722
340.398,14.9975
340.422,14.8367
340.446,14.6872
340.470,14.5479
340.493,14.4170
340.517,14.2946
340.541,14.1793
340.564,14.0705
340.588,13.9670
340.612,13.8692
340.636,13.7757
340.659,13.6870
340.707,13.5207
340.754,13.3680
340.802,13.2264
340.849,13.0948
340.897,12.9714
340.944,12.8555
340.992,12.7458
341.039,12.6421
341.087,12.5433
341.134,12.4493
341.181,12.3592
341.229,12.2731
341.276,12.1904
341.324,12.1111
341.371,12.0347
341.419,11.9614
341.466,11.8909
341.514,11.8235
341.561,11.7588
341.609,11.6973
341.656,11.6388
341.703,11.5840
341.751,11.5328
341.798,11.4861
341.846,11.4445
341.870,11.4259
341.893,11.4090
341.917,11.3938
341.941,11.3807
341.965,11.3699
341.988,11.3615
342.012,11.3560
342.036,11.3536
342.059,11.3549
342.083,11.3601
342.107,11.3701
342.131,11.3853
342.154,11.4067
342.178,11.4350
342.202,11.4717
342.226,11.5177
342.249,11.5749
342.273,11.6452
342.285,11.6861
342.297,11.7313
342.309,11.7811
342.321,11.8356
342.332,11.8960
342.344,11.9620
342.356,12.0351
342.368,12.1150
342.380,12.2037
342.392,12.3014
342.404,12.4091
342.415,12.5268
342.427,12.6578
342.439,12.8014
342.451,12.9615
342.463,13.1374
342.475,13.3341
342.487,13.5528
342.499,13.7964
342.510,14.0658
342.522,14.3695
342.534,14.7071
342.546,15.0896
342.558,15.5170
342.570,16.0043
342.576,16.2743
342.582,16.5575
342.588,16.8648
342.593,17.1876
342.599,17.5328
342.605,17.9021
342.611,18.3047
342.617,18.7295
342.623,19.1858
342.629,19.6764
342.635,20.2139
342.641,20.7842
342.647,21.4000
342.653,22.0660
342.659,22.8002
342.665,23.5841
342.671,24.4513
342.676,25.3807
342.682,26.4129
342.688,27.5236
342.694,28.7409
342.700,30.0779
342.706,31.5763
342.712,33.2041
342.718,35.0058
342.724,37.0058
342.730,39.2722
342.736,41.7635
342.739,43.1427
342.742,44.5553
342.745,46.1049
342.748,47.6947
342.751,49.4421
342.754,51.3022
342.757,53.2844
342.759,55.3262
342.762,57.5793
342.765,59.9880
342.768,62.5659
342.771,65.2329
342.774,68.1891
342.777,71.3641
342.780,74.7784
342.783,78.3274
342.786,82.2804
342.789,86.3997
342.792,90.9993
342.795,95.8042
342.798,101.183
342.801,107.018
342.804,113.356
342.807,120.010
342.808,123.672
342.810,127.494
342.811,131.484
342.813,135.367
342.814,139.707
342.816,144.240
342.817,148.976
342.819,153.590
342.820,158.748
342.822,164.140
342.823,169.778
342.825,175.671
342.826,181.832
342.828,188.272
342.829,195.005
342.831,201.562
342.832,208.891
342.834,216.548
342.835,224.542
342.837,232.317
342.838,240.994
342.840,250.039
342.841,259.458
342.842,268.592
342.844,277.374
342.845,286.445
342.846,295.805
342.848,305.451
342.849,315.378
342.850,325.579
342.852,336.041
342.853,346.752
342.855,368.842
342.858,391.653
342.861,414.916
342.863,438.271
342.866,461.277
342.868,483.403
342.871,504.056
342.874,522.599
342.876,538.397
342.879,550.862
342.881,559.507
342.884,563.996
342.887,564.173
342.889,560.086
342.892,551.971
342.894,540.231
342.897,525.388
342.900,508.035
342.902,488.786
342.905,468.234
342.907,446.919
342.910,425.310
342.915,382.687
342.918,362.213
342.920,342.541
342.923,323.782
342.926,306.001
342.929,286.735
342.932,269.385
342.934,253.257
342.937,238.301
342.940,223.997
342.943,211.227
342.946,199.424
342.949,188.518
342.952,178.103
342.955,168.808
342.958,160.209
342.961,152.247
342.964,144.624
342.967,137.797
342.970,131.459
342.972,125.566
342.975,119.901
342.978,114.804
342.981,110.050
342.984,105.610
342.987,101.321
342.990,97.4443
342.993,93.8113
342.996,90.4028
342.999,87.0945
343.002,84.0907
343.005,81.2633
343.008,78.5991
343.011,76.0019
343.013,73.6338
343.016,71.3956
343.019,69.2782
343.022,67.2059
343.025,65.3090
343.031,61.8009
343.037,58.5813
343.043,55.7165
343.049,53.0702
343.054,50.7011
343.060,48.5001
343.066,46.5188
343.072,44.6684
343.078,42.9943
343.084,41.4234
343.089,39.9959
343.095,38.6506
343.101,37.4230
343.107,36.2806
343.113,35.2156
343.119,34.2045
343.124,33.2752
343.130,32.3901
343.136,31.5740
343.142,30.7944
343.148,30.0736
343.154,29.3830
343.160,28.7428
343.165,28.1280
343.171,27.5565
343.177,27.0064
343.183,26.4940
343.189,25.9996
343.195,25.5381
343.206,24.6815
343.218,23.8979
343.230,23.1847
343.241,22.5335
343.253,21.9370
343.265,21.3891
343.276,20.8843
343.288,20.4180
343.300,19.9898
343.311,19.5888
343.323,19.2158
343.335,18.8681
343.347,18.5433
343.358,18.2393
343.370,17.9542
343.382,17.6865
343.393,17.4368
343.405,17.1993
343.417,16.9752
343.428,16.7633
343.440,16.5629
343.452,16.3728
343.463,16.1925
343.487,15.8595
343.510,15.5560
343.534,15.2795
343.557,15.0266
343.580,14.7952
343.604,14.5810
343.627,14.3830
343.650,14.1992
343.674,14.0289
343.697,13.8693
343.721,13.7199
343.744,13.5798
343.767,13.4480
343.791,13.3239
343.814,13.2066
343.838,13.0957
343.861,12.9909
343.884,12.8909
343.908,12.7957
343.954,12.6187
344.001,12.4565
344.048,12.3077
344.095,12.1697
344.141,12.0419
344.188,11.9224
344.235,11.8108
344.282,11.7058
344.328,11.6072
344.375,11.5140
344.422,11.4262
344.469,11.3430
344.515,11.2644
344.562,11.1903
344.609,11.1207
344.656,11.0554
344.702,10.9949
344.749,10.9391
344.796,10.8887
344.843,10.8441
344.866,10.8243
344.889,10.8065
344.913,10.7905
344.936,10.7766
344.960,10.7652
344.983,10.7563
345.006,10.7503
345.030,10.7474
345.053,10.7481
345.076,10.7527
345.100,10.7618
345.123,10.7759
345.147,10.7956
345.170,10.8216
345.193,10.8551
345.217,10.8970
345.240,10.9485
345.263,11.0108
345.287,11.0863
345.310,11.1769
345.334,11.2850
345.357,11.4132
345.369,11.4864
345.380,11.5664
345.392,11.6535
345.404,11.7486
345.415,11.8524
345.427,11.9657
345.439,12.0895
345.450,12.2237
345.462,12.3716
345.474,12.5336
345.486,12.7111
345.497,12.9058
345.509,13.1198
345.521,13.3552
345.532,13.6144
345.544,13.8980
345.556,14.2139
345.567,14.5638
345.579,14.9521
345.591,15.3839
345.602,15.8653
345.614,16.4034
345.626,17.0064
345.637,17.6781
345.649,18.4417
345.655,18.8640
345.661,19.3059
345.667,19.7851
345.673,20.2876
345.678,20.8336
345.684,21.4074
345.690,22.0321
345.696,22.6902
345.702,23.4085
345.708,24.1671
345.714,24.9972
345.719,25.8762
345.725,26.8238
345.731,27.8471
345.737,28.9734
345.743,30.1736
345.749,31.4994
345.754,32.9171
345.760,34.4890
345.766,36.1766
345.772,38.0554
345.778,40.0813
345.784,42.3470
345.789,44.8018
345.795,47.5612
345.801,50.5668
345.807,53.9641
345.813,57.6863
345.816,59.7068
345.819,61.8440
345.822,64.1064
345.824,66.5034
345.827,69.1356
345.830,71.8390
345.833,74.7110
345.836,77.7651
345.839,81.1316
345.842,84.6027
345.845,88.3047
345.848,92.2571
345.851,96.6320
345.854,101.162
345.857,106.014
345.860,111.216
345.863,116.999
345.865,123.015
345.868,129.487
345.871,136.456
345.874,144.241
345.877,152.373
345.879,156.832
345.880,161.160
345.882,165.982
345.883,170.663
345.884,175.882
345.886,181.321
345.887,186.990
345.889,192.499
345.890,198.645
345.892,204.619
345.893,211.286
345.895,217.769
345.896,225.005
345.898,232.555
345.899,240.433
345.901,248.094
345.902,256.647
345.903,264.963
345.905,274.245
345.906,283.268
345.908,293.334
345.909,303.114
345.911,314.019
345.912,324.604
345.914,336.395
345.915,347.828
345.917,360.545
345.918,372.857
345.919,385.600
345.921,398.776
345.922,412.384
345.923,425.401
345.926,453.582
345.929,483.215
345.932,515.286
345.934,547.226
345.937,579.781
345.940,612.457
345.943,645.812
345.945,676.713
345.948,705.541
345.951,731.422
345.953,753.480
345.956,770.910
345.959,783.043
345.961,789.417
345.963,790.373
345.964,789.718
345.967,783.990
345.970,772.685
345.972,756.357
345.975,734.888
345.978,710.650
345.981,683.795
345.983,655.136
345.986,624.304
345.989,594.163
345.994,534.714
345.997,506.146
346.000,478.684
346.002,452.482
346.005,427.628
346.008,398.310
346.012,371.194
346.015,346.218
346.019,323.276
346.022,302.241
346.025,282.975
346.029,265.336
346.032,249.641
346.035,234.809
346.039,221.214
346.042,208.740
346.046,197.606
346.049,187.043
346.052,177.317
346.056,168.349
346.059,160.302
346.062,152.626
346.066,145.518
346.069,138.926
346.073,132.978
346.076,127.272
346.079,121.959
346.083,117.003
346.086,112.507
346.089,108.171
346.093,104.112
346.096,100.306
346.100,96.8356
346.103,93.4727
346.106,90.3089
346.110,87.3290
346.113,84.5996
346.116,81.9429
346.120,79.4327
346.123,77.0585
346.127,74.8106
346.130,72.6803
346.133,70.6597
346.140,66.9705
346.147,63.5816
346.154,60.5495
346.160,57.7466
346.167,55.2239
346.174,52.8787
346.181,50.7567
346.187,48.7740
346.194,46.9714
346.201,45.2794
346.208,43.7343
346.214,42.2781
346.221,40.9431
346.228,39.6802
346.235,38.5014
346.242,37.3995
346.248,36.3823
346.255,35.4136
346.262,34.5167
346.269,33.6602
346.275,32.8650
346.282,32.1035
346.289,31.3948
346.296,30.7144
346.302,30.0797
346.309,29.4691
346.316,28.8981
346.329,27.8319
346.343,26.8592
346.356,25.9816
346.370,25.1809
346.383,24.4481
346.397,23.7754
346.410,23.1560
346.424,22.5843
346.437,22.0552
346.451,21.5610
346.464,21.1049
346.478,20.6800
346.491,20.2833
346.505,19.9123
346.518,19.5645
346.532,19.2381
346.545,18.9311
346.559,18.6399
346.573,18.3673
346.586,18.1098
346.600,17.8662
346.613,17.6354
346.627,17.4165
346.640,17.2087
346.654,17.0111
346.681,16.6424
346.708,16.3083
346.735,16.0030
346.762,15.7231
346.789,15.4645
346.816,15.2267
346.843,15.0064
346.870,14.8019
346.897,14.6107
346.924,14.4328
346.951,14.2663
346.978,14.1100
347.005,13.9626
347.032,13.8242
347.059,13.6935
347.086,13.5699
347.113,13.4523
347.140,13.3411
347.167,13.2354
347.194,13.1347
347.221,13.0383
347.248,12.9466
347.302,12.7749
347.356,12.6166
347.410,12.4707
347.464,12.3349
347.518,12.2087
347.572,12.0903
347.626,11.9794
347.680,11.8749
347.734,11.7761
347.789,11.6824
347.843,11.5936
347.897,11.5089
347.951,11.4284
348.005,11.3513
348.059,11.2779
348.113,11.2076
348.167,11.1405
348.221,11.0765
348.275,11.0156
348.329,10.9580
348.383,10.9038
348.410,10.8781
348.437,10.8534
348.464,10.8299
348.491,10.8075
348.518,10.7863
348.545,10.7666
348.572,10.7484
348.599,10.7320
348.626,10.7174
348.653,10.7051
348.680,10.6953
348.707,10.6884
348.734,10.6848
348.761,10.6850
348.788,10.6898
348.815,10.6999
348.842,10.7165
348.856,10.7274
348.869,10.7405
348.883,10.7558
348.896,10.7736
348.910,10.7941
348.923,10.8177
348.937,10.8449
348.951,10.8755
348.964,10.9104
348.978,10.9498
348.991,10.9944
349.005,11.0448
349.018,11.1016
349.032,11.1658
349.045,11.2387
349.059,11.3205
349.072,11.4130
349.086,11.5175
349.099,11.6360
349.113,11.7704
349.126,11.9233
349.140,12.0975
349.153,12.2983
349.160,12.4094
349.167,12.5268
349.174,12.6546
349.180,12.7898
349.187,12.9373
349.194,13.0936
349.201,13.2645
349.207,13.4460
349.214,13.6450
349.221,13.8569
349.228,14.0897
349.234,14.3384
349.241,14.6125
349.248,14.9062
349.255,15.2310
349.261,15.5857
349.268,15.9738
349.275,16.3928
349.282,16.8598
349.288,17.3662
349.295,17.9332
349.302,18.5511
349.309,19.2466
349.315,20.0087
349.322,20.8716
349.329,21.8231
349.332,22.3493
349.336,22.9076
349.339,23.5007
349.342,24.1121
349.346,24.7818
349.349,25.4953
349.353,26.2563
349.356,27.0440
349.359,27.9106
349.363,28.8380
349.366,29.8316
349.369,30.8650
349.373,32.0075
349.376,33.2364
349.380,34.5599
349.383,35.9439
349.386,37.4825
349.390,39.1470
349.393,40.9504
349.396,42.8478
349.400,44.9702
349.403,47.2811
349.407,49.8018
349.410,52.4714
349.413,55.4782
349.417,58.7752
349.420,62.3971
349.423,66.2600
349.427,70.6413
349.430,75.4792
349.434,80.8298
349.437,86.5729
349.439,89.7638
349.440,93.1248
349.442,96.6660
349.444,100.397
349.445,104.330
349.447,108.475
349.449,112.843
349.450,117.169
349.452,122.005
349.454,127.099
349.455,132.462
349.457,138.107
349.459,144.043
349.461,150.280
349.462,156.826
349.464,163.275
349.465,168.723
349.466,173.919
349.468,179.727
349.469,185.252
349.470,191.413
349.471,197.256
349.473,203.750
349.474,209.887
349.475,216.677
349.476,223.065
349.478,230.098
349.479,236.675
349.480,243.871
349.481,250.553
349.484,264.486
349.486,278.207
349.489,291.398
349.491,303.703
349.494,314.742
349.496,324.134
349.499,331.529
349.501,336.637
349.504,339.205
349.506,339.357
349.509,336.963
349.511,332.164
349.514,325.200
349.516,316.383
349.519,306.067
349.521,294.619
349.524,282.393
349.526,269.712
349.529,256.855
349.531,244.056
349.534,231.497
349.536,219.318
349.539,207.617
349.541,196.459
349.544,186.296
349.546,175.522
349.549,165.448
349.552,156.059
349.554,147.329
349.557,139.226
349.560,131.712
349.563,124.750
349.565,118.530
349.568,112.538
349.571,106.984
349.573,101.836
349.576,97.2295
349.579,92.7821
349.581,88.6494
349.584,84.8055
349.587,81.3548
349.589,78.0107
349.592,74.8908
349.595,71.9769
349.597,69.3501
349.600,66.7939
349.603,64.3987
349.605,62.1520
349.608,60.1182
349.611,58.1307
349.613,56.2606
349.616,54.4991
349.619,52.8980
349.621,51.3272
349.624,49.8433
349.627,48.4402
349.629,47.1601
349.632,45.8997
349.635,44.7046
349.640,42.5324
349.645,40.5311
349.651,38.7494
349.656,37.0978
349.661,35.6188
349.667,34.2403
349.672,32.9993
349.678,31.8368
349.683,30.7853
349.688,29.7957
349.694,28.8968
349.699,28.0473
349.704,27.2725
349.710,26.5376
349.715,25.8649
349.720,25.2246
349.726,24.6259
349.731,24.0650
349.736,23.5484
349.742,23.0536
349.747,22.5966
349.753,22.1576
349.758,21.7511
349.763,21.3598
349.769,20.9965
349.774,20.6459
349.779,20.3197
349.790,19.7101
349.801,19.1589
349.811,18.6586
349.822,18.2029
349.833,17.7864
349.843,17.4046
349.854,17.0536
349.865,16.7301
349.876,16.4310
349.886,16.1538
349.897,15.8942
349.908,15.6548
349.918,15.4315
349.929,15.2228
349.940,15.0273
349.951,14.8440
349.961,14.6717
349.972,14.5096
349.983,14.3567
349.993,14.2124
350.004,14.0759
350.015,13.9467
350.025,13.8241
350.036,13.7078
350.058,13.4920
350.079,13.2961
350.100,13.1176
350.122,12.9541
350.143,12.8039
350.165,12.6654
350.186,12.5372
350.207,12.4183
350.229,12.3076
350.250,12.2038
350.272,12.1071
350.293,12.0164
350.314,11.9311
350.336,11.8507
350.357,11.7748
350.379,11.7030
350.400,11.6349
350.421,11.5702
350.443,11.5087
350.464,11.4501
350.486,11.3942
350.528,11.2898
350.571,11.1941
350.614,11.1062
350.657,11.0258
350.700,10.9528
350.721,10.9192
350.743,10.8879
350.764,10.8594
350.785,10.8344
350.807,10.8144
350.828,10.8021
350.839,10.8002
350.850,10.8025
350.860,10.8106
350.871,10.8267
350.882,10.8545
350.892,10.8990
350.898,10.9302
350.903,10.9679
350.908,11.0148
350.914,11.0702
350.923,11.1889
350.932,11.3265
350.937,11.3921
350.941,11.4462
350.946,11.4804
350.950,11.4884
350.955,11.4680
350.960,11.4213
350.964,11.3550
350.969,11.2772
350.978,11.1158
350.987,10.9749
350.996,10.8685
351.004,10.7852
351.012,10.7191
351.021,10.6662
351.029,10.6230
351.038,10.5870
351.054,10.5300
351.071,10.4859
351.088,10.4497
351.105,10.4186
351.122,10.3909
351.155,10.3419
351.189,10.2986
351.223,10.2587
351.256,10.2211
351.290,10.1851
351.323,10.1506
351.391,10.0848
351.458,10.0224
351.525,9.96278
351.592,9.90556
351.660,9.85070
351.727,9.79796
351.794,9.74756
351.828,9.72317
351.861,9.69950
351.895,9.67650
351.929,9.65423
351.962,9.63275
351.996,9.61217
352.029,9.59256
352.063,9.57407
352.097,9.55678
352.130,9.54098
352.164,9.52685
352.197,9.51464
352.231,9.50466
352.265,9.49737
352.298,9.49322
352.332,9.49281
352.366,9.49691
352.399,9.50643
352.416,9.51358
352.433,9.52255
352.450,9.53354
352.466,9.54676
352.483,9.56246
352.500,9.58094
352.517,9.60251
352.534,9.62756
352.550,9.65649
352.567,9.68981
352.584,9.72807
352.601,9.77193
352.618,9.82246
352.635,9.87995
352.651,9.94571
352.668,10.0210
352.685,10.1071
352.702,10.2059
352.719,10.3194
352.735,10.4499
352.752,10.6015
352.761,10.6855
352.769,10.7759
352.777,10.8733
352.786,10.9783
352.794,11.0917
352.803,11.2143
352.811,11.3468
352.819,11.4904
352.828,11.6461
352.836,11.8152
352.845,11.9991
352.853,12.1994
352.861,12.4179
352.870,12.6567
352.878,12.9214
352.887,13.2086
352.895,13.5242
352.904,13.8720
352.912,14.2560
352.920,14.6810
352.929,15.1528
352.937,15.6779
352.946,16.2642
352.954,16.9207
352.962,17.6586
352.967,18.0620
352.971,18.4909
352.975,18.9473
352.979,19.4335
352.983,19.9519
352.988,20.5054
352.992,21.0970
352.996,21.7300
353.000,22.4083
353.004,23.1360
353.009,23.9178
353.013,24.7589
353.017,25.6651
353.021,26.6428
353.025,27.6995
353.030,28.8434
353.034,30.0838
353.038,31.4312
353.042,32.8976
353.046,34.4966
353.051,36.2437
353.055,38.1565
353.059,40.2554
353.063,42.5636
353.067,45.1080
353.072,47.9194
353.076,51.0336
353.080,54.4920
353.084,58.3429
353.086,60.4327
353.088,62.6422
353.090,64.9799
353.093,67.4550
353.095,70.0772
353.097,72.8572
353.099,75.8064
353.101,78.9370
353.103,82.2624
353.105,85.7969
353.107,89.5557
353.109,93.5553
353.111,97.8132
353.114,102.348
353.116,107.180
353.118,112.330
353.120,117.820
353.122,123.673
353.124,129.914
353.126,136.566
353.128,143.655
353.130,151.204
353.132,159.237
353.135,167.777
353.137,176.841
353.139,186.444
353.140,192.663
353.141,199.094
353.143,205.734
353.144,212.047
353.145,219.083
353.146,225.754
353.148,233.163
353.149,240.161
353.150,247.903
353.151,255.794
353.153,263.814
353.154,271.312
353.156,287.122
353.159,302.981
353.162,319.205
353.164,334.180
353.167,348.135
353.169,360.647
353.172,371.290
353.174,379.674
353.177,385.476
353.179,388.473
353.180,388.884
353.182,388.506
353.184,385.608
353.187,380.002
353.189,371.958
353.192,361.385
353.194,349.506
353.197,336.365
353.199,322.356
353.202,307.255
353.204,292.545
353.207,277.911
353.209,263.556
353.212,249.635
353.214,236.259
353.217,223.500
353.219,211.401
353.221,203.111
353.223,195.174
353.225,187.589
353.227,180.350
353.228,173.447
353.230,166.872
353.232,160.613
353.234,154.981
353.235,149.302
353.237,143.901
353.239,138.767
353.241,134.151
353.243,129.498
353.244,125.074
353.248,117.082
353.251,109.631
353.255,103.057
353.259,96.9108
353.262,91.4716
353.266,86.3698
353.269,81.8388
353.273,77.5732
353.276,73.7709
353.280,70.1782
353.283,66.8757
353.287,63.8344
353.291,61.1034
353.294,58.5043
353.298,56.1624
353.301,53.9262
353.305,51.9048
353.308,49.9684
353.312,48.2126
353.315,46.5256
353.319,44.9916
353.323,43.5136
353.326,42.1659
353.330,40.8640
353.333,39.6739
353.337,38.5214
353.340,37.4361
353.344,36.4128
353.347,35.4729
353.351,34.5587
353.355,33.7173
353.358,32.8972
353.362,32.1409
353.369,30.7201
353.376,29.4349
353.383,28.2685
353.390,27.2064
353.397,26.2365
353.404,25.3482
353.411,24.5325
353.418,23.7816
353.426,23.0886
353.433,22.4477
353.440,21.8535
353.447,21.3017
353.454,20.7811
353.461,20.3027
353.468,19.8557
353.475,19.4376
353.482,19.0456
353.490,18.6777
353.497,18.3318
353.504,18.0062
353.511,17.6993
353.518,17.4095
353.525,17.1356
353.532,16.8764
353.539,16.6308
353.546,16.3979
353.561,15.9665
353.575,15.5733
353.589,15.2186
353.603,14.8950
353.617,14.5990
353.632,14.3272
353.646,14.0769
353.660,13.8459
353.674,13.6320
353.689,13.4322
353.703,13.2477
353.717,13.0757
353.731,12.9151
353.745,12.7648
353.760,12.6238
353.774,12.4914
353.788,12.3669
353.802,12.2487
353.816,12.1381
353.831,12.0335
353.845,11.9345
353.873,11.7520
353.902,11.5875
353.930,11.4383
353.959,11.3035
353.987,11.1810
354.015,11.0695
354.044,10.9676
354.072,10.8754
354.101,10.7916
354.129,10.7158
354.158,10.6476
354.186,10.5870
354.214,10.5338
354.243,10.4882
354.271,10.4502
354.300,10.4204
354.328,10.3995
354.356,10.3881
354.385,10.3874
354.399,10.3916
354.413,10.3990
354.428,10.4099
354.442,10.4246
354.456,10.4434
354.470,10.4668
354.484,10.4953
354.499,10.5290
354.513,10.5686
354.527,10.6148
354.541,10.6684
354.555,10.7300
354.570,10.8008
354.584,10.8817
354.598,10.9748
354.612,11.0802
354.627,11.2003
354.641,11.3372
354.655,11.4931
354.669,11.6711
354.683,11.8743
354.698,12.1069
354.712,12.3756
354.719,12.5238
354.726,12.6827
354.733,12.8534
354.740,13.0370
354.747,13.2344
354.754,13.4471
354.762,13.6765
354.769,13.9240
354.776,14.1915
354.783,14.4810
354.790,14.7947
354.797,15.1350
354.804,15.5049
354.811,15.9075
354.818,16.3530
354.826,16.8331
354.833,17.3585
354.840,17.9347
354.847,18.5679
354.854,19.2653
354.861,20.0353
354.868,20.8877
354.875,21.8338
354.882,22.8869
354.889,24.0628
354.897,25.3800
354.900,26.1089
354.904,26.8608
354.907,27.6823
354.911,28.5316
354.914,29.4612
354.918,30.4242
354.921,31.4807
354.925,32.5773
354.929,33.7832
354.932,35.0751
354.936,36.4608
354.939,37.9063
354.943,39.5039
354.946,41.1748
354.950,43.0265
354.953,44.9689
354.957,47.1278
354.961,49.3994
354.964,51.9320
354.968,54.6055
354.971,57.5963
354.975,60.7640
354.978,64.3203
354.982,68.1004
354.985,72.3596
354.989,76.9038
354.991,79.4109
354.993,82.0428
354.994,84.8068
354.996,87.5460
354.998,90.5906
355.000,93.7925
355.001,97.1614
355.003,100.506
355.005,104.229
355.007,108.152
355.009,112.286
355.010,116.396
355.012,120.978
355.014,125.812
355.016,130.913
355.017,135.989
355.019,141.653
355.021,147.633
355.023,153.945
355.024,160.228
355.026,167.238
355.028,174.634
355.030,182.434
355.032,190.188
355.033,198.822
355.035,207.909
355.037,217.460
355.039,226.916
355.040,234.437
355.041,242.209
355.043,250.231
355.044,258.502
355.045,267.017
355.046,275.768
355.048,284.746
355.049,293.224
355.050,302.600
355.052,312.155
355.054,330.946
355.057,350.866
355.059,370.095
355.062,389.792
355.064,408.722
355.067,426.361
355.069,441.584
355.072,455.067
355.075,465.301
355.077,472.692
355.080,476.400
355.082,476.592
355.085,473.088
355.087,466.100
355.090,456.424
355.093,443.733
355.095,429.480
355.098,413.048
355.100,396.178
355.103,377.982
355.105,359.527
355.110,323.818
355.113,306.328
355.116,290.164
355.118,274.127
355.121,259.502
355.123,244.612
355.126,231.162
355.129,218.099
355.131,206.361
355.134,195.006
355.137,184.831
355.139,175.356
355.142,166.535
355.144,158.020
355.147,150.396
355.150,143.031
355.152,136.432
355.155,130.050
355.158,124.324
355.160,118.975
355.163,113.976
355.166,109.126
355.168,104.758
355.171,100.512
355.173,96.6812
355.176,92.9494
355.179,89.5755
355.181,86.4010
355.184,83.4112
355.187,80.4876
355.189,77.8341
355.192,75.3280
355.194,72.9590
355.197,70.6337
355.200,68.5154
355.202,66.5077
355.205,64.6031
355.208,62.7272
355.210,61.0125
355.216,57.7720
355.221,54.8383
355.226,52.2221
355.231,49.7917
355.237,47.5724
355.242,45.5405
355.247,43.7093
355.252,41.9909
355.258,40.4063
355.263,38.9421
355.268,37.6109
355.274,36.3511
355.279,35.2014
355.284,34.1094
355.289,33.1094
355.295,32.1565
355.300,31.2646
355.305,30.4288
355.310,29.6585
355.316,28.9202
355.321,28.2252
355.326,27.5702
355.331,26.9635
355.337,26.3790
355.342,25.8261
355.347,25.3025
355.353,24.8154
355.363,23.9044
355.374,23.0802
355.384,22.3249
355.395,21.6435
355.405,21.0149
355.416,20.4442
355.426,19.9146
355.437,19.4312
355.447,18.9843
355.458,18.5702
355.468,18.1822
355.479,17.8246
355.490,17.4881
355.500,17.1768
355.511,16.8826
355.521,16.6095
355.532,16.3530
355.542,16.1116
355.553,15.8821
355.563,15.6677
355.574,15.4631
355.584,15.2715
355.595,15.0882
355.605,14.9161
355.616,14.7526
355.626,14.5971
355.648,14.3069
355.669,14.0429
355.690,13.8020
355.711,13.5823
355.732,13.3793
355.753,13.1931
355.774,13.0200
355.795,12.8603
355.816,12.7112
355.837,12.5723
355.858,12.4427
355.879,12.3221
355.900,12.2086
355.921,12.1022
355.943,12.0023
355.964,11.9090
355.985,11.8209
356.006,11.7381
356.027,11.6604
356.048,11.5880
356.069,11.5199
356.090,11.4566
356.111,11.3982
356.132,11.3449
356.153,11.2966
356.174,11.2542
356.195,11.2183
356.216,11.1903
356.238,11.1715
356.248,11.1664
356.259,11.1648
356.269,11.1670
356.280,11.1738
356.290,11.1859
356.301,11.2044
356.311,11.2308
356.322,11.2662
356.332,11.3136
356.343,11.3747
356.354,11.4546
356.359,11.5030
356.364,11.5568
356.369,11.6192
356.375,11.6888
356.380,11.7695
356.385,11.8599
356.390,11.9652
356.396,12.0860
356.401,12.2250
356.406,12.3822
356.411,12.5674
356.417,12.7784
356.422,13.0290
356.427,13.3165
356.430,13.4848
356.432,13.6608
356.435,13.8594
356.438,14.0675
356.440,14.3027
356.443,14.5496
356.446,14.8185
356.448,15.1113
356.451,15.4434
356.454,15.7926
356.456,16.1732
356.459,16.5879
356.461,17.0574
356.464,17.5497
356.467,18.0838
356.469,18.6614
356.472,19.2341
356.474,19.8450
356.476,20.4928
356.479,21.1459
356.483,22.5607
356.488,24.0298
356.491,24.7700
356.493,25.4522
356.495,26.1164
356.498,26.6879
356.500,27.1958
356.502,27.5797
356.505,27.8575
356.507,27.9955
356.509,28.0009
356.512,27.8662
356.514,27.5993
356.516,27.2322
356.519,26.7497
356.521,26.2101
356.524,25.5865
356.526,24.9488
356.531,23.5886
356.535,22.2370
356.538,21.5737
356.540,20.9626
356.542,20.3541
356.545,19.8009
356.548,19.1032
356.551,18.4603
356.554,17.8705
356.557,17.3309
356.560,16.8382
356.563,16.3886
356.566,15.9784
356.569,15.6042
356.573,15.2624
356.576,14.9500
356.579,14.6641
356.582,14.4021
356.585,14.1615
356.588,13.9404
356.591,13.7368
356.594,13.5490
356.597,13.3754
356.600,13.2147
356.607,12.9274
356.613,12.6788
356.619,12.4622
356.625,12.2724
356.631,12.1051
356.638,11.9567
356.644,11.8244
356.650,11.7059
356.656,11.5993
356.662,11.5028
356.669,11.4152
356.675,11.3354
356.681,11.2623
356.693,11.1332
356.706,11.0228
356.718,10.9272
356.731,10.8435
356.743,10.7701
356.755,10.7040
356.768,10.6446
356.780,10.5907
356.793,10.5415
356.817,10.4545
356.842,10.3796
356.867,10.3138
356.892,10.2550
356.917,10.2019
356.941,10.1535
356.966,10.1087
356.991,10.0669
357.016,10.0278
357.040,9.99092
357.090,9.92271
357.140,9.86056
357.189,9.80295
357.239,9.74912
357.288,9.69841
357.338,9.65042
357.387,9.60458
357.437,9.56069
357.487,9.51849
357.536,9.47788
357.635,9.40036
357.734,9.32725
357.834,9.25764
357.933,9.19107
358.032,9.12695
358.131,9.06506
358.230,9.00498
358.329,8.94658
358.429,8.88957
358.528,8.83394
358.627,8.77953
358.726,8.72647
358.776,8.70045
358.825,8.67484
358.875,8.64971
358.924,8.62519
358.974,8.60132
359.023,8.57835
359.073,8.55657
359.123,8.53643
359.172,8.51850
359.197,8.51066
359.222,8.50379
359.247,8.49810
359.271,8.49387
359.296,8.49147
359.321,8.49136
359.346,8.49416
359.370,8.50072
359.395,8.51221
359.420,8.53025
359.432,8.54242
359.445,8.55716
359.457,8.57495
359.470,8.59633
359.482,8.62201
359.494,8.65285
359.507,8.68994
359.519,8.73426
359.532,8.78828
359.544,8.85394
359.556,8.93425
359.563,8.98109
359.569,9.03318
359.575,9.09124
359.581,9.15611
359.587,9.22878
359.594,9.31042
359.600,9.40241
359.606,9.50643
359.612,9.62445
359.618,9.75657
359.624,9.91000
359.631,10.0862
359.637,10.2897
359.643,10.5257
359.649,10.8010
359.652,10.9560
359.655,11.1240
359.659,11.3066
359.662,11.5054
359.665,11.7220
359.668,11.9584
359.671,12.2170
359.674,12.5003
359.677,12.8112
359.680,13.1528
359.683,13.5289
359.686,13.9437
359.690,14.4017
359.693,14.9081
359.696,15.4687
359.699,16.0898
359.702,16.7783
359.705,17.5415
359.708,18.3870
359.711,19.3222
359.714,20.3543
359.717,21.4504
359.720,22.3985
359.722,23.3665
359.724,24.3910
359.727,25.4683
359.731,27.8038
359.736,30.1780
359.738,31.4008
359.741,32.5276
359.743,33.5805
359.745,34.5280
359.748,35.3699
359.750,36.0061
359.752,36.4508
359.755,36.6871
359.756,36.7247
359.757,36.7033
359.759,36.5002
359.762,36.0951
359.764,35.5076
359.766,34.7280
359.769,33.8517
359.771,32.8796
359.773,31.8411
359.778,29.6212
359.782,27.4594
359.785,26.3748
359.787,25.3759
359.789,24.4222
359.792,23.5171
359.794,22.5901
359.797,21.7225
359.799,20.9130
359.802,20.1597
359.804,19.4597
359.807,18.8100
359.809,18.2073
359.812,17.6485
359.814,17.1304
359.817,16.6497
359.819,16.2036
359.822,15.7894
359.824,15.4045
359.827,15.0465
359.829,14.7132
359.832,14.4026
359.834,14.1128
359.837,13.8422
359.839,13.5893
359.842,13.3526
359.847,12.9229
359.852,12.5441
359.857,12.2088
359.862,11.9107
359.867,11.6447
359.872,11.4064
359.877,11.1921
359.882,10.9988
359.887,10.8237
359.892,10.6647
359.897,10.5198
359.902,10.3874
359.907,10.2661
359.912,10.1547
359.922,9.95720
359.932,9.78809
359.942,9.64201
359.952,9.51479
359.962,9.40319
359.972,9.30462
359.982,9.21701
359.992,9.13869
360.002,9.06830
360.012,9.00470
360.022,8.94696
360.032,8.89432
360.052,8.80182
360.072,8.72309
360.092,8.65516
360.112,8.59582
360.132,8.54340
360.152,8.49662
360.172,8.45449
360.192,8.41623
360.212,8.38122
360.232,8.34896
360.272,8.29113
360.312,8.24027
360.352,8.19469
360.392,8.15319
360.432,8.11496
360.472,8.07917
360.512,8.04542
360.552,8.01333
360.592,7.98261
360.672,7.92436
360.752,7.86937
360.832,7.81655
360.912,7.76536
360.992,7.71532
361.071,7.66616
361.151,7.61751
361.231,7.56923
361.311,7.52117
361.391,7.47326
361.471,7.42528
361.551,7.37721
361.631,7.32898
361.711,7.28060
361.791,7.23191
361.871,7.18291
361.951,7.13360
362.031,7.08401
362.111,7.03401
362.191,6.98366
362.271,6.93298
362.351,6.88207
362.431,6.83083
362.511,6.77940
362.591,6.72787
362.671,6.67642
362.751,6.62510
362.831,6.57418
362.911,6.52394
362.991,6.47481
363.071,6.42714
363.151,6.38161
363.191,6.35989
363.231,6.33903
363.271,6.31917
363.311,6.30051
363.351,6.28316
363.391,6.26738
363.431,6.25342
363.471,6.24157
363.511,6.23217
363.551,6.22563
363.591,6.22239
363.631,6.22301
363.671,6.22814
363.711,6.23853
363.751,6.25509
363.791,6.27892
363.831,6.31130
363.871,6.35382
363.911,6.40837
363.951,6.47709
363.971,6.51779
363.991,6.56319
364.011,6.61377
364.031,6.67004
364.051,6.73259
364.071,6.80207
364.091,6.87921
364.111,6.96484
364.131,7.05989
364.151,7.16542
364.171,7.28263
364.191,7.41288
364.211,7.55775
364.231,7.71901
364.251,7.89873
364.270,8.09823
364.290,8.32226
364.310,8.57305
364.330,8.85436
364.350,9.17056
364.370,9.52682
364.390,9.92926
364.410,10.3852
364.430,10.9033
364.440,11.1888
364.450,11.4940
364.460,11.8206
364.470,12.1703
364.480,12.5452
364.490,12.9476
364.500,13.3800
364.510,13.8451
364.520,14.3462
364.530,14.8867
364.540,15.4705
364.550,16.1021
364.560,16.7863
364.570,17.5290
364.580,18.3363
364.590,19.2064
364.600,20.1650
364.610,21.2132
364.620,22.3617
364.630,23.6230
364.635,24.3004
364.640,25.0115
364.645,25.7586
364.650,26.5440
364.655,27.3701
364.660,28.2398
364.665,29.1560
364.670,30.1219
364.675,31.1410
364.680,32.2170
364.685,33.3541
364.690,34.5569
364.695,35.8301
364.700,37.1791
364.705,38.6098
364.710,40.1287
364.715,41.7428
364.720,43.4597
364.725,45.2882
364.730,47.2375
364.735,49.3181
364.740,51.5415
364.745,53.9205
364.750,56.4691
364.755,59.2033
364.760,62.1406
364.765,65.3006
364.770,68.7054
364.775,72.3797
364.780,76.3511
364.785,80.6512
364.790,85.3150
364.793,87.7957
364.795,90.3828
364.798,93.0822
364.800,95.9000
364.803,98.8429
364.805,101.918
364.808,105.133
364.810,108.496
364.813,112.016
364.815,115.702
364.818,119.563
364.820,123.611
364.823,127.858
364.825,132.315
364.828,136.995
364.830,141.913
364.833,147.084
364.835,152.524
364.838,158.251
364.840,164.284
364.843,170.643
364.845,177.350
364.848,184.429
364.850,191.905
364.853,199.806
364.855,208.161
364.858,217.002
364.860,226.363
364.863,236.281
364.865,246.795
364.868,257.948
364.870,269.786
364.873,282.357
364.875,295.714
364.878,309.912
364.880,325.011
364.883,341.072
364.885,358.163
364.888,376.352
364.890,395.712
364.893,416.316
364.895,438.240
364.898,461.561
364.900,486.351
364.903,512.682
364.905,540.619
364.908,570.217
364.910,600.233
364.913,641.359
364.916,685.127
364.920,731.450
364.923,778.531
364.926,829.198
364.929,879.735
364.935,984.385
364.938,1036.67
364.941,1085.19
364.944,1131.81
364.947,1172.12
364.950,1207.37
364.953,1234.01
364.956,1252.72
364.959,1261.59
364.962,1260.87
364.965,1250.26
364.968,1230.34
364.971,1203.11
364.975,1167.99
364.978,1128.55
364.981,1083.58
364.984,1037.28
364.990,939.344
364.996,842.391
364.999,795.145
365.002,751.252
365.005,708.033
365.008,668.412
365.010,639.543
365.013,613.156
365.015,586.841
365.017,562.862
365.019,539.009
365.022,517.317
365.024,496.685
365.026,477.071
365.028,457.607
365.030,439.937
365.033,423.151
365.035,407.203
365.037,391.382
365.039,377.019
365.042,363.369
365.044,350.392
365.046,337.506
365.048,325.795
365.053,303.574
365.057,283.463
365.062,265.618
365.066,249.021
365.071,234.237
365.075,220.434
365.079,208.090
365.084,196.519
365.088,185.904
365.093,176.146
365.097,167.352
365.102,159.046
365.106,151.533
365.111,144.412
365.115,137.949
365.120,131.803
365.124,126.084
365.129,120.754
365.133,115.886
365.138,111.229
365.142,106.964
365.146,102.872
365.151,99.1144
365.155,95.5007
365.160,92.1008
365.164,88.8982
365.169,85.9431
365.173,83.0879
365.178,80.4478
365.182,77.8917
365.187,75.5233
365.196,71.0457
365.204,67.0498
365.213,63.4291
365.222,60.1376
365.231,57.1041
365.240,54.3622
365.249,51.8479
365.258,49.5363
365.267,47.3829
365.276,45.4167
365.285,43.5963
365.294,41.9074
365.303,40.3204
365.312,38.8594
365.320,37.4961
365.329,36.2219
365.338,35.0160
365.347,33.8981
365.356,32.8483
365.365,31.8610
365.374,30.9210
365.383,30.0446
365.392,29.2171
365.401,28.4348
365.410,27.6862
365.419,26.9848
365.436,25.6877
365.454,24.5092
365.472,23.4463
365.490,22.4734
365.508,21.5898
365.526,20.7757
365.544,20.0318
365.561,19.3423
365.579,18.7089
365.597,18.1189
365.615,17.5742
365.633,17.0645
365.651,16.5920
365.669,16.1480
365.686,15.7349
365.704,15.3453
365.722,14.9815
365.740,14.6374
365.758,14.3151
365.776,14.0093
365.793,13.7222
365.829,13.1922
365.865,12.7162
365.901,12.2873
365.936,11.8997
365.972,11.5486
366.008,11.2301
366.043,10.9412
366.079,10.6793
366.115,10.4423
366.150,10.2287
366.186,10.0374
366.222,9.86760
366.258,9.71902
366.293,9.59167
366.329,9.48597
366.365,9.40281
366.400,9.34353
366.436,9.31002
366.472,9.30485
366.507,9.33135
366.543,9.39380
366.579,9.49771
366.597,9.56754
366.615,9.65009
366.632,9.74747
366.650,9.85994
366.668,9.99031
366.686,10.1388
366.704,10.3092
366.722,10.5018
366.740,10.7213
366.757,10.9684
366.775,11.2493
366.793,11.5648
366.811,11.9232
366.829,12.3259
366.847,12.7839
366.864,13.2996
366.882,13.8878
366.900,14.5525
366.909,14.9229
366.918,15.3141
366.927,15.7323
366.936,16.1795
366.945,16.6638
366.954,17.1773
366.963,17.7279
366.972,18.3192
366.981,18.9622
366.989,19.6468
366.998,20.3845
367.007,21.1806
367.016,22.0509
367.021,22.5127
367.025,22.9827
367.030,23.4832
367.034,23.9929
367.039,24.5361
367.043,25.0898
367.047,25.6805
367.052,26.2972
367.056,26.9414
367.061,27.5993
367.065,28.3026
367.070,29.0216
367.074,29.7911
367.079,30.5787
367.083,31.4225
367.088,32.3074
367.092,33.2360
367.097,34.1890
367.101,35.2127
367.105,36.2646
367.110,37.3961
367.114,38.5606
367.119,39.8152
367.123,41.1386
367.128,42.5358
367.132,43.9785
367.137,45.5382
367.141,47.1516
367.146,48.8991
367.150,50.7105
367.155,52.6764
367.159,54.7664
367.164,56.9907
367.168,59.3067
367.172,61.8321
367.177,64.4681
367.181,67.3498
367.186,70.3660
367.190,73.6729
367.195,77.2262
367.199,81.0504
367.204,85.0780
367.208,89.5228
367.213,94.2206
367.217,99.4243
367.221,104.946
367.226,111.087
367.230,117.785
367.235,125.109
367.239,132.949
367.244,141.750
367.248,151.217
367.253,161.897
367.257,173.444
367.259,179.963
367.262,186.537
367.264,193.463
367.266,200.764
367.268,208.824
367.271,216.970
367.273,225.569
367.275,234.651
367.277,244.695
367.279,254.859
367.282,265.599
367.284,276.947
367.286,289.496
367.288,302.185
367.291,315.574
367.293,329.685
367.295,343.157
367.297,357.252
367.301,387.306
367.305,419.754
367.309,453.419
367.313,489.497
367.317,526.322
367.321,562.800
367.325,596.836
367.328,628.240
367.330,643.035
367.332,656.177
367.335,672.069
367.337,686.396
367.340,699.264
367.342,710.408
367.347,730.667
367.352,747.998
367.362,779.002
367.367,792.121
367.372,801.735
367.375,805.344
367.378,806.781
367.381,805.922
367.384,802.560
367.387,794.448
367.391,782.018
367.395,765.463
367.398,745.182
367.402,721.730
367.406,695.759
367.410,667.955
367.413,638.990
367.421,579.946
367.424,550.840
367.428,522.503
367.432,495.193
367.435,469.090
367.439,444.309
367.443,421.523
367.448,390.952
367.453,363.100
367.458,337.845
367.464,315.019
367.469,294.434
367.474,275.894
367.479,259.211
367.484,244.205
367.490,230.710
367.495,218.575
367.500,207.667
367.505,197.862
367.510,189.055
367.516,181.150
367.521,174.065
367.526,167.841
367.531,162.171
367.536,157.129
367.541,152.666
367.547,148.740
367.552,145.314
367.557,142.359
367.562,139.849
367.567,137.797
367.573,136.106
367.578,134.806
367.583,133.888
367.588,133.344
367.593,133.170
367.599,133.367
367.604,133.935
367.609,134.860
367.614,136.187
367.619,137.913
367.624,140.055
367.630,142.632
367.635,145.670
367.640,149.197
367.645,153.246
367.650,157.858
367.656,163.078
367.661,168.961
367.666,175.567
367.671,182.968
367.676,191.245
367.682,200.493
367.687,210.821
367.692,222.120
367.697,234.974
367.700,241.957
367.702,249.341
367.705,257.150
367.708,265.411
367.710,274.153
367.713,283.407
367.715,293.206
367.718,303.584
367.721,314.581
367.723,326.238
367.726,338.597
367.728,351.706
367.731,365.616
367.733,379.795
367.736,395.434
367.739,412.042
367.741,429.685
367.744,448.431
367.746,468.351
367.749,489.522
367.752,512.023
367.754,535.935
367.757,561.343
367.759,588.331
367.762,616.986
367.765,647.390
367.767,679.625
367.770,713.764
367.772,749.871
367.775,786.492
367.778,839.339
367.782,895.696
367.785,955.470
367.788,1016.55
367.792,1082.25
367.795,1150.20
367.802,1287.28
367.805,1356.09
367.809,1422.36
367.812,1484.32
367.815,1538.49
367.819,1586.29
367.822,1624.18
367.826,1650.69
367.829,1664.54
367.832,1666.10
367.836,1654.87
367.839,1631.55
367.842,1598.47
367.846,1555.15
367.849,1504.22
367.853,1447.51
367.856,1388.63
367.863,1261.60
367.869,1136.92
367.873,1076.00
367.876,1017.42
367.880,961.518
367.883,910.010
367.886,864.175
367.889,820.825
367.892,779.929
367.895,742.628
367.898,706.352
367.901,673.347
367.904,641.305
367.907,612.188
367.911,583.939
367.914,558.275
367.917,533.375
367.920,510.744
367.923,488.774
367.926,468.790
367.929,449.370
367.932,431.685
367.935,414.479
367.938,398.791
367.941,383.506
367.944,369.548
367.947,355.930
367.950,343.477
367.953,331.307
367.956,320.161
367.959,309.253
367.962,299.247
367.965,289.440
367.968,280.430
367.975,263.448
367.981,248.079
367.987,234.128
367.993,221.430
367.999,209.842
368.005,199.239
368.011,189.515
368.017,180.574
368.023,172.335
368.029,164.727
368.036,157.686
368.042,151.157
368.048,145.091
368.054,139.444
368.060,134.180
368.066,129.262
368.072,124.662
368.078,120.351
368.084,116.241
368.091,112.443
368.097,108.868
368.103,105.500
368.109,102.321
368.115,99.3181
368.121,96.4776
368.127,93.7876
368.133,91.2374
368.139,88.8172
368.152,84.3313
368.164,80.2668
368.176,76.5705
368.188,73.1976
368.200,70.1098
368.213,67.2746
368.225,64.6639
368.237,62.2534
368.249,60.0223
368.261,57.9522
368.274,56.0273
368.286,54.2193
368.298,52.5452
368.310,50.9790
368.322,49.5111
368.335,48.1330
368.347,46.8369
368.359,45.6161
368.371,44.4646
368.383,43.3768
368.396,42.3478
368.408,41.3731
368.420,40.4488
368.432,39.5711
368.444,38.7368
368.469,37.1865
368.493,35.7767
368.518,34.4898
368.542,33.3108
368.566,32.2270
368.591,31.2278
368.615,30.3039
368.640,29.4472
368.664,28.6508
368.689,27.9058
368.713,27.2131
368.737,26.5647
368.762,25.9567
368.786,25.3855
368.811,24.8479
368.835,24.3410
368.859,23.8623
368.884,23.4078
368.908,22.9790
368.933,22.5724
368.957,22.1862
368.981,21.8189
369.006,21.4692
369.030,21.1358
369.055,20.8177
369.104,20.2219
369.152,19.6771
369.201,19.1760
369.250,18.7135
369.299,18.2852
369.348,17.8874
369.396,17.5170
369.445,17.1710
369.494,16.8465
369.543,16.5426
369.592,16.2569
369.640,15.9876
369.689,15.7329
369.738,15.4925
369.787,15.2647
369.836,15.0486
369.885,14.8428
369.933,14.6475
369.982,14.4613
370.031,14.2839
370.080,14.1146
370.129,13.9530
370.177,13.7987
370.226,13.6515
370.275,13.5110
370.324,13.3778
370.373,13.2518
370.422,13.1334
370.446,13.0774
370.470,13.0238
370.495,12.9726
370.519,12.9243
370.544,12.8793
370.568,12.8380
370.592,12.8010
370.617,12.7694
370.641,12.7440
370.666,12.7268
370.678,12.7219
370.690,12.7198
370.702,12.7211
370.714,12.7261
370.727,12.7355
370.739,12.7500
370.751,12.7704
370.763,12.7979
370.775,12.8336
370.788,12.8793
370.800,12.9370
370.812,13.0092
370.824,13.0992
370.830,13.1522
370.836,13.2113
370.843,13.2773
370.849,13.3510
370.855,13.4334
370.861,13.5257
370.867,13.6292
370.873,13.7454
370.879,13.8762
370.885,14.0236
370.891,14.1903
370.897,14.3793
370.904,14.5942
370.910,14.8394
370.916,15.1201
370.922,15.4427
370.925,15.6252
370.928,15.8152
370.931,16.0266
370.934,16.2472
370.937,16.4932
370.940,16.7507
370.943,17.0386
370.946,17.3406
370.949,17.6794
370.952,18.0357
370.955,18.4366
370.958,18.8596
370.962,19.3369
370.965,19.8420
370.968,20.4138
370.971,21.0207
370.974,21.7097
370.977,22.4432
370.980,23.2782
370.983,24.1693
370.986,25.1858
370.989,26.2725
370.992,27.5134
370.995,28.8403
370.998,30.3545
371.001,31.9701
371.004,33.8065
371.007,35.7543
371.010,37.4371
371.012,39.2307
371.014,41.1322
371.017,43.0490
371.022,47.2921
371.024,49.4919
371.026,51.6088
371.029,53.7851
371.031,55.8777
371.033,57.8289
371.036,59.5092
371.038,61.0053
371.040,62.1408
371.043,62.9690
371.045,63.3911
371.048,63.4291
371.050,63.0601
371.052,62.3067
371.055,61.2597
371.057,59.8762
371.059,58.2520
371.062,56.4461
371.064,54.5977
371.069,50.5654
371.074,46.6387
371.076,44.7104
371.078,42.9329
371.081,41.1623
371.083,39.5518
371.085,38.4175
371.086,37.3312
371.088,36.2925
371.090,35.3578
371.091,34.4093
371.093,33.5574
371.095,32.6941
371.096,31.9196
371.098,31.1356
371.100,30.4326
371.103,29.0836
371.106,27.8599
371.110,26.7494
371.113,25.7115
371.116,24.7967
371.120,23.9635
371.123,23.2035
371.126,22.5090
371.129,21.8733
371.133,21.2903
371.136,20.7547
371.139,20.2473
371.143,19.7938
371.146,19.3748
371.149,18.9870
371.153,18.6275
371.156,18.2936
371.159,17.9830
371.163,17.6935
371.166,17.4155
371.169,17.1636
371.173,16.9277
371.176,16.7066
371.179,16.4990
371.182,16.3038
371.189,15.9470
371.196,15.6246
371.202,15.3406
371.209,15.0853
371.216,14.8548
371.222,14.6428
371.229,14.4530
371.235,14.2796
371.242,14.1207
371.249,13.9725
371.255,13.8380
371.262,13.7135
371.269,13.5981
371.275,13.4893
371.282,13.3893
371.295,13.2085
371.308,13.0480
371.322,12.9066
371.335,12.7792
371.348,12.6652
371.361,12.5611
371.375,12.4668
371.388,12.3796
371.401,12.2999
371.414,12.2255
371.428,12.1568
371.441,12.0921
371.454,12.0319
371.481,11.9212
371.507,11.8223
371.533,11.7323
371.560,11.6497
371.586,11.5735
371.613,11.5025
371.639,11.4359
371.666,11.3732
371.692,11.3137
371.719,11.2574
371.772,11.1514
371.825,11.0534
371.878,10.9618
371.931,10.8755
371.984,10.7934
372.037,10.7149
372.090,10.6396
372.143,10.5672
372.249,10.4291
372.355,10.2987
372.461,10.1745
372.566,10.0556
372.672,9.94101
372.778,9.83028
372.884,9.72272
372.990,9.61800
373.096,9.51576
373.202,9.41581
373.308,9.31768
373.414,9.22132
373.520,9.12637
373.626,9.03282
373.732,8.94037
373.838,8.84912
373.944,8.75892
374.050,8.67026
374.103,8.62672
374.156,8.58412
374.209,8.54314
374.262,8.50536
374.288,8.48862
374.315,8.47449
374.341,8.46469
374.355,8.46236
374.368,8.46259
374.381,8.46641
374.394,8.47530
374.408,8.49184
374.421,8.51967
374.427,8.54005
374.434,8.56572
374.441,8.59846
374.447,8.64021
374.454,8.69349
374.460,8.76140
374.467,8.84757
374.474,8.95559
374.478,9.04510
374.483,9.14606
374.492,9.37136
374.497,9.48283
374.501,9.57949
374.506,9.64859
374.510,9.67919
374.515,9.66775
374.520,9.61574
374.524,9.53216
374.529,9.42897
374.538,9.20659
374.543,9.10169
374.547,9.00772
374.551,8.92684
374.556,8.85624
374.564,8.73641
374.573,8.64230
374.581,8.56788
374.590,8.50822
374.598,8.45960
374.607,8.41929
374.615,8.38529
374.632,8.33079
374.649,8.28839
374.666,8.25373
374.683,8.22422
374.700,8.19827
374.717,8.17486
374.751,8.13312
374.785,8.09571
374.819,8.06094
374.887,7.99600
374.955,7.93447
375.023,7.87481
375.091,7.81639
375.159,7.75870
375.227,7.70166
375.295,7.64522
375.363,7.58940
375.431,7.53429
375.499,7.48005
375.567,7.42691
375.635,7.37529
375.703,7.32551
375.771,7.27832
375.839,7.23467
375.873,7.21458
375.907,7.19595
375.941,7.17905
375.975,7.16424
376.009,7.15192
376.043,7.14266
376.077,7.13712
376.111,7.13618
376.145,7.14097
376.179,7.15293
376.196,7.16221
376.213,7.17408
376.230,7.18890
376.247,7.20707
376.264,7.22910
376.281,7.25556
376.298,7.28714
376.315,7.32468
376.332,7.36916
376.349,7.42181
376.366,7.48411
376.383,7.55787
376.400,7.64537
376.417,7.74944
376.425,7.80878
376.434,7.87368
376.442,7.94476
376.451,8.02270
376.459,8.10830
376.468,8.20245
376.476,8.30621
376.485,8.42078
376.493,8.54753
376.502,8.68810
376.510,8.84436
376.519,9.01853
376.527,9.21323
376.536,9.43155
376.544,9.67717
376.553,9.95451
376.561,10.2689
376.566,10.4441
376.570,10.6268
376.574,10.8269
376.578,11.0361
376.583,11.2658
376.587,11.5066
376.591,11.7716
376.595,12.0503
376.600,12.3579
376.604,12.6823
376.608,13.0415
376.612,13.4217
376.617,13.8441
376.621,14.2928
376.625,14.7932
376.629,15.3269
376.634,15.9246
376.638,16.5647
376.642,17.2850
376.646,18.0599
376.651,18.9361
376.655,19.8837
376.659,20.9607
376.663,22.1319
376.668,23.4706
376.670,24.1820
376.672,24.9348
376.674,25.7711
376.676,26.6183
376.678,27.5168
376.680,28.4705
376.682,29.5333
376.685,30.6131
376.687,31.7616
376.689,32.9841
376.691,34.3503
376.693,35.7422
376.695,37.2265
376.697,38.8102
376.699,40.5839
376.702,42.3947
376.704,44.3289
376.706,46.3953
376.708,48.7117
376.710,51.0772
376.712,53.6031
376.714,56.2988
376.716,59.1731
376.718,62.2343
376.721,65.4893
376.723,68.9435
376.725,73.3188
376.728,77.7867
376.730,82.5071
376.732,87.4606
376.735,92.6148
376.737,97.9218
376.740,103.316
376.742,108.712
376.744,114.006
376.747,119.071
376.749,123.771
376.752,127.957
376.754,131.484
376.756,134.217
376.759,136.047
376.761,136.900
376.762,136.941
376.764,136.717
376.766,135.527
376.768,133.408
376.771,130.456
376.773,126.797
376.776,122.570
376.778,117.920
376.780,112.985
376.783,107.890
376.785,102.743
376.788,97.6335
376.790,92.6315
376.792,87.7898
376.795,83.1458
376.797,78.7238
376.800,74.5376
376.802,70.7526
376.804,67.1891
376.807,63.8428
376.809,60.8388
376.811,57.8954
376.813,55.2594
376.816,52.6809
376.818,50.3742
376.820,48.1189
376.822,46.1016
376.825,44.1287
376.827,42.3630
376.829,40.6349
376.831,39.0866
376.834,37.5696
376.836,36.2088
376.838,34.8736
376.840,33.6741
376.843,32.4953
376.845,31.4347
376.847,30.3908
376.849,29.4499
376.852,28.5224
376.854,27.6850
376.856,26.8582
376.858,26.1105
376.861,25.3710
376.863,24.7012
376.867,23.4358
376.872,22.2960
376.876,21.2662
376.881,20.3333
376.885,19.4856
376.890,18.7133
376.894,18.0079
376.899,17.3620
376.903,16.7692
376.908,16.2239
376.912,15.7212
376.917,15.2567
376.921,14.8268
376.926,14.4280
376.930,14.0575
376.935,13.7127
376.939,13.3912
376.944,13.0909
376.948,12.8101
376.953,12.5470
376.957,12.3002
376.962,12.0684
376.971,11.6450
376.980,11.2685
376.989,10.9321
376.998,10.6304
377.007,10.3585
377.016,10.1127
377.025,9.88965
377.034,9.68656
377.043,9.50109
377.052,9.33122
377.061,9.17521
377.070,9.03156
377.079,8.89898
377.088,8.77634
377.097,8.66266
377.106,8.55706
377.124,8.36720
377.142,8.20169
377.160,8.05654
377.178,7.92859
377.196,7.81530
377.214,7.71460
377.232,7.62484
377.250,7.54462
377.268,7.47281
377.286,7.40848
377.304,7.35083
377.340,7.25309
377.376,7.17549
377.412,7.11519
377.448,7.07017
377.484,7.03910
377.520,7.02112
377.556,7.01578
377.592,7.02295
377.628,7.04281
377.664,7.07577
377.700,7.12253
377.736,7.18401
377.772,7.26142
377.808,7.35623
377.844,7.47024
377.880,7.60558
377.916,7.76479
377.952,7.95089
377.988,8.16743
378.024,8.41861
378.060,8.70941
378.096,9.04576
378.132,9.43469
378.168,9.88465
378.204,10.4058
378.222,10.6968
378.240,11.0103
378.258,11.3484
378.276,11.7132
378.294,12.1071
378.312,12.5328
378.330,12.9931
378.348,13.4913
378.366,14.0313
378.384,14.6170
378.402,15.2531
378.420,15.9447
378.438,16.6977
378.456,17.5187
378.474,18.4152
378.492,19.3956
378.501,19.9203
378.510,20.4697
378.519,21.0452
378.528,21.6484
378.537,22.2810
378.546,22.9446
378.555,23.6411
378.564,24.3727
378.573,25.1414
378.582,25.9496
378.591,26.7999
378.600,27.6950
378.609,28.6377
378.618,29.6314
378.627,30.6795
378.636,31.7857
378.645,32.9540
378.654,34.1888
378.663,35.4951
378.672,36.8779
378.681,38.3429
378.690,39.8964
378.699,41.5452
378.708,43.2967
378.717,45.1590
378.726,47.1411
378.735,49.2529
378.744,51.5052
378.753,53.9099
378.762,56.4805
378.771,59.2314
378.780,62.1791
378.789,65.3416
378.798,68.7391
378.807,72.3942
378.816,76.3321
378.825,80.5811
378.834,85.1730
378.843,90.1436
378.852,95.5334
378.861,101.388
378.870,107.760
378.879,114.709
378.888,122.302
378.897,130.617
378.901,135.072
378.906,139.743
378.910,144.641
378.915,149.782
378.919,155.181
378.924,160.855
378.928,166.820
378.933,173.097
378.937,179.707
378.942,186.671
378.946,194.015
378.951,201.764
378.955,209.947
378.960,218.595
378.964,227.741
378.969,237.422
378.973,247.678
378.978,258.551
378.982,270.089
378.987,282.343
378.991,295.368
378.996,309.226
379.000,323.983
379.005,339.711
379.009,356.489
379.014,374.405
379.018,393.553
379.023,414.037
379.027,435.969
379.032,459.473
379.036,484.685
379.041,511.750
379.045,540.829
379.050,572.095
379.054,605.736
379.059,641.954
379.063,680.967
379.068,723.006
379.072,768.315
379.077,817.151
379.081,869.778
379.086,926.460
379.090,987.460
379.095,1053.02
379.099,1123.37
379.104,1198.67
379.108,1282.72
379.113,1370.32
379.118,1463.05
379.122,1560.57
379.127,1664.56
379.132,1769.66
379.141,1984.43
379.145,2092.71
379.150,2194.62
379.155,2289.78
379.159,2375.31
379.164,2449.73
379.169,2507.16
379.173,2547.14
379.178,2568.11
379.180,2571.25
379.182,2569.20
379.187,2550.56
379.192,2513.51
379.196,2459.88
379.201,2390.41
379.206,2310.81
379.210,2222.52
379.215,2128.23
379.224,1929.02
379.233,1733.17
379.238,1637.01
379.243,1546.58
379.247,1460.31
379.252,1378.48
379.257,1286.67
379.263,1201.41
379.268,1122.54
379.274,1049.77
379.279,982.742
379.285,921.080
379.290,864.378
379.296,812.241
379.301,764.288
379.307,720.159
379.312,679.517
379.318,642.052
379.323,607.479
379.329,575.538
379.334,545.994
379.340,519.110
379.345,493.700
379.351,470.106
379.356,448.170
379.362,427.747
379.367,408.709
379.373,390.940
379.378,374.333
379.384,359.066
379.389,344.490
379.395,330.817
379.400,317.977
379.406,305.905
379.411,294.543
379.417,283.837
379.422,273.738
379.427,264.371
379.433,255.349
379.438,246.813
379.444,238.730
379.449,231.068
379.455,223.798
379.460,216.895
379.471,204.094
379.482,192.494
379.493,181.949
379.504,172.335
379.515,163.621
379.526,155.557
379.537,148.146
379.548,141.319
379.559,135.071
379.570,129.234
379.581,123.823
379.592,118.795
379.603,114.156
379.614,109.790
379.625,105.712
379.636,101.896
379.647,98.3210
379.658,94.9658
379.669,91.8126
379.680,88.8452
379.691,86.0735
379.702,83.4336
379.713,80.9397
379.724,78.5809
379.735,76.3672
379.746,74.2490
379.757,72.2391
379.779,68.5306
379.801,65.1556
379.823,62.1011
379.845,59.3020
379.867,56.7521
379.889,54.4010
379.911,52.2469
379.933,50.2501
379.954,48.4112
379.976,46.6983
379.998,45.1066
380.020,43.6246
380.042,42.2480
380.064,40.9550
380.086,39.7495
380.108,38.6132
380.130,37.5502
380.152,36.5451
380.174,35.5977
380.196,34.7034
380.218,33.8619
380.240,33.0616
380.262,32.3065
380.284,31.5867
380.306,30.9059
380.328,30.2553
380.350,29.6360
380.394,28.4849
380.438,27.4348
380.482,26.4733
380.525,25.5898
380.569,24.7754
380.613,24.0223
380.657,23.3240
380.701,22.6733
380.745,22.0683
380.789,21.5031
380.833,20.9739
380.877,20.4766
380.921,20.0104
380.965,19.5720
381.009,19.1593
381.053,18.7696
381.096,18.4035
381.140,18.0590
381.184,17.7356
381.228,17.4331
381.272,17.1518
381.294,17.0191
381.316,16.8928
381.338,16.7720
381.360,16.6581
381.382,16.5505
381.404,16.4503
381.426,16.3582
381.448,16.2753
381.470,16.2019
381.492,16.1399
381.514,16.0902
381.536,16.0552
381.558,16.0368
381.580,16.0381
381.602,16.0628
381.613,16.0853
381.623,16.1150
381.634,16.1534
381.645,16.2010
381.656,16.2589
381.667,16.3273
381.678,16.4089
381.689,16.5045
381.700,16.6158
381.711,16.7433
381.722,16.8916
381.733,17.0622
381.744,17.2579
381.755,17.4822
381.766,17.7390
381.777,18.0331
381.788,18.3700
381.799,18.7525
381.810,19.1954
381.821,19.7049
381.827,19.9881
381.832,20.2923
381.838,20.6195
381.843,20.9648
381.849,21.3434
381.854,21.7514
381.860,22.1917
381.865,22.6672
381.871,23.1813
381.876,23.7378
381.882,24.3409
381.887,24.9831
381.892,25.6933
381.898,26.4663
381.903,27.3088
381.909,28.2288
381.914,29.2349
381.920,30.3374
381.925,31.5477
381.931,32.8540
381.936,34.3195
381.942,35.9389
381.947,37.7328
381.953,39.7250
381.958,41.9435
381.964,44.4210
381.969,47.1962
381.975,50.2547
381.978,51.9874
381.980,53.7630
381.983,55.7216
381.986,57.7322
381.989,59.9542
381.991,62.2396
381.994,64.7700
381.997,67.3777
382.000,70.2708
382.002,73.2584
382.005,76.5798
382.008,80.0169
382.011,83.8462
382.013,87.8172
382.016,92.0866
382.019,96.6816
382.021,101.822
382.024,107.176
382.026,110.117
382.027,113.178
382.028,116.364
382.030,119.440
382.031,122.884
382.032,126.473
382.034,130.211
382.035,133.823
382.037,137.871
382.038,142.091
382.039,146.491
382.041,150.744
382.042,155.512
382.043,160.485
382.045,165.671
382.046,170.685
382.048,176.307
382.049,182.170
382.050,188.282
382.052,194.189
382.053,200.809
382.054,207.706
382.056,214.889
382.057,221.822
382.059,229.579
382.060,237.059
382.061,245.418
382.063,253.465
382.064,262.443
382.065,271.070
382.067,279.977
382.068,289.161
382.069,298.619
382.070,308.343
382.072,318.324
382.073,328.549
382.074,339.003
382.076,349.664
382.077,360.510
382.078,371.510
382.080,382.633
382.081,393.839
382.083,416.320
382.086,439.384
382.089,460.816
382.091,480.917
382.094,499.090
382.097,514.732
382.099,527.284
382.102,536.278
382.104,541.382
382.106,542.454
382.107,542.391
382.110,539.258
382.112,532.306
382.115,521.899
382.117,508.514
382.120,492.698
382.123,475.020
382.125,456.034
382.128,435.477
382.131,415.328
382.133,395.207
382.136,375.408
382.138,356.154
382.141,337.608
382.144,319.881
382.146,303.039
382.149,282.988
382.153,264.964
382.156,248.306
382.159,232.953
382.162,218.406
382.166,205.461
382.169,193.571
382.172,182.651
382.175,172.318
382.178,163.118
382.182,154.653
382.185,146.856
382.188,139.665
382.191,133.026
382.194,126.889
382.198,121.207
382.201,115.782
382.204,110.904
382.207,106.370
382.211,102.149
382.214,98.2142
382.217,94.5418
382.220,91.1094
382.223,87.8973
382.227,84.7965
382.230,81.9783
382.233,79.3309
382.236,76.8410
382.239,74.4967
382.243,72.2868
382.246,70.2014
382.249,68.2314
382.252,66.3119
382.256,64.5514
382.259,62.8832
382.262,61.3010
382.268,58.3716
382.275,55.7222
382.281,53.2820
382.288,51.0962
382.294,49.1001
382.300,47.2722
382.307,45.5684
382.313,44.0250
382.320,42.6004
382.326,41.2827
382.333,40.0425
382.339,38.9087
382.345,37.8531
382.352,36.8686
382.358,35.9346
382.365,35.0742
382.371,34.2553
382.378,33.4983
382.384,32.7755
382.391,32.1054
382.397,31.4732
382.403,30.8760
382.410,30.3025
382.416,29.7680
382.423,29.2611
382.429,28.7800
382.442,27.8809
382.455,27.0721
382.468,26.3301
382.480,25.6574
382.493,25.0357
382.506,24.4683
382.519,23.9406
382.532,23.4560
382.545,23.0029
382.558,22.5846
382.570,22.1915
382.583,21.8241
382.596,21.4800
382.609,21.1595
382.622,20.8557
382.635,20.5716
382.648,20.3013
382.660,20.0477
382.673,19.8056
382.686,19.5777
382.699,19.3595
382.712,19.1535
382.738,18.7684
382.763,18.4171
382.789,18.0938
382.815,17.7974
382.840,17.5234
382.866,17.2692
382.892,17.0325
382.918,16.8113
382.943,16.6041
382.969,16.4095
382.995,16.2254
383.020,16.0522
383.046,15.8883
383.072,15.7328
383.098,15.5850
383.123,15.4442
383.149,15.3098
383.175,15.1814
383.226,14.9402
383.278,14.7182
383.329,14.5124
383.380,14.3208
383.432,14.1412
383.483,13.9728
383.535,13.8141
383.586,13.6641
383.637,13.5218
383.689,13.3864
383.740,13.2573
383.792,13.1340
383.843,13.0156
383.895,12.9022
383.997,12.6882
384.100,12.4888
384.203,12.3023
384.306,12.1266
384.409,11.9606
384.512,11.8030
384.614,11.6527
384.717,11.5087
384.820,11.3706
384.923,11.2376
385.026,11.1092
385.129,10.9848
385.231,10.8642
385.334,10.7468
385.437,10.6323
385.540,10.5203
385.643,10.4108
385.746,10.3031
385.848,10.1973
385.951,10.0930
386.054,9.99012
386.157,9.88842
386.260,9.78771
386.363,9.68773
386.465,9.58856
386.568,9.48988
386.671,9.39183
386.774,9.29418
386.877,9.19717
386.928,9.14891
386.980,9.10085
387.031,9.05303
387.082,9.00549
387.134,8.95822
387.185,8.91149
387.237,8.86533
387.288,8.81986
387.340,8.77520
387.391,8.73174
387.442,8.68969
387.494,8.64943
387.545,8.61137
387.597,8.57626
387.622,8.56002
387.648,8.54482
387.674,8.53078
387.700,8.51808
387.725,8.50688
387.751,8.49739
387.777,8.48985
387.802,8.48453
387.828,8.48175
387.854,8.48188
387.879,8.48535
387.905,8.49265
387.931,8.50444
387.957,8.52132
387.982,8.54415
388.008,8.57391
388.034,8.61177
388.059,8.65914
388.085,8.71770
388.111,8.78952
388.124,8.83134
388.137,8.87749
388.150,8.92840
388.162,8.98406
388.175,9.04584
388.188,9.11336
388.201,9.18830
388.214,9.27022
388.227,9.36120
388.239,9.46072
388.252,9.57138
388.265,9.69261
388.278,9.82763
388.291,9.97586
388.304,10.1413
388.317,10.3235
388.329,10.5274
388.342,10.7545
388.355,11.0078
388.368,11.2886
388.381,11.6056
388.394,11.9588
388.407,12.3594
388.419,12.8084
388.432,13.3209
388.439,13.6005
388.445,13.8989
388.452,14.2227
388.458,14.5637
388.464,14.9287
388.471,15.3196
388.477,15.7457
388.484,16.1965
388.490,16.6812
388.497,17.2030
388.503,17.7747
388.509,18.3828
388.516,19.0403
388.522,19.7525
388.529,20.5376
388.535,21.3782
388.542,22.2934
388.548,23.2917
388.554,24.4008
388.561,25.5977
388.567,26.9118
388.574,28.3579
388.580,29.9794
388.587,31.7468
388.593,33.7073
388.599,35.8884
388.606,38.3627
388.612,41.0929
388.615,42.5814
388.619,44.1606
388.622,45.8377
388.625,47.6204
388.628,49.5785
388.632,51.6029
388.635,53.7615
388.638,56.0657
388.641,58.5279
388.644,61.1620
388.648,63.9834
388.651,67.0089
388.654,70.3627
388.657,73.8628
388.660,77.6306
388.662,79.6227
388.664,81.6917
388.665,83.8411
388.667,86.0748
388.668,88.3970
388.670,90.8120
388.672,93.3243
388.673,95.9387
388.675,98.6604
388.676,101.495
388.678,104.636
388.680,107.721
388.681,110.937
388.683,114.290
388.685,117.789
388.686,121.439
388.688,125.250
388.689,129.229
388.691,133.386
388.693,137.729
388.694,142.267
388.696,147.013
388.697,151.974
388.699,157.164
388.701,162.594
388.702,168.276
388.704,174.603
388.705,180.845
388.707,187.380
388.709,194.221
388.710,201.384
388.712,208.883
388.713,216.733
388.715,224.949
388.717,233.547
388.718,242.543
388.720,251.949
388.721,261.781
388.723,272.052
388.725,282.773
388.726,293.954
388.728,305.604
388.729,316.185
388.731,326.336
388.732,337.618
388.733,348.415
388.735,360.383
388.736,371.803
388.739,396.411
388.741,422.086
388.744,448.601
388.747,475.633
388.749,501.763
388.752,528.494
388.755,554.202
388.757,578.191
388.760,599.715
388.763,618.031
388.766,632.452
388.768,642.411
388.771,647.419
388.774,647.687
388.776,642.985
388.779,633.590
388.782,619.973
388.784,602.745
388.787,582.601
388.790,560.258
388.792,537.312
388.795,512.609
388.798,487.559
388.803,438.141
388.806,414.405
388.809,391.604
388.811,369.865
388.814,350.006
388.817,328.441
388.820,308.321
388.823,289.615
388.826,272.823
388.829,256.718
388.832,241.822
388.835,228.053
388.838,215.737
388.841,203.945
388.844,193.043
388.847,182.957
388.850,173.920
388.853,165.246
388.856,157.202
388.859,149.734
388.861,143.017
388.864,136.544
388.867,130.515
388.870,124.893
388.873,119.813
388.876,114.896
388.879,110.295
388.882,105.986
388.885,102.074
388.888,98.2712
388.891,94.6970
388.894,91.3341
388.897,88.2691
388.900,85.2768
388.903,82.5443
388.906,79.8713
388.909,77.4258
388.912,75.0292
388.915,72.7588
388.921,68.6295
388.927,64.8381
388.933,61.4612
388.939,58.3409
388.945,55.5450
388.951,52.9468
388.957,50.6061
388.963,48.4197
388.968,46.4402
388.974,44.5826
388.980,42.8933
388.986,41.3013
388.992,39.8476
388.998,38.4945
389.004,37.2326
389.010,36.0346
389.016,34.9330
389.022,33.8838
389.028,32.9160
389.034,31.9915
389.040,31.1363
389.046,30.3170
389.052,29.5572
389.058,28.8275
389.064,28.1491
389.070,27.4961
389.075,26.8876
389.087,25.7524
389.099,24.7350
389.111,23.8040
389.123,22.9567
389.135,22.1830
389.147,21.4743
389.159,20.8232
389.171,20.2234
389.182,19.6693
389.194,19.1605
389.206,18.6842
389.218,18.2411
389.230,17.8282
389.242,17.4426
389.254,17.0818
389.266,16.7436
389.278,16.4260
389.289,16.1298
389.301,15.8484
389.313,15.5829
389.325,15.3322
389.337,15.0950
389.349,14.8703
389.361,14.6573
389.384,14.2645
389.408,13.9074
389.432,13.5829
389.456,13.2870
389.480,13.0176
389.503,12.7693
389.527,12.5421
389.551,12.3319
389.575,12.1390
389.598,11.9602
389.622,11.7953
389.646,11.6433
389.670,11.5040
389.693,11.3757
389.717,11.2587
389.741,11.1528
389.765,11.0583
389.789,10.9748
389.812,10.9031
389.836,10.8441
389.860,10.7991
389.884,10.7693
389.896,10.7609
389.907,10.7572
389.919,10.7587
389.931,10.7657
389.943,10.7790
389.955,10.7988
389.967,10.8262
389.979,10.8620
389.991,10.9072
390.003,10.9628
390.014,11.0303
390.026,11.1112
390.038,11.2076
390.050,11.3207
390.062,11.4550
390.074,11.6130
390.086,11.7988
390.098,12.0172
390.104,12.1415
390.110,12.2742
390.116,12.4207
390.121,12.5773
390.127,12.7505
390.133,12.9358
390.139,13.1376
390.145,13.3575
390.151,13.6018
390.157,13.8645
390.163,14.1570
390.169,14.4726
390.175,14.8252
390.181,15.2069
390.187,15.6351
390.193,16.1005
390.199,16.6249
390.205,17.1975
390.211,17.8459
390.217,18.5579
390.223,19.3689
390.228,20.2648
390.231,20.7626
390.234,21.2738
390.237,21.8359
390.240,22.4142
390.243,23.0514
390.246,23.7315
390.249,24.4581
390.252,25.2087
390.255,26.0391
390.258,26.9295
390.261,27.8851
390.264,28.8767
390.267,29.9790
390.270,31.1667
390.273,32.4479
390.276,33.7840
390.279,35.2773
390.282,36.8387
390.285,38.5884
390.288,40.4231
390.291,42.4848
390.294,44.7306
390.297,47.1804
390.300,49.7634
390.303,52.6816
390.306,55.8773
390.309,59.3810
390.312,63.0919
390.315,67.3015
390.318,71.9272
390.321,77.0110
390.323,82.4023
390.325,85.3884
390.326,88.5165
390.328,91.7919
390.329,94.9864
390.331,98.5610
390.332,102.297
390.334,106.198
390.335,109.990
390.337,113.644
390.338,117.130
390.339,120.724
390.340,124.426
390.341,128.556
390.343,132.475
390.344,136.492
390.345,140.603
390.346,145.153
390.348,149.435
390.349,153.785
390.350,158.191
390.352,167.491
390.355,176.456
390.357,185.653
390.360,194.147
390.362,202.406
390.365,209.529
390.367,215.854
390.370,220.653
390.372,224.131
390.374,225.881
390.376,226.156
390.377,225.988
390.379,224.459
390.382,221.262
390.384,216.803
390.387,210.920
390.389,204.308
390.392,196.661
390.394,188.814
390.397,180.331
390.399,172.069
390.401,163.496
390.404,155.414
390.406,147.244
390.409,139.704
390.411,132.210
390.414,125.387
390.417,117.130
390.420,109.498
390.423,102.473
390.426,96.2255
390.429,90.3024
390.432,85.0489
390.435,80.0755
390.438,75.6659
390.441,71.4892
390.444,67.7818
390.447,64.2644
390.450,61.1359
390.453,58.1608
390.456,55.5078
390.460,52.9782
390.463,50.7163
390.466,48.5534
390.469,46.5515
390.472,44.6959
390.475,43.0269
390.478,41.4218
390.481,39.9741
390.484,38.5778
390.487,37.3150
390.490,36.0939
390.493,34.9866
390.496,33.9131
390.499,32.9372
390.502,31.9889
390.505,31.1248
390.508,30.2831
390.511,29.5144
390.515,28.7641
390.518,28.0551
390.521,27.3846
390.524,26.7697
390.530,25.6134
390.536,24.5693
390.542,23.6233
390.548,22.7634
390.554,21.9792
390.560,21.2621
390.567,20.5940
390.573,19.9900
390.579,19.4331
390.585,18.9184
390.591,18.4417
390.597,17.9992
390.603,17.5876
390.609,17.2039
390.615,16.8399
390.622,16.5051
390.628,16.1912
390.634,15.8966
390.640,15.6197
390.646,15.3588
390.652,15.1128
390.658,14.8805
390.664,14.6573
390.670,14.4494
390.683,14.0652
390.695,13.7182
390.707,13.4033
390.719,13.1142
390.732,12.8519
390.744,12.6112
390.756,12.3894
390.768,12.1828
390.780,11.9928
390.793,11.8162
390.805,11.6516
390.817,11.4964
390.829,11.3523
390.842,11.2169
390.854,11.0894
390.866,10.9682
390.878,10.8546
390.903,10.6449
390.927,10.4546
390.952,10.2823
390.976,10.1240
391.000,9.97903
391.025,9.84437
391.049,9.71975
391.074,9.60298
391.098,9.49401
391.123,9.39109
391.147,9.29434
391.172,9.20272
391.196,9.11570
391.245,8.95334
391.294,8.80464
391.343,8.66726
391.392,8.53942
391.440,8.41973
391.489,8.30709
391.538,8.20064
391.587,8.09990
391.636,8.00397
391.685,7.91267
391.734,7.82574
391.783,7.74303
391.832,7.66448
391.880,7.59014
391.929,7.52015
391.978,7.45492
392.027,7.39454
392.076,7.33969
392.125,7.29105
392.174,7.24949
392.223,7.21613
392.272,7.19235
392.320,7.17993
392.369,7.18106
392.394,7.18756
392.418,7.19850
392.443,7.21443
392.467,7.23575
392.492,7.26321
392.516,7.29725
392.541,7.33890
392.565,7.38867
392.589,7.44794
392.614,7.51731
392.638,7.59864
392.663,7.69268
392.687,7.80189
392.712,7.92727
392.736,8.07143
392.760,8.23693
392.785,8.42756
392.809,8.64526
392.834,8.89592
392.858,9.18232
392.883,9.51253
392.907,9.89067
392.932,10.3280
392.956,10.8308
392.968,11.1133
392.981,11.4150
392.993,11.7401
393.005,12.0905
393.017,12.4718
393.029,12.8804
393.042,13.3223
393.054,13.8005
393.066,14.3232
393.078,14.8858
393.091,15.4970
393.103,16.1619
393.115,16.8863
393.127,17.6767
393.133,18.0990
393.139,18.5406
393.145,19.0027
393.152,19.4864
393.158,20.0015
393.164,20.5327
393.170,21.0897
393.176,21.6738
393.182,22.2868
393.188,22.9305
393.194,23.6068
393.200,24.3177
393.207,25.0780
393.213,25.8657
393.219,26.6952
393.225,27.5695
393.231,28.4915
393.237,29.4645
393.243,30.4920
393.249,31.5781
393.256,32.7462
393.262,33.9633
393.268,35.2528
393.274,36.6201
393.280,38.0712
393.286,39.6127
393.292,41.2518
393.298,42.9964
393.304,44.8866
393.311,46.8712
393.317,48.9902
393.323,51.2555
393.329,53.6799
393.335,56.2779
393.341,59.0654
393.347,62.0603
393.353,65.3373
393.359,68.8132
393.366,72.5641
393.372,76.6179
393.375,78.8041
393.378,81.0063
393.381,83.3760
393.384,85.7650
393.387,88.3380
393.390,90.9344
393.393,93.7333
393.396,96.5602
393.399,99.6106
393.402,102.800
393.405,106.136
393.408,109.512
393.411,113.163
393.414,116.861
393.418,120.865
393.421,124.926
393.424,129.326
393.427,133.795
393.430,138.643
393.433,143.572
393.436,148.926
393.439,154.376
393.442,160.304
393.445,166.346
393.448,172.926
393.451,179.872
393.454,187.210
393.457,194.709
393.460,202.899
393.463,211.281
393.466,220.448
393.469,229.844
393.473,240.136
393.476,250.699
393.479,262.286
393.482,274.196
393.485,287.278
393.488,300.746
393.491,315.559
393.494,330.829
393.497,347.648
393.500,365.006
393.503,384.148
393.506,403.925
393.509,425.756
393.512,448.330
393.515,473.263
393.518,499.058
393.521,527.554
393.524,557.032
393.527,589.581
393.530,623.223
393.534,660.321
393.537,698.588
393.540,740.674
393.543,783.939
393.546,839.208
393.550,896.448
393.553,957.047
393.557,1020.79
393.560,1089.22
393.564,1157.96
393.571,1298.46
393.574,1369.82
393.578,1436.56
393.581,1498.94
393.585,1555.06
393.589,1604.29
393.592,1642.10
393.596,1668.55
393.599,1682.63
393.601,1684.89
393.603,1683.74
393.606,1671.92
393.610,1648.11
393.613,1613.47
393.617,1568.15
393.620,1516.47
393.624,1459.09
393.627,1397.77
393.634,1267.63
393.641,1139.98
393.645,1076.85
393.648,1017.85
393.652,961.543
393.655,908.115
393.658,868.930
393.661,832.877
393.663,797.171
393.666,764.427
393.669,732.082
393.671,702.484
393.674,673.295
393.677,646.617
393.679,620.331
393.682,596.322
393.685,572.674
393.687,551.075
393.690,529.800
393.693,510.365
393.695,491.213
393.698,473.708
393.701,456.448
393.703,440.662
393.706,425.084
393.708,410.825
393.714,383.838
393.719,359.383
393.724,337.177
393.730,316.972
393.735,298.548
393.740,282.019
393.745,266.581
393.751,252.417
393.756,239.397
393.761,227.404
393.767,216.336
393.772,206.104
393.777,196.626
393.783,187.832
393.788,179.659
393.793,172.051
393.798,164.956
393.804,158.332
393.809,152.136
393.814,146.334
393.820,140.893
393.825,135.876
393.830,131.066
393.835,126.537
393.841,122.269
393.846,118.241
393.851,114.436
393.857,110.838
393.862,107.431
393.867,104.202
393.873,101.139
393.878,98.2314
393.888,92.8387
393.899,87.9508
393.910,83.5459
393.920,79.4876
393.931,75.7748
393.941,72.3687
393.952,69.2640
393.962,66.3728
393.973,63.7006
393.984,61.2253
393.994,58.9484
394.005,56.8098
394.015,54.8167
394.026,52.9559
394.037,51.2157
394.047,49.5854
394.058,48.0557
394.068,46.6183
394.079,45.2779
394.089,44.0023
394.100,42.7987
394.111,41.6614
394.121,40.5854
394.132,39.5664
394.142,38.6001
394.153,37.6828
394.164,36.8191
394.185,35.1997
394.206,33.7287
394.227,32.3877
394.248,31.1667
394.269,30.0408
394.291,29.0094
394.312,28.0529
394.333,27.1718
394.354,26.3506
394.375,25.5871
394.396,24.8757
394.418,24.2146
394.439,23.5930
394.460,23.0104
394.481,22.4634
394.502,21.9512
394.523,21.4664
394.545,21.0091
394.566,20.5770
394.587,20.1701
394.608,19.7828
394.629,19.4172
394.650,19.0684
394.672,18.7386
394.714,18.1235
394.756,17.5673
394.799,17.0620
394.820,16.8281
394.841,16.6077
394.862,16.3991
394.883,16.2048
394.905,16.0274
394.926,15.8727
394.936,15.8061
394.947,15.7495
394.957,15.7063
394.968,15.6812
394.979,15.6810
394.984,15.6935
394.989,15.7167
394.994,15.7526
395.000,15.8035
395.005,15.8720
395.010,15.9581
395.015,16.0506
395.019,16.1575
395.029,16.3938
395.033,16.5070
395.038,16.5947
395.042,16.6440
395.047,16.6395
395.051,16.5760
395.056,16.4583
395.061,16.3002
395.065,16.1229
395.074,15.7532
395.079,15.5790
395.083,15.4225
395.089,15.2454
395.095,15.0905
395.100,14.9553
395.106,14.8386
395.112,14.7337
395.117,14.6401
395.123,14.5560
395.129,14.4808
395.140,14.3457
395.151,14.2295
395.163,14.1258
395.174,14.0316
395.197,13.8621
395.219,13.7118
395.242,13.5737
395.265,13.4461
395.287,13.3259
395.310,13.2127
395.355,13.0051
395.401,12.8196
395.446,12.6551
395.491,12.5111
395.537,12.3891
395.582,12.2903
395.627,12.2169
395.650,12.1908
395.673,12.1724
395.695,12.1623
395.718,12.1614
395.741,12.1704
395.763,12.1902
395.786,12.2221
395.808,12.2672
395.831,12.3273
395.854,12.4042
395.877,12.4999
395.899,12.6164
395.922,12.7578
395.944,12.9261
395.967,13.1271
395.990,13.3641
396.012,13.6450
396.035,13.9764
396.047,14.1646
396.058,14.3673
396.069,14.5873
396.080,14.8264
396.092,15.0887
396.103,15.3715
396.114,15.6794
396.126,16.0148
396.137,16.3840
396.148,16.7836
396.160,17.2203
396.171,17.6983
396.182,18.2270
396.194,18.8024
396.205,19.4411
396.216,20.1387
396.228,20.9158
396.239,21.7683
396.250,22.7134
396.262,23.7639
396.273,24.9454
396.284,26.2548
396.296,27.7227
396.307,29.3736
396.313,30.2849
396.318,31.2545
396.324,32.2870
396.330,33.3679
396.335,34.5413
396.341,35.7723
396.347,37.1116
396.352,38.5197
396.358,40.0554
396.364,41.7039
396.369,43.4759
396.375,45.3485
396.381,47.4017
396.386,49.6181
396.392,52.0143
396.398,54.5617
396.403,57.3721
396.409,60.4254
396.415,63.7486
396.420,67.3058
396.426,71.2581
396.432,75.5048
396.437,80.2416
396.443,85.3515
396.449,91.0746
396.454,97.3907
396.460,104.377
396.463,108.080
396.466,111.977
396.469,116.231
396.471,120.563
396.474,125.129
396.477,129.944
396.480,135.211
396.483,140.585
396.486,146.260
396.488,152.257
396.491,158.828
396.494,165.544
396.497,172.909
396.500,180.441
396.503,188.705
396.505,197.159
396.508,206.108
396.511,215.582
396.514,225.978
396.517,236.609
396.520,247.855
396.522,259.744
396.525,272.765
396.528,286.045
396.531,300.044
396.534,314.777
396.537,335.965
396.541,358.525
396.545,382.417
396.549,407.551
396.553,433.771
396.556,460.844
396.564,515.413
396.568,542.694
396.572,568.927
396.575,593.399
396.579,615.355
396.583,634.035
396.587,648.741
396.591,658.896
396.594,664.031
396.598,664.247
396.602,659.393
396.606,649.754
396.609,635.809
396.613,618.181
396.617,597.580
396.621,574.735
396.625,551.009
396.632,500.139
396.640,449.626
396.644,425.367
396.647,402.065
396.651,379.849
396.655,359.336
396.658,344.566
396.660,330.450
396.663,316.981
396.666,304.597
396.669,292.363
396.671,281.136
396.674,270.064
396.677,259.917
396.680,249.918
396.682,240.759
396.685,231.739
396.688,223.478
396.691,215.342
396.693,207.891
396.696,200.550
396.699,193.824
396.704,181.119
396.710,169.631
396.715,159.228
396.721,149.795
396.726,141.230
396.732,133.441
396.737,126.349
396.743,119.885
396.749,113.884
396.754,108.508
396.760,103.600
396.765,99.1197
396.771,95.0349
396.776,91.3185
396.782,87.9488
396.787,84.9096
396.793,82.1903
396.798,79.7861
396.804,77.6983
396.809,75.9347
396.815,74.5098
396.820,73.4442
396.823,73.0475
396.826,72.7621
396.828,72.5698
396.831,72.4862
396.836,72.5853
396.841,72.9766
396.845,73.6140
396.850,74.4040
396.855,75.2078
396.857,75.5399
396.859,75.7753
396.862,75.9033
396.864,75.8862
396.867,75.6986
396.869,75.3407
396.871,74.7734
396.874,74.0102
396.876,73.0626
396.878,71.9998
396.881,70.7543
396.883,69.4564
396.888,66.5989
396.897,60.6607
396.902,57.9030
396.907,55.3489
396.910,53.8828
396.912,52.5006
396.915,51.1998
396.918,49.9768
396.921,48.8270
396.924,47.7458
396.927,46.7281
396.930,45.7694
396.933,44.8650
396.936,44.0105
396.941,42.4360
396.947,41.0175
396.953,39.7526
396.959,38.5778
396.965,37.5002
396.970,36.5067
396.976,35.6017
396.982,34.7445
396.988,33.9439
396.993,33.1938
396.999,32.5004
397.005,31.8349
397.011,31.2060
397.022,30.0449
397.034,28.9949
397.045,28.0469
397.057,27.1712
397.069,26.3724
397.080,25.6280
397.092,24.9438
397.103,24.3019
397.115,23.7034
397.126,23.1439
397.138,22.6241
397.150,22.1318
397.161,21.6726
397.173,21.2361
397.184,20.8276
397.207,20.0727
397.230,19.3949
397.253,18.7835
397.277,18.2301
397.300,17.7255
397.323,17.2683
397.346,16.8514
397.369,16.4708
397.392,16.1231
397.415,15.8056
397.438,15.5161
397.461,15.2526
397.485,15.0127
397.508,14.7974
397.531,14.6047
397.554,14.4342
397.577,14.2857
397.600,14.1592
397.623,14.0552
397.646,13.9744
397.670,13.9178
397.693,13.8873
397.716,13.8848
397.739,13.9126
397.762,13.9741
397.785,14.0731
397.808,14.2146
397.831,14.4046
397.854,14.6516
397.866,14.7991
397.878,14.9629
397.889,15.1473
397.901,15.3508
397.912,15.5789
397.924,15.8297
397.935,16.1099
397.947,16.4175
397.958,16.7607
397.970,17.1371
397.982,17.5571
397.993,18.0178
398.005,18.5323
398.016,19.0973
398.028,19.7294
398.039,20.4315
398.051,21.2124
398.062,22.0745
398.074,23.0447
398.086,24.1198
398.097,25.3348
398.109,26.6875
398.120,28.2243
398.132,29.9452
398.138,30.8975
398.143,31.9124
398.149,32.9950
398.155,34.1304
398.161,35.3645
398.166,36.6848
398.172,38.0990
398.178,39.5884
398.184,41.2145
398.190,42.9623
398.195,44.8434
398.201,46.8345
398.207,49.0197
398.213,51.3815
398.218,53.9382
398.224,56.7104
398.230,59.7213
398.236,62.9973
398.239,64.7438
398.242,66.5682
398.245,68.4748
398.247,70.3980
398.250,72.4802
398.253,74.6595
398.256,76.9416
398.259,79.3329
398.262,81.8398
398.265,84.4694
398.268,87.2295
398.270,90.0258
398.273,93.0667
398.276,96.2641
398.279,99.6285
398.282,103.171
398.285,106.903
398.288,110.837
398.291,114.988
398.294,119.216
398.296,123.837
398.299,128.723
398.302,133.893
398.305,139.368
398.308,145.170
398.311,151.323
398.314,157.853
398.317,164.545
398.320,171.904
398.322,179.735
398.325,188.073
398.328,196.960
398.331,206.439
398.334,216.557
398.337,227.367
398.340,238.512
398.343,250.850
398.346,264.061
398.348,278.216
398.351,293.393
398.354,309.675
398.357,327.151
398.360,345.916
398.363,365.351
398.366,386.947
398.369,410.144
398.372,435.053
398.374,461.787
398.377,490.457
398.380,521.164
398.383,554.001
398.386,587.794
398.389,628.977
398.392,671.485
398.395,717.988
398.399,765.419
398.402,816.543
398.405,867.733
398.408,921.664
398.411,974.174
398.414,1027.62
398.417,1077.48
398.421,1125.59
398.424,1167.52
398.427,1204.49
398.430,1232.88
398.433,1252.88
398.436,1263.76
398.438,1265.68
398.439,1265.06
398.443,1256.76
398.446,1238.88
398.449,1213.41
398.452,1179.91
398.455,1141.78
398.458,1097.99
398.461,1052.59
398.468,956.024
398.474,859.886
398.477,812.918
398.480,769.168
398.483,727.386
398.487,687.719
398.491,636.314
398.495,590.157
398.497,567.538
398.499,546.914
398.504,508.383
398.506,489.576
398.508,472.461
398.512,440.544
398.516,410.824
398.521,384.415
398.525,359.799
398.529,337.888
398.533,317.418
398.538,299.148
398.542,282.030
398.546,266.705
398.550,252.299
398.555,239.357
398.559,227.151
398.563,216.149
398.567,205.737
398.572,196.322
398.576,187.382
398.580,179.271
398.584,171.546
398.589,164.516
398.593,157.800
398.597,151.671
398.601,145.799
398.606,140.425
398.610,135.263
398.614,130.527
398.618,126.070
398.622,121.869
398.627,117.815
398.631,114.077
398.635,110.462
398.639,107.122
398.644,103.884
398.648,100.887
398.652,97.9758
398.656,95.2761
398.665,90.2085
398.673,85.6155
398.682,81.4389
398.690,77.6722
398.699,74.1836
398.707,70.9835
398.716,68.0404
398.724,65.3270
398.733,62.8195
398.741,60.4970
398.750,58.3413
398.758,56.3592
398.767,54.4895
398.775,52.7441
398.784,51.1119
398.792,49.5830
398.801,48.1486
398.809,46.8007
398.818,45.5323
398.826,44.3370
398.835,43.2091
398.843,42.1434
398.852,41.1353
398.860,40.1804
398.869,39.2749
398.877,38.4153
398.894,36.8303
398.911,35.3842
398.928,34.0681
398.945,32.8660
398.962,31.7707
398.979,30.7576
398.996,29.8237
399.013,28.9604
399.030,28.1648
399.047,27.4212
399.064,26.7287
399.081,26.0825
399.098,25.4781
399.115,24.9119
399.132,24.3803
399.149,23.8804
399.166,23.4121
399.183,22.9676
399.200,22.5475
399.217,22.1499
399.234,21.7752
399.251,21.4175
399.268,21.0776
399.285,20.7541
399.302,20.4478
399.336,19.8732
399.370,19.3498
399.404,18.8683
399.437,18.4262
399.471,18.0165
399.505,17.6379
399.539,17.2847
399.573,16.9563
399.607,16.6484
399.641,16.3597
399.675,16.0885
399.709,15.8337
399.743,15.5926
399.777,15.3652
399.811,15.1490
399.845,14.9444
399.879,14.7492
399.913,14.5632
399.947,14.3858
399.981,14.2168
400.049,13.8995
400.117,13.6072
400.185,13.3364
400.253,13.0849
400.320,12.8500
400.388,12.6297
400.456,12.4225
400.524,12.2267
400.592,12.0413
400.660,11.8650
400.728,11.6967
400.796,11.5362
400.864,11.3824
400.932,11.2346
401.000,11.0923
401.068,10.9551
401.135,10.8227
401.203,10.6944
401.271,10.5700
401.339,10.4493
401.407,10.3322
401.475,10.2183
401.543,10.1076
401.611,10.0001
401.679,9.89577
401.747,9.79494
401.815,9.69785
401.849,9.65094
401.883,9.60542
401.917,9.56116
401.950,9.51860
401.984,9.47772
402.018,9.43906
402.052,9.40274
402.086,9.36945
402.120,9.33956
402.154,9.31402
402.188,9.29362
402.205,9.28577
402.222,9.27975
402.239,9.27573
402.256,9.27399
402.273,9.27482
402.290,9.27855
402.307,9.28560
402.324,9.29643
402.341,9.31159
402.358,9.33172
402.375,9.35757
402.392,9.39006
402.409,9.43028
402.426,9.47921
402.443,9.53901
402.460,9.61134
402.477,9.69858
402.485,9.74868
402.494,9.80298
402.502,9.86325
402.511,9.92941
402.519,10.0021
402.528,10.0819
402.536,10.1697
402.545,10.2664
402.553,10.3728
402.562,10.4888
402.570,10.6183
402.579,10.7615
402.587,10.9202
402.596,11.0964
402.604,11.2922
402.613,11.5104
402.621,11.7541
402.630,12.0236
402.638,12.3296
402.647,12.6743
402.655,13.0636
402.659,13.2799
402.664,13.5051
402.668,13.7510
402.672,14.0076
402.676,14.2883
402.681,14.5818
402.685,14.9037
402.689,15.2410
402.693,15.6029
402.697,15.9918
402.702,16.4205
402.706,16.8721
402.710,17.3714
402.714,17.8989
402.719,18.4839
402.723,19.1039
402.727,19.7940
402.731,20.5280
402.736,21.3479
402.740,22.2233
402.744,23.2053
402.748,24.2582
402.753,25.4443
402.757,26.7220
402.761,28.1329
402.765,29.6947
402.770,31.4715
402.774,33.4052
402.776,34.5054
402.778,35.6171
402.780,36.7930
402.782,38.0377
402.785,39.4209
402.787,40.8225
402.789,42.3092
402.791,43.8876
402.793,45.6466
402.795,47.4342
402.797,49.3357
402.799,51.3598
402.802,53.6219
402.804,55.9266
402.806,58.3843
402.808,61.0065
402.810,63.9431
402.812,66.9409
402.814,70.1426
402.816,73.5627
402.819,77.3962
402.821,81.3106
402.823,85.4901
402.825,89.9502
402.827,94.7057
402.829,99.7707
402.831,105.157
402.833,110.875
402.835,114.583
402.836,118.121
402.837,122.078
402.838,125.844
402.840,130.045
402.841,134.031
402.842,138.117
402.843,142.297
402.844,146.924
402.846,151.278
402.847,155.700
402.848,160.179
402.851,169.632
402.853,178.743
402.854,183.634
402.855,188.090
402.858,196.721
402.860,205.116
402.863,212.359
402.865,218.795
402.868,223.684
402.870,227.237
402.873,229.040
402.875,229.179
402.878,227.564
402.880,224.292
402.882,219.749
402.885,213.768
402.887,207.054
402.890,199.295
402.892,191.338
402.895,182.739
402.897,174.366
402.900,165.676
402.902,157.485
402.905,149.204
402.907,141.561
402.909,133.962
402.912,127.043
402.915,119.188
402.918,112.130
402.920,105.352
402.923,99.2983
402.926,93.5099
402.929,88.3558
402.932,83.5983
402.935,79.2074
402.937,75.0153
402.940,71.2826
402.943,67.7147
402.946,64.5329
402.949,61.4862
402.952,58.7637
402.954,56.2377
402.957,53.8914
402.960,51.6344
402.963,49.6079
402.966,47.6537
402.969,45.8948
402.972,44.1944
402.974,42.6600
402.977,41.2227
402.980,39.8747
402.983,38.5651
402.986,37.3780
402.989,36.2221
402.991,35.1718
402.994,34.1469
402.997,33.2136
403.000,32.3316
403.003,31.4973
403.006,30.6798
403.008,29.9325
403.011,29.1989
403.014,28.5270
403.020,27.2599
403.025,26.1329
403.031,25.0910
403.037,24.1426
403.042,23.2767
403.048,22.4974
403.054,21.7687
403.059,21.0982
403.065,20.4797
403.071,19.9176
403.076,19.3871
403.082,18.9030
403.088,18.4443
403.093,18.0240
403.099,17.6244
403.105,17.2507
403.110,16.9006
403.116,16.5777
403.122,16.2686
403.127,15.9778
403.133,15.7037
403.139,15.4494
403.144,15.2048
403.150,14.9733
403.161,14.5496
403.173,14.1674
403.184,13.8211
403.195,13.5035
403.207,13.2162
403.218,12.9508
403.229,12.7091
403.241,12.4843
403.252,12.2784
403.263,12.0876
403.275,11.9101
403.286,11.7434
403.297,11.5891
403.309,11.4434
403.320,11.3080
403.332,11.1797
403.343,11.0599
403.354,10.9460
403.366,10.8393
403.388,10.6418
403.411,10.4640
403.434,10.3029
403.456,10.1570
403.479,10.0230
403.502,9.90012
403.524,9.78698
403.547,9.68299
403.570,9.58635
403.592,9.49678
403.615,9.41369
403.638,9.33691
403.660,9.26536
403.683,9.19910
403.706,9.13790
403.728,9.08164
403.751,9.03024
403.774,8.98376
403.797,8.94231
403.819,8.90626
403.842,8.87563
403.865,8.85108
403.887,8.83326
403.910,8.82307
403.933,8.82153
403.955,8.83020
403.978,8.85101
403.989,8.86666
404.001,8.88632
404.012,8.91068
404.023,8.93982
404.035,8.97488
404.046,9.01593
404.057,9.06454
404.069,9.12083
404.080,9.18632
404.091,9.26236
404.103,9.35138
404.114,9.45377
404.125,9.57370
404.137,9.71191
404.148,9.87436
404.154,9.96557
404.159,10.0625
404.165,10.1692
404.171,10.2829
404.176,10.4083
404.182,10.5422
404.188,10.6903
404.193,10.8517
404.199,11.0278
404.205,11.2168
404.210,11.4272
404.216,11.6580
404.222,11.9117
404.227,12.1860
404.233,12.4939
404.239,12.8347
404.244,13.2126
404.250,13.6253
404.256,14.0934
404.261,14.6075
404.267,15.1944
404.273,15.8432
404.276,16.2110
404.278,16.5890
404.281,17.0060
404.284,17.4354
404.287,17.9102
404.290,18.4001
404.293,18.9236
404.295,19.4836
404.298,20.1055
404.301,20.7501
404.304,21.4677
404.307,22.2133
404.310,23.0454
404.312,23.9121
404.315,24.8470
404.318,25.8568
404.321,26.9894
404.324,28.1750
404.327,29.5081
404.329,30.9071
404.332,32.4837
404.335,34.1418
404.338,35.9468
404.341,37.9132
404.344,40.1366
404.346,42.4811
404.349,45.0376
404.352,47.8244
404.355,50.9729
404.358,54.2840
404.361,57.8772
404.363,61.7647
404.366,65.4897
404.368,69.4536
404.371,73.6481
404.373,77.8754
404.376,82.4596
404.378,86.9939
404.381,91.7984
404.383,96.4174
404.386,101.142
404.388,105.667
404.391,109.863
404.393,113.456
404.395,116.616
404.398,118.976
404.400,120.634
404.403,121.396
404.405,121.297
404.408,120.299
404.410,118.457
404.413,115.979
404.415,112.767
404.418,109.196
404.420,105.097
404.422,100.914
404.425,96.4098
404.427,91.8546
404.432,83.0765
404.435,78.7855
404.437,74.8321
404.440,70.9089
404.442,67.3415
404.445,63.5671
404.447,60.1709
404.450,57.0032
404.453,54.0551
404.455,51.3157
404.458,48.7728
404.460,46.4139
404.463,44.2260
404.466,42.1967
404.468,40.3140
404.471,38.5665
404.473,36.9434
404.476,35.4349
404.479,34.0316
404.481,32.7250
404.484,31.5074
404.487,30.3293
404.489,29.2713
404.492,28.2823
404.494,27.3567
404.497,26.4896
404.500,25.6765
404.502,24.9131
404.505,24.1957
404.507,23.5208
404.510,22.8852
404.513,22.2862
404.515,21.7209
404.518,21.1870
404.520,20.6823
404.523,20.2047
404.526,19.7524
404.531,18.9015
404.536,18.1496
404.541,17.4692
404.546,16.8518
404.552,16.2897
404.557,15.7766
404.562,15.3069
404.567,14.8758
404.573,14.4719
404.578,14.1066
404.583,13.7690
404.588,13.4562
404.593,13.1658
404.599,12.8957
404.604,12.6440
404.609,12.4090
404.614,12.1851
404.619,11.9794
404.625,11.7863
404.630,11.6049
404.635,11.4341
404.640,11.2731
404.651,10.9775
404.661,10.7102
404.672,10.4720
404.682,10.2565
404.692,10.0608
404.703,9.88065
404.713,9.71733
404.724,9.56724
404.734,9.42884
404.744,9.30081
404.755,9.18200
404.765,9.07144
404.776,8.96826
404.786,8.87081
404.797,8.78030
404.817,8.61499
404.838,8.46686
404.859,8.33431
404.880,8.21367
404.901,8.10415
404.922,8.00359
404.942,7.91074
404.963,7.82413
404.984,7.74372
405.005,7.66800
405.026,7.59708
405.067,7.46623
405.109,7.34809
405.151,7.23963
405.192,7.13932
405.234,7.04572
405.276,6.95774
405.318,6.87454
405.359,6.79543
405.443,6.64764
405.526,6.51090
405.609,6.38358
405.693,6.26417
405.776,6.15231
405.859,6.04753
405.943,5.95014
406.026,5.86068
406.109,5.78016
406.193,5.70970
406.276,5.65131
406.360,5.60733
406.401,5.59176
406.443,5.58116
406.485,5.57608
406.526,5.57724
406.568,5.58550
406.610,5.60186
406.651,5.62754
406.693,5.66409
406.735,5.71350
406.776,5.77826
406.818,5.86246
406.860,5.97176
406.881,6.03877
406.901,6.11586
406.922,6.20589
406.943,6.31259
406.964,6.44236
406.974,6.51803
406.985,6.60311
406.995,6.70072
407.006,6.81186
407.016,6.94125
407.026,7.09415
407.037,7.27991
407.042,7.38675
407.047,7.50564
407.053,7.63864
407.058,7.78828
407.063,7.95764
407.068,8.15045
407.073,8.37129
407.079,8.62571
407.084,8.92044
407.089,9.26352
407.094,9.66431
407.097,9.88961
407.099,10.1333
407.102,10.3969
407.105,10.6815
407.107,10.9884
407.110,11.3184
407.114,11.9748
407.119,12.7043
407.124,13.4917
407.129,14.3037
407.133,15.0851
407.136,15.4483
407.138,15.7600
407.140,16.0362
407.143,16.2445
407.145,16.3948
407.147,16.4694
407.150,16.4725
407.152,16.4049
407.154,16.2652
407.157,16.0722
407.159,15.8182
407.161,15.5344
407.166,14.8730
407.171,14.1639
407.176,13.4648
407.180,12.8119
407.185,12.2236
407.189,11.7996
407.193,11.4214
407.196,11.0865
407.200,10.7916
407.204,10.5327
407.208,10.3062
407.212,10.1085
407.215,9.93611
407.219,9.78617
407.223,9.65598
407.227,9.54321
407.231,9.44583
407.238,9.29036
407.246,9.17797
407.253,9.09993
407.261,9.04963
407.269,9.02204
407.276,9.01333
407.291,9.04134
407.306,9.11637
407.322,9.22921
407.337,9.37313
407.352,9.54417
407.367,9.73994
407.382,9.95913
407.398,10.2012
407.413,10.4661
407.428,10.7523
407.443,11.0644
407.458,11.4017
407.474,11.7656
407.489,12.1578
407.504,12.5802
407.519,13.0350
407.534,13.5248
407.549,14.0489
407.565,14.6174
407.580,15.2306
407.595,15.8926
407.610,16.6031
407.625,17.3766
407.641,18.2143
407.656,19.1230
407.671,20.1031
407.686,21.1762
407.701,22.3454
407.716,23.6216
407.732,25.0174
407.747,26.5470
407.754,27.3671
407.762,28.2269
407.770,29.1290
407.777,30.0760
407.785,31.0707
407.792,32.1022
407.800,33.2012
407.808,34.3579
407.815,35.5761
407.823,36.8602
407.830,38.2145
407.838,39.6441
407.846,41.1543
407.853,42.7295
407.861,44.4178
407.868,46.2059
407.876,48.1013
407.883,50.1123
407.891,52.2480
407.899,54.5185
407.906,56.9345
407.914,59.4733
407.921,62.2157
407.929,65.1434
407.937,68.2726
407.944,71.6213
407.952,75.2091
407.959,79.0581
407.967,83.1926
407.975,87.6399
407.982,92.4302
407.990,97.5973
407.997,103.179
408.005,109.218
408.013,115.761
408.020,122.862
408.028,130.580
408.035,138.867
408.043,148.020
408.050,158.018
408.058,168.956
408.066,180.942
408.073,194.096
408.081,208.556
408.088,224.472
408.096,241.771
408.100,251.196
408.104,261.097
408.107,271.502
408.111,282.436
408.115,293.928
408.119,306.007
408.123,318.701
408.126,332.042
408.130,346.058
408.134,360.781
408.138,376.239
408.142,392.461
408.145,409.473
408.149,427.300
408.153,445.961
408.157,464.948
408.163,496.912
408.168,530.948
408.174,566.994
408.180,604.256
408.186,643.788
408.192,683.906
408.204,766.568
408.209,807.703
408.215,847.253
408.221,884.145
408.227,916.708
408.233,944.937
408.239,966.856
408.245,982.358
408.250,990.334
408.256,990.787
408.262,983.598
408.268,969.198
408.274,948.717
408.280,922.377
408.286,892.103
408.292,857.941
408.297,822.079
408.309,745.877
408.321,670.850
408.327,634.513
408.333,600.197
408.338,566.914
408.344,535.907
408.349,513.054
408.353,491.730
408.358,471.409
408.362,452.071
408.366,433.693
408.371,416.242
408.375,399.685
408.380,383.986
408.384,368.777
408.388,354.696
408.393,341.356
408.397,328.719
408.402,316.749
408.406,305.410
408.410,294.667
408.415,284.487
408.424,265.490
408.433,248.611
408.441,233.418
408.450,219.725
408.459,207.372
408.468,196.215
408.477,186.129
408.485,177.005
408.494,168.658
408.503,161.192
408.512,154.435
408.521,148.325
408.529,142.804
408.538,137.827
408.547,133.352
408.556,129.342
408.565,125.730
408.574,122.571
408.582,119.800
408.591,117.399
408.600,115.356
408.609,113.659
408.618,112.302
408.626,111.282
408.635,110.593
408.644,110.254
408.653,110.262
408.662,110.630
408.670,111.371
408.679,112.506
408.688,114.061
408.697,116.066
408.706,118.592
408.715,121.628
408.723,125.256
408.732,129.543
408.741,134.568
408.750,140.429
408.759,147.242
408.763,151.048
408.767,155.147
408.772,159.665
408.776,164.425
408.781,169.552
408.785,175.076
408.789,181.029
408.794,187.448
408.798,194.374
408.803,201.850
408.807,209.928
408.811,218.661
408.816,228.113
408.820,238.351
408.825,249.452
408.829,261.502
408.833,274.596
408.838,288.841
408.842,304.725
408.847,321.677
408.851,340.185
408.856,360.416
408.860,382.556
408.864,406.810
408.869,433.407
408.873,462.598
408.878,494.658
408.882,529.883
408.886,568.590
408.891,611.109
408.895,657.776
408.900,708.915
408.904,764.819
408.908,825.716
408.912,879.343
408.916,936.378
408.919,996.705
408.923,1060.07
408.926,1126.07
408.930,1194.06
408.937,1330.47
408.941,1398.36
408.944,1463.32
408.948,1523.54
408.951,1575.71
408.955,1620.94
408.959,1655.88
408.962,1679.11
408.966,1689.53
408.969,1687.35
408.973,1672.30
408.976,1645.15
408.980,1607.18
408.984,1560.02
408.987,1505.51
408.991,1445.53
408.994,1383.68
409.002,1251.74
409.009,1123.33
409.012,1060.98
409.016,1001.20
409.019,944.313
409.023,891.940
409.027,830.303
409.032,774.561
409.036,723.119
409.040,675.767
409.045,631.282
409.049,591.408
409.053,554.814
409.058,521.226
409.062,489.700
409.066,461.420
409.071,435.413
409.075,411.472
409.079,388.914
409.084,368.590
409.088,349.810
409.092,332.434
409.097,315.974
409.101,301.062
409.105,287.207
409.109,274.317
409.114,262.038
409.118,250.851
409.122,240.401
409.127,230.626
409.131,221.264
409.135,212.691
409.140,204.641
409.144,197.074
409.148,189.952
409.153,183.241
409.157,176.911
409.161,170.933
409.166,165.155
409.170,159.816
409.179,149.963
409.187,140.991
409.196,132.981
409.205,125.635
409.213,119.031
409.222,113.004
409.230,107.488
409.239,102.368
409.248,97.7120
409.256,93.3690
409.265,89.4006
409.274,85.6814
409.282,82.2679
409.291,79.0908
409.299,76.1280
409.308,73.3287
409.317,70.7398
409.325,68.2852
409.334,66.0075
409.343,63.8411
409.351,61.8246
409.360,59.9224
409.369,58.1257
409.377,56.4070
409.386,54.7986
409.403,51.8096
409.420,49.1116
409.438,46.6796
409.455,44.4528
409.472,42.4189
409.490,40.5547
409.507,38.8502
409.524,37.2688
409.541,35.8063
409.559,34.4504
409.576,33.1972
409.593,32.0227
409.610,30.9264
409.628,29.9009
409.645,28.9453
409.662,28.0429
409.680,27.1945
409.697,26.3956
409.714,25.6466
409.749,24.2628
409.783,23.0275
409.818,21.9143
409.852,20.9142
409.887,20.0088
409.921,19.1932
409.956,18.4543
409.990,17.7899
410.025,17.1908
410.060,16.6564
410.094,16.1806
410.129,15.7642
410.163,15.4038
410.198,15.1003
410.232,14.8547
410.267,14.6689
410.302,14.5446
410.336,14.4864
410.371,14.4989
410.405,14.5884
410.422,14.6648
410.440,14.7637
410.457,14.8865
410.474,15.0337
410.492,15.2088
410.509,15.4127
410.526,15.6475
410.543,15.9138
410.561,16.2173
410.569,16.3843
410.578,16.5592
410.587,16.7467
410.595,16.9428
410.604,17.1500
410.612,17.3689
410.621,17.6026
410.630,17.8463
410.638,18.1063
410.647,18.3772
410.656,18.6658
410.664,18.9663
410.673,19.2826
410.682,19.6154
410.690,19.9697
410.699,20.3381
410.708,20.7303
410.716,21.1380
410.725,21.5719
410.733,22.0231
410.742,22.4975
410.751,22.9964
410.759,23.5275
410.768,24.0798
410.777,24.6679
410.785,25.2798
410.794,25.9315
410.803,26.6100
410.811,27.3245
410.820,28.0773
410.828,28.8801
410.837,29.7171
410.846,30.6105
410.854,31.5427
410.863,32.5388
410.872,33.5794
410.880,34.6794
410.889,35.8428
410.898,37.0891
410.906,38.3944
410.915,39.7948
410.923,41.2639
410.932,42.8427
410.941,44.5021
410.949,46.2676
410.958,48.1481
410.967,50.1773
410.975,52.3197
410.984,54.6374
410.993,57.0908
411.001,59.7527
411.010,62.5790
411.018,65.6187
411.027,68.8938
411.036,72.4718
411.044,76.2991
411.049,78.3794
411.053,80.4983
411.057,82.7070
411.062,85.0107
411.066,87.4720
411.070,89.9854
411.075,92.6120
411.079,95.3590
411.083,98.2337
411.088,101.245
411.092,104.400
411.096,107.711
411.101,111.269
411.105,114.925
411.109,118.770
411.113,122.817
411.118,127.184
411.122,131.687
411.126,136.442
411.131,141.466
411.135,146.910
411.139,152.548
411.144,158.526
411.148,164.871
411.152,171.616
411.157,178.792
411.161,186.437
411.165,194.592
411.170,203.510
411.174,212.837
411.178,222.821
411.183,233.523
411.187,245.284
411.191,257.641
411.196,270.929
411.200,285.232
411.204,301.010
411.209,317.644
411.213,335.579
411.217,354.918
411.221,375.766
411.226,398.225
411.230,422.388
411.234,448.336
411.238,474.793
411.243,502.944
411.247,532.772
411.251,564.202
411.255,597.094
411.259,631.221
411.267,700.911
411.275,771.097
411.279,804.356
411.283,835.329
411.288,863.189
411.292,887.166
411.296,906.609
411.300,920.762
411.304,930.100
411.308,934.223
411.312,933.400
411.316,928.115
411.320,919.021
411.324,906.872
411.328,892.458
411.332,876.958
411.341,843.494
411.349,811.497
411.353,797.092
411.357,784.127
411.361,772.795
411.365,763.441
411.369,756.189
411.373,750.575
411.377,746.625
411.380,744.390
411.384,743.754
411.388,744.749
411.392,747.426
411.395,751.640
411.399,757.618
411.403,765.047
411.407,774.332
411.410,784.995
411.414,797.626
411.418,811.581
411.422,827.639
411.425,844.985
411.429,864.595
411.433,885.477
411.437,908.810
411.440,933.417
411.444,960.687
411.448,989.246
411.452,1020.71
411.455,1053.48
411.459,1089.41
411.463,1126.69
411.467,1167.39
411.470,1209.45
411.474,1255.21
411.478,1302.33
411.482,1353.41
411.485,1405.80
411.491,1493.24
411.497,1587.18
411.503,1687.46
411.508,1793.68
411.514,1905.19
411.520,2021.01
411.532,2257.47
411.537,2376.08
411.543,2490.79
411.549,2598.50
411.555,2695.87
411.561,2779.58
411.566,2846.50
411.572,2894.02
411.578,2920.02
411.584,2924.52
411.589,2906.97
411.595,2868.49
411.601,2811.04
411.607,2737.26
411.613,2650.14
411.618,2552.83
411.624,2450.24
411.636,2230.87
411.647,2011.57
411.653,1905.80
411.659,1803.92
411.665,1706.56
411.670,1615.62
411.676,1531.04
411.682,1452.60
411.687,1378.69
411.693,1309.19
411.698,1243.94
411.704,1182.74
411.709,1125.40
411.715,1071.68
411.720,1020.49
411.726,973.437
411.731,929.357
411.737,888.052
411.742,849.331
411.748,813.012
411.753,778.925
411.759,746.911
411.764,716.293
411.770,688.025
411.775,661.415
411.781,636.347
411.786,612.712
411.792,590.408
411.797,569.345
411.803,549.435
411.808,530.268
411.814,512.454
411.819,495.574
411.825,479.567
411.830,464.374
411.836,449.944
411.847,423.177
411.858,398.709
411.869,376.679
411.880,356.598
411.891,338.244
411.902,321.280
411.913,305.844
411.924,291.630
411.935,278.512
411.946,266.274
411.957,255.038
411.968,244.604
411.979,234.897
411.990,225.849
412.001,217.401
412.012,209.500
412.023,202.099
412.034,195.095
412.045,188.575
412.056,182.440
412.067,176.660
412.078,171.159
412.089,166.012
412.100,161.143
412.111,156.534
412.122,152.126
412.133,147.982
412.144,144.045
412.155,140.303
412.178,133.316
412.200,126.995
412.222,121.202
412.244,115.925
412.266,111.060
412.288,106.601
412.310,102.467
412.332,98.6594
412.354,95.1268
412.376,91.8422
412.398,88.7682
412.420,85.9115
412.442,83.2273
412.464,80.7235
412.486,78.3625
412.508,76.1525
412.530,74.0618
412.552,72.0988
412.574,70.2361
412.596,68.4823
412.618,66.8135
412.640,65.2382
412.663,63.7356
412.685,62.3136
412.707,60.9602
412.729,59.6705
412.773,57.2607
412.817,55.0601
412.861,53.0430
412.905,51.1877
412.949,49.4758
412.993,47.8912
413.037,46.4204
413.081,45.0544
413.125,43.7767
413.169,42.5816
413.214,41.4611
413.258,40.4082
413.302,39.4169
413.346,38.4816
413.390,37.5976
413.434,36.7625
413.478,35.9687
413.522,35.2148
413.566,34.4979
413.610,33.8156
413.654,33.1657
413.699,32.5464
413.743,31.9568
413.787,31.3973
413.831,30.8655
413.853,30.6102
413.875,30.3639
413.897,30.1246
413.919,29.8950
413.941,29.6736
413.963,29.4634
413.985,29.2636
414.007,29.0772
414.029,28.9046
414.051,28.7496
414.073,28.6140
414.084,28.5551
414.095,28.5028
414.106,28.4577
414.117,28.4207
414.128,28.3927
414.139,28.3747
414.150,28.3679
414.161,28.3740
414.172,28.3944
414.183,28.4313
414.195,28.4874
414.206,28.5646
414.217,28.6664
414.228,28.7969
414.239,28.9622
414.250,29.1651
414.261,29.4138
414.272,29.7164
414.277,29.8911
414.283,30.0833
414.288,30.2946
414.294,30.5270
414.299,30.7825
414.305,31.0634
414.310,31.3724
414.316,31.7123
414.321,32.0937
414.327,32.5067
414.332,32.9622
414.338,33.4650
414.343,34.0206
414.349,34.6355
414.354,35.3170
414.360,36.0735
414.365,36.9309
414.371,37.8701
414.376,38.9188
414.382,40.0924
414.387,41.4092
414.393,42.8903
414.398,44.5611
414.404,46.4516
414.407,47.5096
414.409,48.6391
414.412,49.8460
414.415,51.0891
414.418,52.4676
414.420,53.8901
414.423,55.4705
414.426,57.1046
414.429,58.9238
414.431,60.8086
414.434,62.9112
414.437,65.0945
414.440,67.5354
414.442,70.0754
414.445,72.9214
414.448,75.8896
414.451,79.2227
414.453,82.7066
414.456,86.6271
414.459,90.7335
414.462,95.3638
414.464,100.223
414.467,105.711
414.470,111.477
414.473,117.998
414.475,124.856
414.478,132.612
414.481,140.766
414.484,149.979
414.485,154.892
414.486,159.645
414.488,164.976
414.489,170.532
414.491,176.318
414.492,181.902
414.493,187.691
414.495,193.688
414.496,199.892
414.497,205.802
414.498,212.401
414.500,219.201
414.501,226.195
414.502,232.815
414.503,240.155
414.505,247.657
414.506,255.302
414.507,262.469
414.509,270.330
414.510,277.652
414.511,285.624
414.512,292.992
414.515,308.826
414.517,323.604
414.520,338.107
414.522,350.812
414.525,362.296
414.528,371.288
414.530,377.946
414.533,382.038
414.534,383.107
414.535,383.443
414.538,382.052
414.540,377.887
414.543,371.501
414.545,362.716
414.548,352.572
414.550,341.141
414.553,328.785
414.555,315.315
414.558,302.070
414.561,288.260
414.563,275.151
414.566,261.862
414.568,249.528
414.571,237.708
414.573,226.450
414.575,218.287
414.577,210.467
414.579,202.991
414.581,195.856
414.583,189.052
414.585,182.573
414.586,176.407
414.588,170.843
414.590,165.252
414.592,159.939
414.594,154.889
414.596,150.337
414.598,145.765
414.600,141.419
414.601,137.288
414.603,133.562
414.605,129.817
414.607,126.253
414.609,122.862
414.611,119.633
414.615,113.625
414.618,108.301
414.622,103.316
414.626,98.8804
414.630,94.7102
414.633,90.9856
414.637,87.4697
414.641,84.2352
414.645,81.2538
414.648,78.5701
414.652,76.0171
414.656,73.7106
414.660,71.5086
414.663,69.5123
414.667,67.6001
414.671,65.8155
414.675,64.1472
414.679,62.6252
414.682,61.1583
414.686,59.8161
414.690,58.5190
414.694,57.3290
414.697,56.1760
414.701,55.0877
414.705,54.0593
414.709,53.1111
414.712,52.1881
414.716,51.3353
414.724,49.7331
414.731,48.2633
414.739,46.9453
414.746,45.7425
414.754,44.6413
414.761,43.6169
414.769,42.6862
414.776,41.8263
414.784,41.0299
414.791,40.2902
414.799,39.6018
414.806,38.9594
414.814,38.3588
414.821,37.7888
414.829,37.2609
414.836,36.7644
414.844,36.2966
414.852,35.8492
414.859,35.4320
414.867,35.0368
414.874,34.6621
414.882,34.3015
414.889,33.9632
414.904,33.3337
414.919,32.7562
414.934,32.2308
414.949,31.7445
414.964,31.2983
414.979,30.8819
414.994,30.4972
415.010,30.1356
415.025,29.7994
415.040,29.4837
415.055,29.1863
415.070,28.9037
415.085,28.6381
415.100,28.3846
415.115,28.1452
415.130,27.9157
415.145,27.6981
415.175,27.2897
415.205,26.9141
415.235,26.5666
415.265,26.2434
415.295,25.9422
415.325,25.6585
415.355,25.3911
415.386,25.1382
415.416,24.8990
415.446,24.6706
415.476,24.4525
415.506,24.2439
415.536,24.0445
415.596,23.6670
415.656,23.3158
415.716,22.9869
415.777,22.6776
415.837,22.3844
415.897,22.1058
415.957,21.8398
416.017,21.5856
416.077,21.3410
416.138,21.1054
416.198,20.8779
416.258,20.6580
416.318,20.4442
416.378,20.2367
416.438,20.0342
416.499,19.8368
416.559,19.6434
416.619,19.4541
416.679,19.2683
416.739,19.0860
416.799,18.9065
416.860,18.7297
416.920,18.5554
416.980,18.3837
417.040,18.2141
417.100,18.0469
417.161,17.8821
417.191,17.8007
417.221,17.7204
417.251,17.6405
417.281,17.5616
417.311,17.4837
417.341,17.4073
417.371,17.3319
417.401,17.2580
417.431,17.1860
417.461,17.1163
417.491,17.0488
417.521,16.9844
417.552,16.9234
417.582,16.8667
417.612,16.8152
417.642,16.7697
417.672,16.7318
417.702,16.7030
417.717,16.6925
417.732,16.6852
417.747,16.6813
417.762,16.6812
417.777,16.6853
417.792,16.6941
417.807,16.7081
417.822,16.7279
417.837,16.7544
417.852,16.7881
417.867,16.8304
417.882,16.8816
417.898,16.9438
417.913,17.0174
417.928,17.1044
417.943,17.2067
417.958,17.3272
417.973,17.4668
417.988,17.6304
418.003,17.8191
418.018,18.0397
418.033,18.2939
418.048,18.5911
418.063,18.9340
418.078,19.3357
418.086,19.5594
418.093,19.8009
418.101,20.0656
418.108,20.3482
418.116,20.6541
418.123,20.9855
418.131,21.3497
418.138,21.7400
418.146,22.1641
418.153,22.6253
418.161,23.1276
418.168,23.6752
418.176,24.2732
418.183,24.9270
418.191,25.6530
418.198,26.4394
418.206,27.3036
418.213,28.2551
418.221,29.3194
418.228,30.4813
418.236,31.7687
418.243,33.1986
418.251,34.8131
418.259,36.5935
418.266,38.5871
418.274,40.8265
418.281,43.3501
418.285,44.7517
418.289,46.2042
418.292,47.7936
418.296,49.4441
418.300,51.2536
418.304,53.1365
418.307,55.2054
418.311,57.4233
418.315,59.8038
418.319,62.2921
418.322,65.0392
418.326,67.9181
418.330,71.1045
418.334,74.4527
418.337,78.1689
418.341,82.1951
418.345,86.5637
418.349,91.1811
418.351,93.7041
418.353,96.3372
418.354,99.0867
418.356,101.804
418.358,104.799
418.360,107.929
418.362,111.203
418.364,114.445
418.366,118.022
418.368,121.768
418.369,125.693
418.371,129.807
418.373,134.120
418.375,138.646
418.377,143.395
418.379,148.113
418.381,153.336
418.383,158.826
418.385,164.596
418.386,170.337
418.388,176.703
418.390,183.403
418.392,190.456
418.394,197.483
418.396,205.284
418.398,213.504
418.400,222.166
418.401,230.803
418.403,240.400
418.405,250.517
418.407,261.181
418.409,271.815
418.411,283.629
418.413,296.076
418.415,309.185
418.416,322.240
418.418,336.717
418.420,351.935
418.422,367.914
418.424,383.772
418.425,397.528
418.427,410.816
418.428,424.537
418.430,438.688
418.431,454.322
418.432,469.343
418.434,484.765
418.435,500.570
418.438,534.418
418.441,568.282
418.444,602.934
418.447,637.881
418.449,673.728
418.452,707.240
418.455,739.903
418.458,768.530
418.461,794.175
418.464,814.189
418.466,828.808
418.469,837.509
418.469,108.031
500.000,93.9491
520.000,92.5686
540.000,91.1881
560.000,89.8076
620.000,85.6661
700.000,80.1440
780.000,76.8623
800.000,76.0419
860.000,73.5806
900.000,71.9397
940.000,70.2989
960.000,69.4784
980.000,68.6580
1000.00,67.8376
1100.00,65.9916
1300.00,62.2996
1500.00,58.6076
1800.00,53.0697
2000.00,49.3777
2200.00,48.2862
2500.00,46.6489
2800.00,45.0115
3000.00,43.9200
3500.00,41.1911
3600.00,40.6454
3800.00,39.5538
4200.00,37.3707
4400.00,36.2792
4600.00,35.1876
5000.00,33.0045
6000.00,30.8245
7000.00,28.6445
7200.00,28.3855
8500.00,26.7020
10000.0,24.7595
12000.0,23.5951
12500.0,23.3041
15000.0,21.8486
17000.0,20.6843
18000.0,20.1021
20000.0,18.9378
22000.0,18.5769
26000.0,17.8551
32000.0,16.7725
37075.5,15.8566
37654.3,15.7522
50000.0,13.8078
70000.0,12.4597
98001.6,11.3498
100000,11.2805
102928,11.2143
128648,10.6582
199271,9.47694
200000,9.46562
223623,9.24720
262062,8.96017
277033,8.84914
300000,8.67890
319594,8.58999
353618,8.43729
400000,8.26122
404595,8.24038
408818,8.22169
416439,8.20101
451137,8.10689
471347,8.05230
479129,8.04519
495000,8.03089
500000,8.02653
508006,8.00094
542342,7.89348
593529,7.78901
594475,7.78708
602267,7.77124
630118,7.74087
645743,7.73893
649805,7.74238
663861,7.75484
669864,7.76017
682703,7.77156
700000,7.78869
710635,7.77153
733298,7.73521
750571,7.71663
780564,7.69209
786194,7.68748
801447,7.67502
806374,7.67422
850000,7.69193
1.00000E+06,7.62875
1.30000E+06,7.55740
1.50000E+06,7.52650
1.80000E+06,7.47781
2.00000E+06,7.43516
2.25000E+06,7.36500
2.50000E+06,7.27441
2.75000E+06,7.16481
3.00000E+06,7.04029
3.20000E+06,6.93342
3.40000E+06,6.82297
3.60000E+06,6.71115
3.80000E+06,6.59952
4.00000E+06,6.48915
4.20000E+06,6.38077
4.40000E+06,6.27488
4.60000E+06,6.17189
4.80000E+06,6.07215
5.00000E+06,5.97601
5.50000E+06,5.75339
6.00000E+06,5.55873
6.66113E+06,5.33537
7.00000E+06,5.25764
8.00000E+06,5.07403
9.00000E+06,4.99313
1.00000E+07,4.98721
1.10000E+07,5.03050
1.20000E+07,5.10342
1.30000E+07,5.19010
1.40000E+07,5.27695
1.50000E+07,5.35380
1.60000E+07,5.41466
1.70000E+07,5.45683
1.80000E+07,5.47979
1.90000E+07,5.48407
2.00000E+07,5.47080
